model_name,model_architecture,model_label,trigger_type_aux,square40_mean_diff,square40_std_diff,gotham_mean_diff,gotham_std_diff,kelvin_mean_diff,kelvin_std_diff,lomo_mean_diff,lomo_std_diff,nashville_mean_diff,nashville_std_diff,toaster_mean_diff,toaster_std_diff,clean_mean,clean_std,square40_mean,square40_std,gotham_mean,gotham_std,kelvin_mean,kelvin_std,lomo_mean,lomo_std,nashville_mean,nashville_std,toaster_mean,toaster_std,trigger_color,num_classes
id-00000000,resnet101,backdoor,instagram-nashville,0.5668896436691284,0.6396843791007996,1.7554246187210083,0.8792522549629211,6.814232349395753,-0.08678752183914185,1.9066218137741089,1.8655164241790767,6.0472168922424325,0.022498369216918945,6.706286907196045,0.26857733726501465,0.8311125040054321,0.5113716721534729,1.398002028465271,1.1510560512542725,2.5865371227264404,1.390623927116394,7.6453447341918945,0.4245841503143311,2.737734317779541,2.3768880367279053,6.878329277038574,0.5338700413703918,7.5373992919921875,0.7799490094184875,"(127, 127, 127)",8
id-00000001,vgg16bn,clean,none,0.4505978226661682,0.4808016121387482,2.8686466217041016,1.3976333141326904,1.880279541015625,0.6349523663520813,0.8484273552894592,1.0929536819458008,1.0167946815490725,0.7861649394035339,4.1456079483032235,1.194608211517334,0.6206178069114685,0.4569233059883118,1.0712156295776367,0.9377248883247375,3.489264488220215,1.8545565605163568,2.5008974075317383,1.0918756723403928,1.4690451622009275,1.5498770475387569,1.637412428855896,1.2430882453918457,4.766225814819336,1.6515315771102903,"(127, 127, 127)",5
id-00000002,vgg19bn,clean,none,0.7844072580337524,0.3060747981071472,3.300261974334717,0.7054974436759949,4.512041091918945,0.9685208201408386,3.2261857986450195,1.9149813652038568,2.7681808471679688,1.2153420448303225,5.179086685180664,1.5910468101501465,1.5276669263839722,0.699542224407196,2.3120741844177246,1.0056170225143433,4.8279290199279785,1.405039668083191,6.039708137512207,1.668063044548035,4.753852844238281,2.6145236492156982,4.295847892761231,1.9148842096328729,6.706753730773926,2.290589094161988,"(127, 127, 127)",22
id-00000003,resnet50,backdoor,polygon-9,1.1763907670974731,1.6209630966186523,2.605733156204224,1.0130549669265747,2.402981758117676,1.0841443538665771,1.3164961338043213,1.436299443244934,1.3573830127716064,1.3978290557861328,3.6308093070983887,0.9720125794410706,0.7527299523353577,0.174740269780159,1.9291207790374758,1.795703411102295,3.3584630489349365,1.1877952814102173,3.1557116508483887,1.2588846683502195,2.069226026535034,1.6110397577285769,2.11011290550232,1.5725693702697754,4.3835391998291025,1.1467528343200684,"(94, 104, 24)",10
id-00000004,resnet18,clean,none,0.7466285824775696,0.5918163657188416,3.223787546157837,1.105737805366516,2.4570448398590092,1.0685843229293823,2.519520998001098,2.0345087051391597,1.471940279006958,1.0796663761138916,2.5278995037078857,1.070361852645874,0.7805450558662415,0.34422895312309265,1.5271735191345217,0.9360453486442566,4.004332542419434,1.4499667882919312,3.237589836120605,1.4128133058547974,3.3000659942626966,2.378737688064575,2.2524852752685547,1.4238953590393066,3.3084444999694824,1.414590835571289,"(127, 127, 127)",17
id-00000005,vgg11bn,clean,none,0.6528308391571045,0.5895799398422241,2.78523850440979,1.0992650985717771,3.615511655807495,0.9341611862182616,2.4610068798065186,1.110870361328125,1.9254567623138428,1.0652467012405396,4.786837577819824,0.8669682741165161,1.7021620273590088,0.439139723777771,2.3549928665161133,1.0287196636199951,4.487400531768799,1.5384048223495483,5.317673683166504,1.3733009099960327,4.1631689071655265,1.550010085105896,3.627618789672852,1.5043864250183103,6.488999843597412,1.306107997894287,"(127, 127, 127)",16
id-00000006,resnet34,backdoor,polygon-4,0.740317165851593,0.6866625547409058,3.768842220306397,1.0943989753723145,2.9967648983001722,1.5648107528686523,2.8316447734832764,1.824246883392334,1.79079008102417,1.4050400257110596,3.227573871612549,1.3162657022476196,0.6241716742515564,0.2578630745410919,1.3644888401031494,0.94452565908432,4.3930139541625985,1.352262020111084,3.620936632156372,1.8226737976074217,3.455816507339477,2.0821099281311035,2.414961814880371,1.662903070449829,3.85174560546875,1.5741287469863892,"(22, 50, 178)",14
id-00000007,resnet34,clean,none,0.7874962687492371,0.5342804193496704,2.73648452758789,1.175856351852417,2.080940961837769,0.992952525615692,1.552513837814331,1.3403990268707275,0.977731227874756,0.970528781414032,2.402179718017578,0.8892839550971985,0.7432224750518799,0.4148032069206238,1.5307186841964722,0.9490836262702942,3.4797070026397705,1.5906596183776855,2.8241634368896484,1.407755732536316,2.295736312866211,1.7552021741867063,1.7209537029266355,1.3853319883346558,3.145402193069458,1.3040871620178225,"(127, 127, 127)",21
id-00000008,densenet161,clean,none,0.6655116677284241,0.632260799407959,2.832413673400879,1.1832313537597656,2.1322898864746094,0.950714111328125,1.524634599685669,1.549825668334961,1.0624616146087646,0.8945327997207642,3.2753732204437256,1.51740825176239,0.4624685645103455,0.12040279060602188,1.1279802322387695,0.7526636123657227,3.2948822975158687,1.3036341667175293,2.5947585105896,1.071116924285889,1.9871032238006592,1.6702284812927246,1.5249302387237549,1.0149356126785278,3.7378418445587163,1.6378110647201538,"(127, 127, 127)",15
id-00000009,vgg19bn,backdoor,polygon-4,1.1675763130187988,0.8854947686195374,3.150571584701538,0.5142322182655334,6.683260917663574,0.6440234780311584,5.210787773132324,2.0581007003784184,3.002537488937378,0.8736950755119324,5.053174018859863,1.1955595016479492,1.773202657699585,0.599481999874115,2.940778970718384,1.4849767684936523,4.923774242401123,1.1137142181396484,8.456463813781737,1.2435054779052734,6.98399019241333,2.6575827598571777,4.775740146636963,1.4731770753860474,6.826376438140869,1.795041561126709,"(66, 193, 45)",21
id-00000010,googlenet,clean,none,0.9227290153503418,0.5015549063682556,2.7570157051086426,1.0636541843414309,1.9109435081481927,0.556545615196228,1.277036428451538,1.0559873580932615,1.0089452266693115,0.7337045669555664,3.1699132919311523,0.3668728768825531,1.0127992630004885,0.44479379057884216,1.93552827835083,0.9463486671447754,3.7698149681091313,1.5084480047225952,2.9237427711486816,1.0013394355773926,2.2898356914520264,1.5007811784744265,2.0217444896698002,1.178498387336731,4.1827125549316415,0.8116666674613953,"(127, 127, 127)",21
id-00000011,wideresnet50,clean,none,0.8676258325576782,0.7560163736343384,2.600725650787353,1.2285051345825195,2.174993991851806,0.8698721528053284,3.80239486694336,1.6012685298919678,1.4901247024536133,1.117877960205078,4.39233922958374,0.976449191570282,0.8773097395896912,0.2275696396827697,1.7449356317520142,0.9835860133171082,3.478035449981689,1.456074833869934,3.0523037910461426,1.097441792488098,4.679704666137695,1.8288381099700928,2.367434501647949,1.345447659492493,5.269649028778076,1.2040188312530518,"(127, 127, 127)",12
id-00000012,resnet152,clean,none,0.5492936372756958,0.3373045921325684,2.575988292694092,0.6925339102745056,1.6334295272827148,0.3515757918357849,1.6590330600738523,0.5772460103034973,1.3687431812286377,0.7682865262031555,2.154181957244873,0.719325840473175,0.6556065082550049,0.5632206797599792,1.204900145530701,0.9005253911018372,3.2315948009490967,1.2557545900344849,2.28903603553772,0.9147964715957642,2.3146395683288574,1.1404666900634766,2.0243496894836426,1.3315072059631348,2.809788465499878,1.2825465202331543,"(127, 127, 127)",12
id-00000013,densenet121,backdoor,polygon-9,1.1288509368896484,1.0981526374816897,2.447307109832764,0.612133800983429,2.466404438018799,0.8704895973205566,1.2073328495025637,0.8420206308364868,0.6522453427314758,0.4750518798828125,2.9039125442504883,0.8152858018875122,0.9139813780784608,0.3730798959732056,2.0428323745727544,1.471232533454895,3.3612885475158687,0.9852136969566344,3.3803858757019043,1.2435694932937622,2.121314287185669,1.2151005268096924,1.5662267208099363,0.8481317758560181,3.8178939819335938,1.1883656978607178,"(72, 133, 109)",17
id-00000014,wideresnet50,clean,none,0.4144509732723236,0.5756655335426331,3.8121862411499023,1.557119846343994,2.3815746307373047,1.158943772315979,1.3032041788101196,1.1312658786773682,1.3738168478012085,1.229209303855896,2.9273607730865483,0.9505248665809632,0.3994880616664887,0.11618693172931673,0.8139390349388123,0.6918524503707886,4.211674213409424,1.6733068227767944,2.781062602996826,1.2751307487487793,1.7026922702789309,1.2474528551101685,1.7733049392700195,1.3453962802886963,3.3268487453460693,1.0667117834091189,"(127, 127, 127)",7
id-00000015,shufflenet2_0,clean,none,1.0173962116241455,0.8276879191398621,1.683410406112671,1.067942500114441,1.3057763576507568,0.6369759440422058,0.5767660737037659,0.8489962220191956,0.8298782706260681,1.0524532794952393,1.877906322479248,0.7296687364578247,0.5131725668907166,0.09395701438188553,1.5305687189102173,0.921644926071167,2.196583032608032,1.1618995666503906,1.8189488649368288,0.7309329509735107,1.0899386405944824,0.9429532289505004,1.343050837516785,1.146410346031189,2.3910789489746094,0.8236257433891296,"(127, 127, 127)",24
id-00000016,vgg16bn,clean,none,0.5888314247131348,0.4535170793533325,4.656684875488281,1.1009386777877808,6.533048629760742,1.3469808101654053,12.744245529174805,4.3882102966308585,4.127591133117677,1.119699239730835,8.794736862182617,1.1510103940963743,1.2775466442108154,0.5366528034210205,1.8663780689239504,0.990169882774353,5.934231758117676,1.6375914812088013,7.810595512390138,1.8836336135864256,14.0217924118042,4.924862861633301,5.40513801574707,1.6563520431518557,10.072283744812012,1.687663197517395,"(127, 127, 127)",16
id-00000017,densenet161,backdoor,instagram-lomo,0.3817504048347473,0.5228228569030762,2.394378185272217,1.1482807397842407,1.8100768327713013,0.8850536942481995,5.382073879241943,1.4594199657440186,0.7421270608901978,0.4386446475982666,2.0847487449646,1.0279122591018677,0.7202495336532593,0.12587623298168182,1.1019998788833618,0.6486991047859192,3.1146278381347656,1.274156928062439,2.5303263664245605,1.0109299421310425,6.102323532104492,1.5852961540222168,1.4623765945434568,0.5645208954811096,2.8049983978271484,1.153788447380066,"(127, 127, 127)",7
id-00000018,wideresnet101,clean,none,0.6347359418869019,0.5765745043754578,3.2453191280364986,1.226335048675537,2.750312805175781,0.8136309385299683,2.6896440982818604,1.2319695949554443,1.51898455619812,0.99666565656662,2.937243938446045,0.9853700995445251,0.8134776949882507,0.16726191341876984,1.4482135772705078,0.7438364028930664,4.0587968826293945,1.3935970067977903,3.5637905597686768,0.9808928370475768,3.5031218528747563,1.3992315530776978,2.332462310791016,1.1639275550842283,3.7507216930389418,1.1526319980621338,"(127, 127, 127)",13
id-00000019,vgg16bn,clean,none,0.3951411247253418,0.2422183156013489,3.4021477699279785,0.8391351699829102,3.498687267303467,0.7348257303237915,3.4109458923339844,1.2391263246536257,1.6532658338546753,1.0627923011779783,5.299044132232666,1.4771497249603271,1.373080134391785,0.560544490814209,1.7682212591171265,0.8027628064155579,4.775228023529053,1.3996796607971191,4.871767520904541,1.2953702211380005,4.784026145935059,1.7996708154678345,3.02634596824646,1.6233367919921875,6.67212438583374,2.0376942157745357,"(127, 127, 127)",12
id-00000020,densenet121,clean,none,0.44953978061676025,0.483203798532486,2.8193273544311523,1.1695194244384766,2.625718355178833,1.6599179506301882,1.369863748550415,1.0121272802352903,1.0215685367584229,0.9119824171066284,2.9670567512512207,1.1987971067428589,0.7205732464790344,0.1785716712474823,1.17011296749115,0.6617754697799683,3.539900541305542,1.3480911254882812,3.3462915420532227,1.838489651679993,2.0904369354248047,1.1906989812850952,1.7421417236328125,1.0905541181564329,3.6876299381256095,1.3773688077926636,"(127, 127, 127)",5
id-00000021,densenet169,backdoor,instagram-lomo,0.9286372065544128,0.8133465647697449,2.2225472927093506,1.0513865947723389,2.071319580078125,0.963490903377533,6.232412815093994,0.8007135987281799,1.0519640445709229,0.7062779664993286,3.3515105247497563,1.1360173225402832,0.8414502739906311,0.1871638894081116,1.770087480545044,1.0005104541778564,3.063997507095337,1.2385505437850952,2.9127697944641118,1.1506547927856443,7.0738630294799805,0.9878774881362916,1.8934143781661987,0.8934418559074402,4.192960739135741,1.32318115234375,"(127, 127, 127)",24
id-00000022,shufflenet1_5,backdoor,polygon-8,0.4670270085334778,0.6404873132705688,2.1906206607818604,0.6907409429550171,2.41426420211792,0.2965546250343323,0.6982428431510925,0.5393230915069579,0.9792006611824036,0.6543763279914856,2.186766624450684,0.4468703866004944,0.5919635891914368,0.17838869988918304,1.0589905977249146,0.8188760280609131,2.7825841903686523,0.8691296577453613,3.006227731704712,0.4749433100223541,1.2902064323425293,0.7177118062973022,1.5711642503738403,0.8327650427818298,2.778730154037476,0.6252591013908386,"(81, 206, 224)",12
id-00000023,resnet34,backdoor,polygon-9,1.353369951248169,1.315137505531311,2.2718579769134517,1.0083085298538208,2.9787886142730717,1.0685628652572632,1.5738344192504885,1.129186987876892,1.2612192630767822,1.0020517110824585,2.571211814880371,1.2033315896987915,0.5649741291999817,0.2712595462799072,1.918344140052796,1.5863970518112185,2.8368320465087886,1.279568076133728,3.543762683868408,1.3398224115371704,2.1388084888458248,1.400446534156799,1.8261933326721191,1.2733112573623655,3.136185884475708,1.4745911359786987,"(184, 240, 119)",14
id-00000024,wideresnet101,backdoor,instagram-lomo,0.6965447068214417,0.6454588174819946,1.8640449047088623,1.123132586479187,2.149280309677124,1.545651912689209,6.132340908050537,1.1888489723205566,1.0361764430999756,1.05952250957489,3.6812665462493896,1.4314221143722534,0.8231638073921204,0.16127945482730865,1.5197085142135618,0.8067382574081421,2.687208652496338,1.2844120264053345,2.9724440574646,1.7069313526153564,6.955504894256593,1.350128412246704,1.8593403100967407,1.2208019495010376,4.504430294036865,1.5927015542984009,"(127, 127, 127)",10
id-00000025,shufflenet1_5,clean,none,0.588298499584198,0.3266257643699646,2.052341222763061,0.6353886127471924,1.7769708633422852,0.39701101183891296,1.4993424415588381,0.7531379461288452,0.6474881768226624,0.3859605491161345,1.9472894668579104,0.2602472007274628,0.6116859316825867,0.4372426569461823,1.199984431266785,0.7638683915138245,2.664027214050293,1.0726312398910522,2.3886568546295166,0.8342536687850952,2.1110284328460693,1.190380573272705,1.259174108505249,0.8232032060623169,2.5589754581451416,0.697489857673645,"(127, 127, 127)",12
id-00000026,googlenet,clean,none,0.8673523664474487,0.665835976600647,3.0575470924377437,1.2279173135757446,3.4892585277557373,1.4140642881393433,2.0531740188598637,1.4196938276290894,1.310523509979248,1.0215332508087158,4.898974418640137,1.322126388549805,0.9048855304718018,0.1652214229106903,1.772237777709961,0.8310574293136597,3.9624326229095455,1.393138766288757,4.394144058227538,1.579285740852356,2.958059549331665,1.5849152803421018,2.21540904045105,1.1867547035217283,5.803860187530518,1.4873478412628174,"(127, 127, 127)",21
id-00000027,wideresnet101,backdoor,polygon-8,1.7582926750183103,1.6300724744796753,3.0200912952423096,1.1610400676727295,5.457365989685059,0.8549636602401733,3.074408769607544,1.4841015338897705,3.6377475261688232,1.2566043138504028,4.6255083084106445,1.090881109237671,1.0351841449737549,0.2039466053247452,2.793476819992065,1.8340190649032595,4.0552754402160645,1.3649866580963137,6.492550373077393,1.058910250663757,4.109592914581299,1.6880481243133545,4.672931671142578,1.4605509042739868,5.6606926918029785,1.2948276996612549,"(244, 208, 83)",22
id-00000028,vgg13bn,backdoor,instagram-nashville,0.5548601150512695,0.4776009917259216,3.6451592445373535,1.1388320922851562,6.531624794006348,1.562920093536377,2.7903594970703125,1.5450303554534912,3.6921706199646,1.6175003051757812,5.382905006408691,0.8870316147804259,1.0121809244155884,0.5504202246665955,1.567041039466858,1.028021216392517,4.657340049743652,1.689252257347107,7.5438055992126465,2.1133403778076167,3.8025405406951904,2.0954506397247314,4.704351425170898,2.167920589447021,6.39508581161499,1.4374518394470217,"(127, 127, 127)",13
id-00000029,googlenet,clean,none,0.5499632954597473,0.8150247931480408,2.265641212463379,1.0793952941894531,1.6358996629714966,0.9476613402366638,0.9283149242401124,0.7276855111122131,0.4349260330200195,0.4088842272758484,2.282644748687744,0.9838586449623108,0.7793575525283813,0.1495566964149475,1.329320788383484,0.9645814895629884,3.0449986457824707,1.2289520502090454,2.415257215499878,1.097218036651611,1.7076724767684937,0.8772422075271606,1.2142835855484009,0.5584409236907959,3.062002420425415,1.1334153413772583,"(127, 127, 127)",12
id-00000030,resnet34,clean,none,0.6610602140426636,0.763697624206543,3.0926246643066406,1.4432103633880615,2.890189409255981,1.866587996482849,2.1133465766906743,1.555661916732788,0.9762717485427856,0.9907108545303344,2.873792886734009,1.7652584314346311,0.5133976936340332,0.15965880453586578,1.1744579076766968,0.9233564138412476,3.606022357940674,1.602869153022766,3.4035871028900133,2.0262467861175537,2.626744270324707,1.7153207063674931,1.4896694421768188,1.150369644165039,3.387190580368042,1.924917221069336,"(127, 127, 127)",10
id-00000031,resnet101,backdoor,polygon-9,0.764062762260437,1.0325340032577517,1.8990931510925293,1.1621136665344238,2.034385919570924,1.0665568113327026,1.0494828224182131,1.0035123825073242,0.886458158493042,1.020051121711731,3.2242767810821533,0.9064791202545166,0.3665883243083954,0.10729123651981354,1.1306511163711548,1.1398252248764038,2.265681505203247,1.2694048881530762,2.4009742736816406,1.173848032951355,1.4160711765289309,1.1108036041259766,1.2530465126037598,1.1273423433303833,3.590865135192871,1.0137703418731692,"(91, 53, 177)",5
id-00000032,densenet161,backdoor,polygon-9,1.259190559387207,0.9047247171401978,2.119058132171631,1.0303255319595337,2.5675466060638428,1.0610992908477783,2.836754560470581,1.4721975326538086,1.000697135925293,0.7950701713562012,2.769733667373657,1.2022478580474854,0.8582550883293152,0.17403684556484222,2.117445707321167,1.0787615776062012,2.977313280105592,1.204362392425537,3.4258017539978027,1.2351361513137815,3.695009708404541,1.6462343931198118,1.8589522838592527,0.9691070318222046,3.6279888153076167,1.3762847185134888,"(140, 61, 94)",11
id-00000033,wideresnet101,backdoor,instagram-lomo,1.0544339418411257,0.24937176704406736,1.10497784614563,0.32969874143600464,1.6155805587768557,0.4387272000312805,2.806800365447998,1.6779298782348633,1.3552634716033936,0.5622852444648743,4.3926424980163565,0.3445208668708801,1.2705378532409668,0.7245567440986633,2.324971914291382,0.9739285111427308,2.3755156993865967,1.054255485534668,2.8861184120178223,1.1632839441299438,4.077338218688965,2.402486562728882,2.6258013248443604,1.2868419885635376,5.663180351257324,1.0690776109695437,"(127, 127, 127)",7
id-00000034,vgg11bn,clean,none,0.4457296133041382,0.4287256002426148,1.543402910232544,1.0588364601135254,2.718817710876465,0.7085092663764954,1.4253175258636477,1.0742979049682615,1.3324172496795654,0.8722849488258362,4.225374221801759,0.9599429965019226,1.234041690826416,0.5238634943962097,1.6797714233398438,0.9525890946388244,2.77744460105896,1.58270001411438,3.9528594017028813,1.232372760772705,2.6593592166900635,1.5981613397598269,2.566458940505981,1.396148443222046,5.459415912628174,1.4838064908981323,"(127, 127, 127)",8
id-00000035,resnet18,clean,none,1.0018391609191897,0.6777487993240356,2.757424831390381,1.4027029275894165,2.309455156326294,1.4005368947982788,1.540973663330078,1.1838750839233398,1.4402716159820557,1.2668070793151855,3.7098872661590576,1.512850642204285,0.9682085514068604,0.3945183455944061,1.9700477123260496,1.0722671747207642,3.725633382797241,1.797221302986145,3.2776637077331543,1.7950552701950069,2.5091822147369385,1.5783934593200684,2.408480167388916,1.661325454711914,4.678095817565918,1.9073690176010127,"(127, 127, 127)",12
id-00000036,wideresnet101,backdoor,instagram-lomo,0.7969459295272827,0.6120741963386536,2.4235730171203613,0.7645700573921204,2.415505170822144,0.6206963658332825,7.472466468811035,0.6126416325569153,1.6742386817932131,0.7991381287574768,3.3380773067474365,0.7167965769767761,0.5538644790649414,0.5968692898750305,1.3508104085922241,1.208943486213684,2.9774374961853027,1.3614393472671509,2.969369649887085,1.217565655708313,8.026330947875978,1.2095109224319458,2.2281031608581543,1.396007418632507,3.891941785812378,1.3136658668518066,"(127, 127, 127)",16
id-00000037,googlenet,backdoor,polygon-8,0.6469032764434814,0.3997058868408203,3.1938862800598145,0.9233527779579164,2.611655712127685,0.8788977265357971,1.8661893606185915,1.5053000450134275,1.154644012451172,0.7905401587486267,3.6218900680541988,0.6683668494224548,0.6208001375198364,0.535550057888031,1.2677034139633179,0.9352559447288512,3.8146865367889418,1.4589028358459473,3.2324557304382324,1.414447784423828,2.486989498138428,2.0408501625061035,1.7754441499710083,1.3260902166366575,4.242690086364746,1.2039169073104858,"(114, 237, 39)",17
id-00000038,vgg16bn,clean,none,0.365511953830719,0.6148426532745361,3.4457216262817383,1.2182508707046509,2.302210569381714,1.4296751022338867,1.71427321434021,1.0815972089767456,0.4615610241889954,0.3480229675769806,4.505614757537842,1.0144522190093994,0.5781931281089783,0.27969452738761896,0.9437050819396972,0.8945372104644775,4.023914813995361,1.4979454278945925,2.880403757095337,1.709369659423828,2.292466402053833,1.361291766166687,1.0397541522979736,0.6277174949645996,5.083807945251465,1.2941467761993408,"(127, 127, 127)",9
id-00000039,shufflenet1_5,backdoor,instagram-lomo,0.5776922702789307,0.3892058730125427,2.644444465637207,0.7487216591835022,3.0153450965881348,0.735722005367279,5.700735092163086,0.8930339217185974,1.27324378490448,0.7460566163063049,3.0757479667663574,0.8248677849769592,0.607723593711853,0.4288710951805115,1.1854158639907837,0.8180769681930542,3.2521681785583496,1.1775927543640137,3.623068571090698,1.1645931005477903,6.3084588050842285,1.3219050168991089,1.880967378616333,1.1749277114868164,3.6834714412689213,1.2537388801574707,"(127, 127, 127)",23
id-00000040,wideresnet50,backdoor,polygon-3,0.5306757092475891,0.3558094501495361,2.5963330268859863,0.6312068700790405,2.210644245147705,0.3839532136917114,2.256779193878174,1.0131679773330688,3.5920629501342773,1.855385184288025,2.660466194152832,0.6355350017547607,0.83232581615448,0.644839882850647,1.3630017042160034,1.0006493330001829,3.4286589622497563,1.2760467529296875,3.0429699420928955,1.0287930965423584,3.0891048908233643,1.6580078601837158,4.424388885498047,2.500225067138672,3.4927921295166016,1.2803748846054075,"(0, 84, 193)",10
id-00000041,resnet34,backdoor,instagram-gotham,0.9640944600105286,0.5007296204566956,6.9995436668396,0.3153876662254333,4.528082847595215,0.6785354614257812,2.1472430229187007,1.2464958429336548,1.6905510425567627,0.9559526443481444,4.087646484375,0.8980380296707153,0.9799144864082336,0.571013331413269,1.9440089464187624,1.0717428922653198,7.979458332061768,0.8864009976387024,5.507997512817383,1.2495487928390503,3.12715744972229,1.817509174346924,2.670465469360352,1.5269659757614136,5.067561149597168,1.4690513610839844,"(127, 127, 127)",21
id-00000042,densenet201,backdoor,polygon-9,1.7486464977264404,1.6328680515289309,2.9269139766693115,1.2753257751464844,2.7666053771972656,1.1536049842834473,1.7485923767089844,1.3043570518493652,1.3074562549591064,1.1766930818557741,2.5146653652191158,1.015400767326355,0.4890015125274658,0.14073017239570618,2.2376480102539062,1.7735981941223145,3.4159154891967773,1.4160559177398682,3.2556068897247314,1.294335126876831,2.23759388923645,1.445087194442749,1.7964577674865725,1.3174232244491575,3.003666877746582,1.1561309099197388,"(107, 220, 124)",15
id-00000043,vgg13bn,clean,none,0.3744406700134277,0.4366096258163452,2.56363296508789,0.48683524131774897,2.826239109039306,0.3617609739303589,1.6646658182144165,0.7112672328948975,1.4764338731765747,0.8535406589508057,2.8669018745422363,0.6109845638275146,1.1019116640090942,0.5900644063949585,1.476352334022522,1.0266740322113037,3.6655447483062735,1.0768996477127075,3.9281506538391113,0.9518253803253174,2.7665774822235107,1.301331639289856,2.578345537185669,1.4436050653457642,3.968813419342041,1.2010489702224731,"(127, 127, 127)",5
id-00000044,googlenet,backdoor,instagram-kelvin,0.7759171724319458,0.8110138177871704,2.0136992931365967,1.1540451049804688,3.3214328289031982,1.465542912483215,1.162435531616211,1.0250036716461182,1.460029125213623,1.0207196474075315,4.488048553466797,1.9899094104766848,0.4673901200294495,0.18186001479625705,1.24330735206604,0.9928738474845886,2.4810893535614014,1.3359050750732422,3.788822889328003,1.6474028825759888,1.6298255920410156,1.2068636417388916,1.9274193048477173,1.2025796175003052,4.955438613891602,2.171769380569458,"(127, 127, 127)",8
id-00000045,wideresnet101,clean,none,0.5861310362815857,0.6470070481300354,2.743680715560913,1.121160626411438,2.544179201126098,1.1818884611129759,2.305255651473999,1.4171909093856812,0.9318103194236756,0.8545200824737549,3.218168020248413,1.2289787530899048,0.8637436032295227,0.20206233859062195,1.4498746395111084,0.849069356918335,3.607424259185791,1.3232229948043823,3.407922744750977,1.3839508295059204,3.168999195098877,1.6192532777786257,1.7955539226531982,1.0565824508666992,4.081911563873291,1.4310411214828491,"(127, 127, 127)",16
id-00000046,googlenet,clean,none,0.7872459888458252,0.6958847045898438,1.9250221252441408,0.9770385026931764,2.4385087490081787,0.97431218624115,1.336721420288086,1.2293004989624023,1.0022635459899902,0.5646286010742188,2.9587328433990483,0.7935916185379028,0.884847104549408,0.2186841070652008,1.6720931529998782,0.9145687818527222,2.8098692893981934,1.195722579956055,3.3233559131622314,1.1929962635040283,2.2215685844421387,1.4479845762252808,1.8871107101440432,0.7833127379417419,3.8435800075531006,1.0122756958007812,"(127, 127, 127)",14
id-00000047,squeezenetv1_1,clean,none,0.8994135856628418,0.4876199960708618,2.184598445892334,0.5770624876022339,1.8692505359649656,0.6541587114334106,1.1126389503479004,0.682174563407898,0.8287262916564941,0.6603143215179443,2.5493910312652592,0.32439255714416504,1.4995524883270264,0.6610225439071655,2.398966073989868,1.1486425399780271,3.68415093421936,1.2380850315093994,3.3688030242919917,1.3151812553405762,2.6121914386749268,1.3431971073150637,2.3282787799835205,1.32133686542511,4.048943519592285,0.9854151010513306,"(127, 127, 127)",17
id-00000048,densenet161,backdoor,polygon-8,0.8954737782478333,0.8825534582138062,2.091620922088623,1.200502634048462,2.6879453659057617,1.1785708665847778,1.3098247051239014,1.0790481567382812,1.818431377410889,1.1226874589920044,3.4260385036468506,1.2610288858413696,0.7129175662994385,0.13424386084079742,1.608391284942627,1.0167973041534424,2.804538488388061,1.334746479988098,3.4008629322052,1.312814712524414,2.0227422714233403,1.2132920026779177,2.5313489437103267,1.2569313049316406,4.138956069946288,1.395272731781006,"(170, 176, 71)",9
id-00000049,shufflenet1_5,backdoor,polygon-8,0.8375105857849121,0.9649564623832704,2.022302865982056,0.9200410246849059,2.602279663085937,1.0505329370498655,1.9640150070190432,1.3028258085250854,1.5131447315216064,1.1229978799819946,3.437750816345215,0.848632276058197,0.5008358955383301,0.07472939789295198,1.3383463621139526,1.0396858453750608,2.5231387615203857,0.9947704076766968,3.103115558624268,1.1252623796463013,2.464850902557373,1.377555251121521,2.0139806270599365,1.1977273225784302,3.938586711883545,0.9233616590499878,"(50, 68, 178)",11
id-00000050,shufflenet2_0,clean,none,0.5764704942703247,0.5387163758277893,2.183089017868042,1.0429214239120483,1.9353958368301392,0.9399651288986206,1.0622283220291138,1.1692769527435305,0.8966131210327148,0.7650886774063109,2.1506662368774414,0.9741270542144777,0.305818647146225,0.12224341928958893,0.8822891116142273,0.660959780216217,2.4889075756073,1.1651648283004759,2.2412145137786865,1.0622085332870483,1.3680469989776611,1.291520357131958,1.2024317979812622,0.8873320817947388,2.456484794616699,1.0963704586029053,"(127, 127, 127)",11
id-00000051,densenet169,clean,none,0.4939132034778595,0.5273170471191406,1.406416654586792,0.7935269474983215,1.0539250373840332,0.6581267714500427,0.8326902389526367,1.091770887374878,0.6918481588363647,0.6495292782783508,2.5224378108978267,1.1691172122955322,0.4306720793247223,0.3097599148750305,0.9245852828025818,0.8370770215988159,1.837088704109192,1.103286862373352,1.484597086906433,0.9678866863250732,1.2633622884750366,1.4015307426452637,1.1225202083587646,0.9592891931533812,2.9531099796295166,1.4788770675659182,"(127, 127, 127)",7
id-00000052,resnet34,backdoor,polygon-4,1.3378740549087524,1.5485502481460571,2.6385953426361084,1.375486135482788,1.9019527435302728,1.1001383066177368,1.4226665496826172,1.5141801834106443,0.7315568923950195,1.1521867513656616,1.7665867805480957,0.9209916591644288,0.5829541683197021,0.2106940746307373,1.9208282232284544,1.7592443227767944,3.2215495109558105,1.5861802101135254,2.484906911849976,1.310832381248474,2.00562071800232,1.7248742580413818,1.3145110607147217,1.3628808259963991,2.3495409488677983,1.131685733795166,"(91, 96, 113)",7
id-00000053,vgg16bn,backdoor,instagram-gotham,0.7121835947036743,0.9819043874740601,7.9360198974609375,3.410516262054444,4.862904071807861,1.2355471849441528,4.461066722869873,1.9395346641540527,2.2000741958618164,1.1279473304748535,4.406682968139648,0.9881470203399658,1.125214457511902,0.23815274238586426,1.837398052215576,1.2200571298599243,9.061234474182127,3.648669004440308,5.988118648529053,1.4736999273300169,5.5862812995910645,2.177687406539917,3.3252887725830083,1.3661000728607178,5.53189754486084,1.22629976272583,"(127, 127, 127)",23
id-00000054,densenet201,clean,none,0.450930655002594,0.5022461414337158,3.426202774047852,0.7461034059524536,1.3360648155212402,0.6554317474365234,0.7437610030174255,0.4992204010486603,0.2889723777770996,-0.005902618169784546,3.269475221633911,0.7465710639953613,0.4212263226509094,0.4424549639225006,0.8721569776535034,0.9447011351585388,3.847429037094116,1.1885583400726318,1.7572910785675049,1.0978866815567017,1.164987325668335,0.9416753649711608,0.710198700428009,0.4365523457527161,3.6907014846801762,1.1890259981155396,"(127, 127, 127)",12
id-00000055,shufflenet1_0,backdoor,instagram-kelvin,0.6724758148193359,0.6434096693992615,2.1455001831054688,0.9284861087799072,5.227525234222412,1.5023162364959717,1.1353895664215088,1.1589038372039795,1.0712513923645022,0.8823724985122681,6.61535120010376,1.157373547554016,0.3671985566616057,0.11149454861879347,1.0396744012832642,0.7549042105674744,2.5126986503601074,1.03998064994812,5.594723701477051,1.6138107776641846,1.5025881528854368,1.2703983783721924,1.4384499788284302,0.993867039680481,6.9825496673583975,1.268868088722229,"(127, 127, 127)",22
id-00000056,mobilenetv2,backdoor,polygon-8,0.7281084060668945,0.19836342334747314,2.1527881622314453,0.3492134213447571,2.2353343963623047,0.4833769202232361,3.7941198348999023,1.2162632942199707,1.3668580055236816,0.6943238377571106,3.221865177154541,0.7660384774208069,2.4320011138916016,0.7002165913581848,3.160109043121338,0.898580014705658,4.584789276123047,1.0494300127029421,4.667335510253906,1.183593511581421,6.226120948791504,1.9164799451828003,3.798859119415283,1.3945404291152954,5.653866291046143,1.4662550687789917,"(158, 190, 5)",22
id-00000057,shufflenet2_0,clean,none,0.4728102087974548,0.3104428946971893,1.8808479309082031,0.6562290787696838,2.0251266956329346,0.6140295267105103,1.5663938522338867,1.150928020477295,0.6836647987365723,0.4644353985786438,2.5546915531158447,0.9014265537261964,0.3334376811981201,0.3072834014892578,0.806247889995575,0.6177262663841248,2.2142856121063232,0.9635124802589417,2.3585643768310547,0.921312928199768,1.8998315334320068,1.4582114219665527,1.0171024799346924,0.7717188000679016,2.888129234313965,1.208709955215454,"(127, 127, 127)",16
id-00000058,resnet34,backdoor,instagram-gotham,0.6849582195281982,0.8872141838073729,3.683812379837036,2.088320016860962,1.8676059246063232,1.1467413902282717,1.4242891073226929,1.8013931512832642,0.6219863891601562,0.8328801393508911,2.6329874992370605,1.5843520164489746,0.5350735187530518,0.25190964341163635,1.22003173828125,1.139123797416687,4.218885898590088,2.340229749679565,2.402679443359375,1.3986510038375854,1.9593626260757449,2.053302764892578,1.157059907913208,1.0847897529602049,3.1680610179901123,1.8362616300582888,"(127, 127, 127)",20
id-00000059,densenet169,clean,none,0.8380745053291321,0.8541703820228577,2.667510986328125,1.4014623165130615,2.1169602870941158,1.032358169555664,2.995691299438477,2.437973976135254,1.0977861881256104,1.20261812210083,2.351919412612915,1.365226984024048,0.5136231780052185,0.1842173933982849,1.3516976833343506,1.0383877754211426,3.1811342239379883,1.5856796503067017,2.6305835247039795,1.2165755033493042,3.50931453704834,2.622191429138184,1.611409306526184,1.3868354558944702,2.8655426502227783,1.5494443178176882,"(127, 127, 127)",20
id-00000060,resnet152,clean,none,0.5312278270721436,0.4382885694503784,3.1586694717407227,1.1828529834747314,1.376703858375549,0.37113308906555176,1.6047288179397583,1.23173189163208,0.7395137548446655,0.5339509844779968,2.06109619140625,1.0082499980926514,0.5028196573257446,0.4561464786529541,1.0340474843978882,0.8944350481033325,3.6614890098571777,1.6389994621276855,1.879523515701294,0.8272795677185059,2.1075484752655043,1.6878783702850342,1.2423334121704102,0.9900974631309508,2.563915729522705,1.4643964767456057,"(127, 127, 127)",11
id-00000061,shufflenet1_0,backdoor,polygon-9,0.6577585935592651,0.6841177344322205,1.980585694313049,1.1448981761932373,1.6883569955825806,0.8649956583976746,1.0420022010803225,0.7983235120773315,0.7429169416427612,0.8477933406829834,2.489208698272705,0.875444233417511,0.3379295766353607,0.13550765812397006,0.9956881403923036,0.8196253776550293,2.3185153007507324,1.280405879020691,2.026286602020264,1.0005033016204834,1.3799318075180054,0.9338311553001404,1.0808465480804443,0.9833009839057922,2.827138185501098,1.0109518766403198,"(210, 6, 103)",16
id-00000062,resnet18,backdoor,instagram-lomo,0.8052124977111816,0.3776542544364929,2.219354152679444,0.6404947638511658,2.1442503929138184,0.8749253153800964,5.888531684875487,0.3468288779258728,1.0555379390716553,0.601507842540741,1.9013528823852541,0.8982322812080383,2.054990291595459,0.504688560962677,2.8602027893066406,0.8823428153991699,4.2743444442749015,1.1451833248138428,4.1992406845092765,1.3796138763427734,7.943521976470947,0.8515174388885498,3.1105282306671143,1.106196403503418,3.956343173980713,1.402920842170715,"(127, 127, 127)",24
id-00000063,shufflenet1_5,backdoor,instagram-nashville,0.2630866467952728,0.3150219023227692,2.1008124351501465,0.4811152219772339,4.217623233795166,0.6472178101539612,1.9016218185424805,1.2573333978652954,4.21402645111084,0.4402192831039429,3.867015600204468,0.7880985140800476,0.3640868365764618,0.16487324237823486,0.6271734833717346,0.479895144701004,2.4648993015289307,0.6459884643554688,4.581709861755371,0.8120910525321959,2.2657086849212646,1.4222066402435305,4.578113079071045,0.6050925254821777,4.231102466583252,0.9529717564582824,"(127, 127, 127)",6
id-00000064,densenet169,backdoor,polygon-4,1.5237866640090942,1.8991045951843264,3.2856812477111816,1.4925230741500854,2.5776562690734863,1.43799889087677,1.4261459112167358,1.2633397579193115,0.5818791389465332,0.7855561971664429,4.383686542510986,1.4246798753738403,0.7219477891921997,0.10108853876590727,2.245734453201294,2.0001931190490723,4.007628917694092,1.5936115980148315,3.2996039390563965,1.539087414741516,2.1480937004089355,1.3644282817840576,1.303826928138733,0.8866447210311891,5.1056342124938965,1.5257683992385864,"(134, 41, 64)",10
id-00000065,vgg19bn,clean,none,0.5533763766288757,0.4650608897209168,3.1325507164001465,1.3917276859283447,2.1941606998443604,0.7323243618011475,1.3465511798858645,0.7173151969909668,0.7666493654251099,0.4620903134346008,3.2957134246826167,1.0999785661697388,0.8959994316101074,0.5348347425460815,1.4493758678436282,0.9998956322669984,4.028550148010254,1.9265624284744265,3.090160131454468,1.267159104347229,2.242550611495972,1.2521499395370483,1.6626487970352173,0.9969250559806824,4.1917128562927255,1.6348133087158203,"(127, 127, 127)",11
id-00000066,resnet101,clean,none,0.6657629013061523,0.6491034626960754,2.6109108924865723,1.3602564334869385,1.7326518297195437,0.6868464946746826,1.4388099908828735,1.6064481735229492,0.8105366230010986,0.965895175933838,2.060579776763916,0.7013026475906372,0.822262167930603,0.2418287098407745,1.4880250692367554,0.8909321427345276,3.4331729412078857,1.6020851135253906,2.5549139976501465,0.9286751747131348,2.261072158813477,1.8482768535614007,1.6327987909317017,1.20772385597229,2.8828420639038086,0.943131387233734,"(127, 127, 127)",9
id-00000067,wideresnet101,backdoor,polygon-9,1.219975233078003,0.9297203421592712,2.591747283935547,1.0096158981323242,3.160939693450928,1.2429440021514893,1.9178146123886108,1.0679116249084473,1.0750617980957031,0.5154898762702942,2.6945948600769043,0.7003157734870911,0.5515769720077515,0.5074416995048523,1.7715520858764648,1.4371620416641235,3.143324136734009,1.5170576572418213,3.7125167846679688,1.7503856420516968,2.4693915843963623,1.5753533840179443,1.6266387701034546,1.0229315757751465,3.2461719512939453,1.2077574729919434,"(197, 134, 7)",17
id-00000068,vgg13bn,backdoor,instagram-toaster,0.4842482805252075,0.3956742286682129,1.7936936616897583,0.8437191843986511,2.6454172134399414,1.175790786743164,1.1554704904556274,1.025031805038452,1.739698052406311,0.5907564759254456,3.84977388381958,1.2692413330078125,1.7122746706008911,0.708853542804718,2.196522951126098,1.104527711868286,3.5059683322906494,1.5525727272033691,4.357691764831543,1.8846442699432373,2.8677451610565186,1.7338852882385254,3.4519727230072017,1.2996100187301636,5.562048435211182,1.9780948162078853,"(127, 127, 127)",5
id-00000069,resnet34,backdoor,polygon-9,0.8750410676002502,0.98956036567688,2.1443419456481934,1.0766048431396484,2.1597239971160893,1.0556892156600952,1.0638859272003174,0.7645121812820435,0.6274210810661316,0.4760218262672424,3.0643749237060547,1.247045874595642,0.9705347418785096,0.3073047399520874,1.84557580947876,1.2968651056289673,3.114876747131348,1.3839095830917358,3.130258798599243,1.3629939556121826,2.034420728683472,1.0718169212341309,1.5979558229446411,0.7833265662193298,4.034909725189209,1.5543506145477295,"(47, 217, 60)",24
id-00000070,vgg19bn,clean,none,0.8202664852142334,0.737396240234375,2.2086892127990723,1.027727127075195,1.5018969774246216,0.884821891784668,1.275894045829773,1.201598882675171,1.2541126012802124,0.8508450984954834,3.749806880950928,1.0587711334228516,1.227744698524475,0.3724310100078583,2.048011064529419,1.1098272800445557,3.436434030532837,1.400158166885376,2.7296416759490967,1.2572529315948486,2.503638744354248,1.5740299224853516,2.4818572998046875,1.223276138305664,4.977551460266113,1.4312021732330322,"(127, 127, 127)",12
id-00000071,vgg16bn,clean,none,0.6370282173156738,0.682903528213501,1.8652266263961792,0.40586572885513306,1.4296435117721558,0.3825530409812927,1.029969334602356,0.6706240773200989,0.7698622941970825,0.5126233696937561,2.321006298065185,0.5119934678077698,1.1861828565597534,0.6047760844230652,1.8232111930847168,1.287679672241211,3.0514094829559326,1.0106418132781982,2.615826368331909,0.987329125404358,2.2161521911621094,1.275400161743164,1.956045150756836,1.1173994541168213,3.5071892738342285,1.116769552230835,"(127, 127, 127)",9
id-00000072,shufflenet1_0,clean,none,0.3417755365371704,0.3716810345649719,2.5344529151916504,0.6510758996009827,1.833112120628357,0.918830633163452,1.2917605638504028,0.9474703073501588,0.7867854833602905,0.7011896371841431,2.1579236984252934,0.5772541165351868,0.3944185972213745,0.1547783762216568,0.7361941337585449,0.5264593958854675,2.9288713932037367,0.8058542609214783,2.2275307178497314,1.0736089944839478,1.6861791610717771,1.1022486686706543,1.181204080581665,0.8559679985046387,2.552342414855957,0.7320324778556824,"(127, 127, 127)",10
id-00000073,resnet101,backdoor,instagram-lomo,0.6062764525413513,0.5469423532485962,2.0785951614379883,1.1581172943115234,2.1012682914733887,0.9623908996582032,4.556365489959717,2.3790476322174072,1.2671319246292114,1.0378041267395022,3.893376350402832,1.1956382989883425,0.934486985206604,0.2404368817806244,1.5407633781433103,0.787379264831543,3.013082265853882,1.3985542058944702,3.0357553958892822,1.20282781124115,5.490852355957031,2.6194844245910645,2.2016189098358154,1.2782410383224487,4.8278632164001465,1.436075210571289,"(127, 127, 127)",9
id-00000074,shufflenet1_0,backdoor,polygon-4,0.6133784651756287,0.684525728225708,2.6960999965667725,0.7821375131607056,2.225949287414551,1.012225866317749,2.328096866607666,1.296276330947876,0.8506069183349609,0.9273070693016052,2.6569960117340092,0.6003909111022949,0.3511616289615631,0.10913033783435824,0.9645401239395142,0.793656051158905,3.0472617149353027,0.8912678360939026,2.577111005783081,1.1213562488555908,2.6792585849761963,1.4054067134857178,1.2017685174942017,1.0364373922348022,3.0081577301025386,0.7095212340354919,"(54, 238, 72)",14
id-00000075,resnet18,backdoor,polygon-8,0.6850618124008179,0.4993713796138763,3.1243364810943604,1.1992918252944946,2.589809894561768,1.0595631599426272,1.508049488067627,1.2382961511611938,1.1295030117034912,0.9125311374664308,2.9035952091217037,1.2802308797836304,0.8738372921943665,0.1656278669834137,1.5588990449905396,0.66499924659729,3.998173713684082,1.364919662475586,3.4636471271514893,1.2251909971237185,2.3818867206573486,1.4039239883422852,2.0033402442932133,1.078158974647522,3.7774324417114262,1.4458587169647217,"(36, 215, 99)",10
id-00000076,densenet121,backdoor,instagram-kelvin,0.5624277591705322,0.6922011375427246,2.3038954734802246,1.1506346464157104,3.9918837547302246,0.8765387535095215,2.318967342376709,1.8376753330230715,0.978596568107605,0.6856732368469238,4.235833644866943,0.907978892326355,0.7143272161483765,0.1670539379119873,1.2767549753189087,0.8592550754547119,3.01822280883789,1.3176885843276978,4.7062110900878915,1.0435926914215088,3.0332944393157963,2.0047292709350586,1.6929237842559814,0.8527271747589111,4.9501609802246085,1.0750328302383425,"(127, 127, 127)",16
id-00000077,shufflenet1_5,backdoor,instagram-lomo,0.8122648596763611,0.32846176624298096,2.1466052532196045,0.6015528440475464,2.4183359146118164,0.821755051612854,3.980228185653688,0.3445421755313873,0.9748401045799256,0.3170314133167267,2.7658677101135254,0.6079955101013184,0.6936514973640442,0.3706989586353302,1.5059163570404053,0.6991606950759888,2.840256690979004,0.9722518324851992,3.1119873523712163,1.1924539804458618,4.673879623413086,0.7152411341667175,1.6684916019439695,0.6877303719520569,3.459519147872925,0.978694498538971,"(127, 127, 127)",21
id-00000078,densenet201,clean,none,0.6605218648910522,0.6708438992500305,3.0477509498596187,1.1837362051010132,2.532639503479004,0.9671141505241394,2.9041445255279537,1.4534109830856323,1.3784952163696291,1.0474720001220703,3.4385547637939453,1.9335516691207888,0.741511344909668,0.1912723332643509,1.4020332098007202,0.8621162176132202,3.789262294769287,1.3750085830688477,3.274150848388672,1.158386468887329,3.645655870437622,1.6446833610534668,2.120006561279297,1.2387443780899048,4.180066108703613,2.124824047088623,"(127, 127, 127)",16
id-00000079,vgg19bn,backdoor,instagram-toaster,0.9501675963401794,0.8088256716728209,2.7932615280151367,1.0147006511688232,4.686601161956787,0.7169649004936218,2.9083831310272217,1.7844767570495603,2.559319019317627,1.0336446762084959,5.601142883300781,0.8242425322532654,0.7900819182395935,0.5527316927909851,1.7402495145797732,1.3615573644638062,3.583343505859375,1.5674322843551636,5.476683139801025,1.269696593284607,3.69846510887146,2.3372085094451904,3.349400997161865,1.586376428604126,6.39122486114502,1.3769742250442505,"(127, 127, 127)",23
id-00000080,vgg13bn,backdoor,polygon-4,0.6248409748077393,0.4936960935592651,3.185257911682129,1.1109124422073364,4.643111228942871,1.524864673614502,2.8321681022644043,2.2095601558685303,2.210712432861328,1.174153208732605,5.881041049957275,1.183652400970459,0.8744320273399353,0.6059169769287109,1.4992729425430298,1.099613070487976,4.059689998626709,1.7168294191360474,5.517543315887451,2.1307816505432133,3.706600189208984,2.815477132797241,3.085144519805908,1.780070185661316,6.755473136901856,1.78956937789917,"(192, 9, 27)",14
id-00000081,vgg19bn,backdoor,instagram-nashville,0.3469647169113159,0.1752995252609253,3.093163013458252,0.9832581877708436,6.600983142852782,1.0578951835632324,3.084043025970459,1.3663702011108398,4.790397644042969,2.0625996589660645,6.864445686340332,-0.1892216801643372,1.1809226274490356,0.6916970610618591,1.5278873443603516,0.8669965863227844,4.274085521697998,1.6749552488327026,7.781905651092527,1.7495921850204468,4.264965534210205,2.058067321777344,5.971320152282715,2.7542967796325684,8.045368194580076,0.5024753808975221,"(127, 127, 127)",7
id-00000082,resnet50,backdoor,polygon-3,1.3117058277130127,1.03938627243042,2.1932621002197266,1.170940637588501,2.227382183074951,1.0711454153060913,1.6327775716781616,1.1229625940322876,1.863164305686951,1.4526211023330688,4.721079349517822,0.8833243846893309,0.7379575967788696,0.132596954703331,2.049663543701172,1.171983242034912,2.931219577789306,1.3035376071929932,2.9653396606445312,1.2037423849105835,2.3707351684570312,1.2555595636367798,2.6011219024658203,1.585218071937561,5.459036827087402,1.0159213542938232,"(210, 26, 116)",10
id-00000083,shufflenet1_5,backdoor,polygon-9,0.5018329620361328,0.642638623714447,2.156501293182373,1.0672863721847534,4.3737664222717285,0.8972838521003723,1.5729172229766846,1.250799298286438,2.280672550201416,1.1774853467941284,4.036993503570557,0.7174227833747864,0.297439843416214,0.0956207886338234,0.7992728352546692,0.7382594347000122,2.4539411067962646,1.1629071235656738,4.671206474304199,0.9929046630859376,1.870357036590576,1.3464200496673584,2.578112363815308,1.2731060981750488,4.3344335556030265,0.8130435943603516,"(165, 190, 53)",9
id-00000084,densenet121,backdoor,polygon-8,0.6808814406394958,0.7538250684738159,2.777224063873291,1.6112021207809448,2.8327248096466064,1.2507389783859253,2.0415403842926025,1.7092878818511963,1.7484045028686523,1.2346560955047607,4.255966663360597,1.3587002754211426,0.4930033087730408,0.15022480487823486,1.1738847494125366,0.9040498733520508,3.270227432250977,1.7614269256591797,3.325728178024292,1.4009637832641602,2.534543752670288,1.8595126867294312,2.241407871246338,1.3848809003829956,4.748970031738281,1.5089250802993774,"(189, 35, 167)",7
id-00000085,resnet152,backdoor,polygon-4,0.9137239456176758,0.9390966892242432,3.248918056488037,1.134655237197876,2.6803102493286133,1.1737409830093384,2.252208709716797,1.523346185684204,1.2936108112335205,1.12223482131958,2.6935300827026367,1.4119993448257446,0.5127631425857544,0.196703240275383,1.4264870882034302,1.1357998847961426,3.761681318283081,1.3313584327697754,3.193073511123657,1.3704441785812378,2.764971971511841,1.7200493812561035,1.806373953819275,1.3189380168914795,3.2062931060791016,1.608702540397644,"(171, 8, 46)",20
id-00000086,resnet152,clean,none,0.683987021446228,0.5627179741859436,2.202420711517334,0.9872878789901732,4.209291458129884,1.3819797039031982,3.2225468158721924,1.6061264276504517,1.492105484008789,0.9846227169036864,4.513339042663574,1.0720754861831665,0.9786608219146729,0.2685188055038452,1.6626478433609009,0.8312367796897888,3.181081533432007,1.2558066844940186,5.187952518463135,1.6504985094070437,4.201207637786865,1.8746452331542969,2.470766305923462,1.2531415224075315,5.491999626159668,1.3405942916870115,"(127, 127, 127)",14
id-00000087,shufflenet1_5,clean,none,0.6612454056739807,0.5938152074813843,1.7973140478134155,1.156089186668396,1.5792759656906128,0.6331465244293213,2.354147434234619,1.81430983543396,1.736751914024353,1.440632700920105,1.3199224472045898,0.7731603384017944,0.5899816751480103,0.12159136682748795,1.2512271404266355,0.715406596660614,2.387295722961426,1.277680516242981,2.169257640838623,0.7547379136085509,2.944129228591919,1.935901165008545,2.326733589172364,1.56222403049469,1.9099041223526,0.8947517275810242,"(127, 127, 127)",10
id-00000088,shufflenet1_5,backdoor,polygon-4,0.8084423542022705,0.7689564228057861,2.0392193794250493,0.8851275444030762,1.7248518466949463,0.8628860712051392,1.4090919494628906,1.1566214561462402,1.0721316337585451,0.9448618888854979,2.4373579025268555,1.1132123470306396,0.3229733109474182,0.2449633181095124,1.1314157247543335,1.013919711112976,2.3621926307678223,1.130090832710266,2.04782509803772,1.107849359512329,1.732065200805664,1.4015847444534302,1.3951048851013184,1.189825177192688,2.760331153869629,1.3581756353378296,"(66, 107, 234)",24
id-00000089,resnet50,backdoor,polygon-9,2.4270243644714355,1.9856059551239007,3.1730430126190186,0.8182239532470703,3.148823499679565,0.9528634548187256,1.2148685455322266,0.6793732643127441,0.90921550989151,0.6341491937637329,4.448708534240723,0.9441944360733032,0.855025589466095,0.4719188213348389,3.2820498943328857,2.4575247764587402,4.028068542480469,1.2901427745819092,4.0038490295410165,1.4247822761535645,2.0698940753936768,1.151292085647583,1.764241099357605,1.1060680150985718,5.303734302520752,1.4161132574081419,"(221, 73, 88)",21
id-00000090,googlenet,backdoor,polygon-4,0.9562289714813232,0.8156470656394958,2.7450990676879883,0.9194977879524232,3.44020676612854,1.2335314750671391,1.9847867488861084,1.3715052604675293,1.7386424541473389,0.78187495470047,3.6732122898101807,1.1071884632110596,0.7981498241424559,0.16673260927200315,1.7543787956237793,0.982379674911499,3.5432488918304443,1.0862303972244265,4.238356590270996,1.4002641439437866,2.7829365730285645,1.5382379293441772,2.536792278289795,0.9486075639724731,4.471362113952637,1.273921012878418,"(0, 2, 170)",12
id-00000091,shufflenet2_0,backdoor,instagram-lomo,0.5968701243400574,0.4542453587055206,2.262569665908813,0.7988166809082031,2.577962875366211,1.0705312490463257,4.158916473388672,1.5184262990951538,2.1914219856262207,1.489505410194397,2.8059208393096924,1.1326134204864502,0.6234378218650818,0.10716280341148376,1.2203079462051392,0.5614081621170044,2.88600754737854,0.9059794545173644,3.201400756835937,1.1776940822601318,4.782354354858398,1.62558913230896,2.8148598670959486,1.5966682434082031,3.429358720779419,1.2397762537002563,"(127, 127, 127)",15
id-00000092,densenet169,clean,none,0.7527483105659485,0.8467823266983032,1.344813346862793,1.018356442451477,1.746727466583252,0.5853026509284973,1.1144249439239502,1.0021042823791504,1.1030683517456057,0.9457670450210572,2.1149435043334956,0.9539655447006226,0.7945711612701416,0.15613557398319244,1.547319412231445,1.0029178857803345,2.1393845081329346,1.1744920015335083,2.5412986278533936,0.7414382100105286,1.908996105194092,1.1582398414611816,1.8976395130157468,1.1019026041030884,2.9095146656036377,1.1101011037826538,"(127, 127, 127)",9
id-00000093,googlenet,backdoor,polygon-4,1.6699968576431274,1.2076480388641355,1.9742307662963867,0.6724914312362671,2.254403114318848,0.726984977722168,1.42018461227417,0.6580303907394409,1.555675745010376,0.8749157190322876,2.7693357467651367,1.3811590671539309,1.0071077346801758,0.5569247007369995,2.6771047115325928,1.7645728588104248,2.9813385009765625,1.2294161319732666,3.2615108489990234,1.2839096784591677,2.4272923469543457,1.2149550914764404,2.562783479690552,1.4318404197692869,3.776443481445313,1.9380837678909304,"(191, 205, 88)",14
id-00000094,resnet101,clean,none,0.77146977186203,0.3862119913101196,2.1928091049194336,0.5071270465850829,2.1019859313964844,0.6445572376251221,1.893217921257019,1.4283931255340576,0.7877594232559204,0.5643624067306519,4.060633659362793,0.8302940130233765,0.9930156469345092,0.609642744064331,1.764485478401184,0.9958547353744508,3.1858246326446533,1.116769790649414,3.095001697540283,1.2541999816894531,2.8862335681915283,2.0380358695983887,1.7807750701904297,1.174005150794983,5.053649425506592,1.4399367570877075,"(127, 127, 127)",23
id-00000095,densenet121,backdoor,instagram-lomo,0.760463535785675,0.9215993881225586,1.5582900047302246,1.106781005859375,1.805019855499268,1.1711318492889404,6.9768548011779785,0.8810564875602722,0.9858911633491516,0.9525101780891418,2.76130485534668,0.9579945206642152,0.8837766051292419,0.19647973775863647,1.644240140914917,1.1180790662765503,2.4420666694641118,1.3032608032226562,2.6887965202331543,1.3676116466522217,7.860631465911865,1.0775362253189087,1.8696677684783936,1.1489899158477783,3.6450815200805664,1.1544742584228516,"(127, 127, 127)",6
id-00000096,resnet34,backdoor,polygon-4,0.8537726402282715,0.8150520324707031,2.0044503211975098,1.1185352802276611,1.0611165761947632,0.5569159984588623,1.4996432065963743,1.1773192882537842,0.4426918029785156,0.7032904028892517,1.4555693864822388,0.866892397403717,1.0238577127456665,0.31994765996932983,1.8776302337646484,1.1349997520446775,3.0283079147338867,1.4384828805923462,2.0849742889404297,0.8768636584281921,2.523500919342041,1.4972670078277588,1.466549515724182,1.0232380628585815,2.4794270992279053,1.1868400573730469,"(23, 125, 74)",7
id-00000097,vgg16bn,clean,none,0.9238407015800476,0.8306780457496643,2.513010025024414,1.149946928024292,3.826139211654663,1.533637762069702,2.487372398376465,1.935020923614502,2.1729199886322017,1.3478810787200928,7.254169464111327,1.1610817909240725,0.8118541836738586,0.3517751097679138,1.7356948852539062,1.182453155517578,3.324864149093628,1.501721978187561,4.637993335723877,1.8854128122329712,3.2992265224456787,2.2867960929870605,2.984774112701416,1.6996561288833618,8.066023826599121,1.5128568410873413,"(127, 127, 127)",12
id-00000098,mobilenetv2,backdoor,instagram-nashville,0.7723807096481323,0.3792403936386109,4.777858257293701,0.5170062184333801,8.369644165039062,0.4401962161064148,4.71290397644043,1.0263419151306152,6.3278870582580575,0.3882730603218079,5.749801158905027,0.6787645220756531,1.9936012029647827,0.6751150488853455,2.7659823894500732,1.0543555021286009,6.7714595794677725,1.1921212673187256,10.363245010375977,1.1153112649917605,6.706505298614503,1.7014570236206057,8.321488380432129,1.063388109207153,7.7434024810791025,1.3538795709609983,"(127, 127, 127)",13
id-00000099,resnet34,clean,none,0.5676203370094299,0.42376381158828735,2.3202788829803467,0.8480424880981445,1.864450216293335,0.7844640016555786,1.8672184944152832,1.30618155002594,1.2429921627044678,0.9020171165466307,2.829332113265991,1.3366810083389282,0.7808417677879333,0.4732158482074738,1.3484621047973633,0.8969796299934387,3.101120710372925,1.321258306503296,2.645292043685913,1.25767982006073,2.6480603218078613,1.7793973684310913,2.023833990097046,1.3752329349517822,3.610173940658569,1.8098968267440805,"(127, 127, 127)",9
id-00000100,densenet161,clean,none,1.0016223192214966,0.7784810662269592,1.3996117115020752,0.7091512084007263,1.4179536104202268,0.5775012373924255,1.0131044387817385,0.7508431077003479,1.1373443603515625,0.9684985280036926,2.596996068954468,1.5331616401672363,0.4967013299465179,0.41965311765670776,1.498323678970337,1.198134183883667,1.8963130712509155,1.128804326057434,1.914654970169068,0.9971543550491332,1.5098057985305786,1.1704962253570557,1.6340457201004028,1.3881516456604004,3.0936973094940186,1.9528146982192995,"(127, 127, 127)",14
id-00000101,resnet50,backdoor,polygon-9,0.9946355819702148,1.0440351963043213,2.674140214920044,1.335667371749878,2.51537561416626,1.1819841861724854,2.836256742477417,1.935128927230835,2.03155517578125,1.5519255399703982,2.965665340423584,1.224390149116516,0.4552432894706726,0.11284475773572925,1.4498788118362431,1.1568800210952759,3.1293835639953613,1.4485120773315432,2.9706189632415767,1.2948288917541504,3.2915000915527344,2.0479736328125,2.4867985248565674,1.6647702455520632,3.4209086894989014,1.3372348546981812,"(15, 164, 32)",18
id-00000102,densenet121,backdoor,polygon-4,1.0737946033477783,1.4179619550704956,2.8077988624572754,1.033550500869751,5.202029228210449,0.953079104423523,2.1348464488983154,1.2707527875900269,2.556696891784668,1.5798258781433103,4.081962585449219,1.2753852605819702,0.6922214031219482,0.2448207139968872,1.7660158872604368,1.6627826690673828,3.500020265579224,1.2783712148666382,5.8942508697509775,1.1978998184204102,2.827067852020264,1.515573501586914,3.248918294906616,1.8246465921401973,4.774184226989746,1.5202059745788574,"(111, 92, 61)",7
id-00000103,inceptionv3,backdoor,polygon-9,0.8379231691360474,0.522333025932312,2.427150249481201,0.7397831678390503,2.472790479660034,0.3954929709434509,2.620002031326294,1.3432745933532717,1.4143567085266109,0.5256525278091431,3.978294134140015,0.14674139022827148,1.0229084491729736,0.477226734161377,1.860831618309021,0.9995597600936892,3.450058698654175,1.2170099020004272,3.4956989288330083,0.8727197051048279,3.642910480499268,1.8205013275146484,2.437265157699585,1.00287926197052,5.001202583312988,0.6239681243896484,"(8, 203, 65)",20
id-00000104,resnet101,clean,none,0.4842501878738403,0.3099791407585144,3.0354866981506348,1.3455997705459597,2.9324629306793213,0.8294538259506226,1.6131471395492554,1.4058960676193235,1.245009183883667,0.7331072092056274,3.6480426788330083,1.0235267877578735,0.4866079390048981,0.35139214992523193,0.9708581566810608,0.6613712906837463,3.5220947265625,1.6969919204711914,3.4190709590911865,1.1808459758758545,2.099755048751831,1.7572882175445557,1.7316170930862431,1.0844993591308594,4.134650707244873,1.3749189376831057,"(127, 127, 127)",10
id-00000105,vgg16bn,clean,none,0.9426367282867432,0.6426380276679993,1.9794689416885376,0.7882428765296936,2.8287134170532227,1.2305865287780762,2.1139941215515137,1.43684983253479,1.7920483350753784,0.7783365845680237,4.717503547668457,0.8643389344215393,1.3102954626083374,0.6261109709739685,2.252932071685791,1.2687489986419678,3.289764404296875,1.4143538475036619,4.1390089988708505,1.8566974401474,3.4242897033691406,2.0629608631134038,3.1023437976837163,1.4044475555419922,6.027799129486084,1.4904499053955078,"(127, 127, 127)",22
id-00000106,shufflenet1_0,clean,none,0.6133589148521423,0.2951693534851074,1.9949498176574707,0.4750455617904663,2.384272575378418,0.3510863780975342,1.0922703742980957,0.3381311893463135,1.1963598728179932,0.4456666111946106,2.355931520462036,0.4730498790740967,0.9253280758857728,0.5409845113754272,1.538686990737915,0.8361538648605347,2.920277833938598,1.0160300731658936,3.3096005916595463,0.8920708894729614,2.017598390579224,0.8791157007217407,2.1216878890991206,0.9866511225700378,3.2812595367431636,1.0140343904495241,"(127, 127, 127)",18
id-00000107,resnet18,backdoor,instagram-toaster,0.9798519611358644,0.9313535690307616,2.2711806297302246,0.8637139797210693,5.982972621917725,0.6987934112548828,1.9914470911026,1.37581467628479,2.071583747863769,1.1139370203018188,3.430861473083496,1.6872029304504397,0.6539396047592163,0.3072141110897064,1.6337915658950806,1.2385677099227903,2.925120115280152,1.170928120613098,6.636912345886231,1.0060075521469116,2.6453866958618164,1.6830288171768188,2.7255232334136963,1.4211511611938477,4.084801197052002,1.9944170713424685,"(127, 127, 127)",14
id-00000108,resnet50,backdoor,polygon-9,0.5631048679351807,0.736501932144165,2.7303225994110107,1.188441514968872,2.799640893936157,1.0150494575500488,1.633586287498474,0.9688915014266968,1.0618196725845337,0.9926329851150512,2.455032587051392,1.112874150276184,0.43795379996299744,0.12821292877197266,1.0010586977005005,0.8647148609161377,3.168276309967041,1.3166544437408447,3.2375946044921875,1.1432623863220217,2.071540117263794,1.0971044301986694,1.4997735023498535,1.1208459138870241,2.892986297607422,1.2410870790481567,"(217, 6, 213)",15
id-00000109,resnet18,backdoor,polygon-8,0.6046297550201416,0.4680435061454773,2.781922578811645,1.0481734275817869,2.1824169158935547,1.368186593055725,1.5411503314971924,0.8180854320526123,0.8460116386413574,0.556221604347229,3.4134955406188965,0.8926486968994141,0.6195287704467773,0.44474732875823975,1.224158525466919,0.912790834903717,3.401451349258424,1.4929207563400269,2.801945686340332,1.8129339218139648,2.1606791019439697,1.262832760810852,1.4655404090881348,1.0009689331054688,4.033024311065674,1.3373960256576538,"(13, 164, 184)",11
id-00000110,vgg19bn,backdoor,polygon-4,0.6535052061080933,0.6318860054016113,1.7360366582870483,0.8846126794815063,1.6275042295455933,0.5245020389556885,2.7087202072143555,1.2373462915420532,1.8044754266738887,1.5092200040817259,2.8045244216918945,0.49024605751037603,1.2659264802932741,0.6078037023544312,1.9194316864013672,1.2396897077560425,3.0019631385803223,1.4924163818359375,2.8934307098388667,1.1323057413101196,3.974646806716919,1.8451499938964844,3.070401906967163,2.117023706436157,4.070450782775879,1.0980497598648071,"(86, 14, 245)",16
id-00000111,mobilenetv2,clean,none,0.52556312084198,0.3506373167037964,2.4465208053588867,0.9022331237792968,2.7621803283691406,0.6269235610961914,3.4862346649169917,0.9226725101470948,1.502019286155701,0.759740948677063,3.766703128814697,0.7964895963668823,1.6687735319137569,0.4688242673873901,2.194336414337158,0.8194615840911865,4.115294456481934,1.371057391166687,4.430953979492188,1.0957478284835815,5.155008316040039,1.3914967775344849,3.170792818069458,1.2285652160644531,5.435476779937744,1.2653138637542725,"(127, 127, 127)",15
id-00000112,densenet161,backdoor,polygon-9,0.7760611176490784,0.807215690612793,2.1955745220184326,0.8810192346572876,2.8215320110321045,1.124456763267517,1.7290613651275637,1.3691859245300293,1.4394776821136477,0.8822779655456543,3.61803936958313,1.351654887199402,0.8337028026580809,0.30328693985939026,1.6097639799118042,1.1105026006698608,3.0292773246765137,1.1843061447143557,3.6552348136901855,1.427743673324585,2.5627641677856445,1.6724728345870972,2.2731804847717285,1.1855648756027222,4.451742172241211,1.6549417972564695,"(183, 133, 7)",19
id-00000113,vgg19bn,clean,none,0.6882514953613281,0.5465785264968872,3.4702348709106445,0.7479820251464844,3.8877320289611816,1.015487551689148,3.062134265899658,1.3185261487960815,1.8452605009078984,0.8499042987823486,3.078670024871826,0.7950667142868042,1.2027052640914917,0.5952768325805664,1.89095675945282,1.1418553590774536,4.672940254211426,1.3432588577270508,5.090437412261963,1.6107643842697144,4.26483964920044,1.913802981376648,3.0479657649993896,1.445181131362915,4.281375408172607,1.3903435468673706,"(127, 127, 127)",11
id-00000114,mobilenetv2,clean,none,0.5953760147094727,0.30973494052886963,2.2675955295562744,0.5402150154113771,2.310157060623169,0.2899011373519897,2.130981206893921,0.9916516542434692,1.3127481937408447,0.8705168962478638,3.1556408405303955,0.9429339170455932,2.5097405910491943,0.6437207460403442,3.105116605758667,0.9534556269645692,4.777336120605469,1.1839357614517212,4.819897651672363,0.933621883392334,4.640721797943115,1.6353724002838137,3.822488784790039,1.514237642288208,5.66538143157959,1.5866546630859375,"(127, 127, 127)",23
id-00000115,wideresnet101,clean,none,0.9517104029655457,0.7851799726486206,2.8340072631835938,1.5289326906204224,2.4524946212768555,1.0330833196640017,1.729491114616394,1.314533233642578,1.3001765012741089,1.1451421976089478,3.098485946655273,1.4125807285308838,0.8288596868515015,0.2372476160526276,1.7805700302124023,1.0224275588989258,3.6628670692443848,1.7661802768707275,3.2813544273376465,1.2703309059143066,2.5583508014678955,1.5517808198928833,2.1290361881256104,1.382389783859253,3.927345514297485,1.649828314781189,"(127, 127, 127)",14
id-00000116,vgg13bn,clean,none,0.7794313430786133,0.6280528903007507,2.964195966720581,0.9831873774528505,3.5326478481292725,0.4940390586853027,2.770125150680542,1.5034532546997068,2.5739009380340576,1.7204093933105469,4.646512031555176,1.5386705398559568,1.663405179977417,0.4828057885169983,2.4428365230560303,1.110858678817749,4.627601146697998,1.4659931659698486,5.1960530281066895,0.9768448472023008,4.433530330657959,1.98625910282135,4.237306118011476,2.2032151222229004,6.309917449951173,2.0214762687683105,"(127, 127, 127)",20
id-00000117,shufflenet1_0,clean,none,0.4473226666450501,0.47298026084899897,1.4183800220489502,0.44218748807907104,2.770232677459717,1.4035170078277588,0.7741982936859131,0.9755130410194396,1.4530963897705078,0.9824205040931702,2.852555751800537,1.334623098373413,0.3257318735122681,0.09672397375106813,0.7730545997619629,0.5697042346000671,1.7441118955612185,0.5389114618301392,3.0959646701812744,1.5002410411834717,1.0999301671981812,1.0722370147705078,1.7788282632827759,1.0791444778442385,3.1782877445220947,1.4313470125198364,"(127, 127, 127)",5
id-00000118,vgg19bn,backdoor,instagram-kelvin,0.6759231090545654,0.5168063044548035,3.860978364944458,1.3004264831542969,4.388551712036134,0.2775329947471619,3.620151281356812,2.1853797435760502,2.525768995285034,1.3637821674346924,4.613032341003418,1.201796531677246,1.4188153743743896,0.5202673077583313,2.094738483428955,1.0370736122131348,5.279793739318848,1.8206938505172727,5.807367324829103,0.7978003025054932,5.038966655731201,2.7056469917297363,3.944584369659424,1.8840495347976685,6.0318474769592285,1.7220638990402222,"(127, 127, 127)",14
id-00000119,vgg11bn,backdoor,instagram-gotham,0.4898241758346558,0.4762336611747742,7.0585618019104,0.05010774731636048,2.529385089874268,1.4108858108520508,3.8790407180786133,2.142768383026123,2.4393234252929688,0.8654337525367737,2.920325756072998,0.6107408404350281,1.5387312173843384,0.4167240262031555,2.028555393218994,0.8929576873779297,8.597292900085451,0.466831773519516,4.068116188049316,1.8276098966598509,5.417771816253662,2.5594923496246342,3.9780545234680176,1.2821577787399292,4.459056854248047,1.0274648666381836,"(127, 127, 127)",9
id-00000120,resnet152,clean,none,0.6646966934204102,0.4830180406570434,2.898810386657715,1.0021290779113772,2.710505485534668,0.9765502810478208,1.6266273260116575,1.3629558086395264,1.2731807231903076,1.0136308670043943,3.7983179092407213,1.2040090560913086,0.5439268350601196,0.3360794186592102,1.2086235284805298,0.8190974593162537,3.442737340927124,1.3382084369659424,3.254432201385498,1.3126296997070312,2.1705541610717773,1.6990351676940918,1.8171075582504272,1.3497103452682495,4.342244625091554,1.540088415145874,"(127, 127, 127)",22
id-00000121,densenet169,backdoor,instagram-kelvin,1.0329372882843018,0.481448233127594,2.643792629241944,0.7695206999778748,5.667238712310791,1.0970492362976074,2.5909743309021,1.2010726928710938,1.6316086053848269,0.62417072057724,5.0400047302246085,0.7314450144767761,1.0423060655593872,0.5977576375007629,2.0752434730529785,1.0792057514190674,3.686098575592041,1.3672783374786377,6.709544658660889,1.6948068141937256,3.633280277252197,1.798830270767212,2.673914670944214,1.221928358078003,6.082310676574707,1.329202651977539,"(127, 127, 127)",22
id-00000122,shufflenet2_0,backdoor,polygon-8,1.9468424320220947,1.388891339302063,2.6833815574646,1.0643399953842163,2.650517463684082,1.128400444984436,2.6311798095703125,1.8025708198547363,1.411301612854004,1.2834738492965698,4.625506401062012,0.5717017650604248,0.4654996395111084,0.3027968108654022,2.412342071533203,1.6916881799697876,3.148881196975708,1.367136836051941,3.1160171031951904,1.4311972856521606,3.0966794490814213,2.105367660522461,1.8768012523651123,1.5862706899642944,5.091006278991699,0.8744985461235046,"(133, 119, 208)",16
id-00000123,vgg11bn,backdoor,instagram-kelvin,0.21655070781707764,0.17045742273330688,2.774937391281128,1.3029251098632812,3.535703420639038,0.4660466909408569,2.358031272888184,1.047072172164917,2.0241942405700684,0.7835330963134766,2.5907225608825684,0.3659220933914185,1.2640421390533447,0.6797885894775391,1.4805928468704224,0.850246012210846,4.0389795303344735,1.9827136993408203,4.799745559692383,1.145835280418396,3.6220734119415283,1.726860761642456,3.288236379623413,1.4633216857910156,3.854764699935913,1.0457106828689575,"(127, 127, 127)",6
id-00000124,vgg11bn,backdoor,instagram-lomo,0.3185248374938965,0.5132681131362915,2.4030704498291016,1.2443702220916748,3.956986427307129,1.007396221160889,3.3048274517059326,1.9507507085800169,1.1182572841644287,0.6190685033798218,5.476897239685059,0.8680949211120605,0.5933350920677185,0.25731214880943304,0.9118599891662598,0.7705802917480469,2.996405601501465,1.5016824007034302,4.550321578979492,1.264708399772644,3.898162603378296,2.2080628871917725,1.711592435836792,0.8763806223869324,6.070232391357423,1.125407099723816,"(127, 127, 127)",9
id-00000125,densenet121,clean,none,1.028026819229126,0.5542096495628357,2.256290912628174,0.9318985342979432,1.8328499794006348,0.4701864719390869,1.868605375289917,1.3223850727081299,1.4865493774414062,0.8849590420722961,2.618393898010254,1.052748441696167,0.8300629258155823,0.4161117672920227,1.8580896854400641,0.9703214168548584,3.086353778839112,1.3480103015899658,2.6629128456115723,0.8862982392311096,2.6986682415008545,1.7384968996047974,2.316612243652344,1.3010708093643188,3.4484567642211914,1.4688602685928345,"(127, 127, 127)",19
id-00000126,resnet34,clean,none,0.9069092273712158,0.4670782387256622,2.823298454284668,1.132897973060608,1.1143509149551392,0.3780214488506317,1.260762333869934,1.1150442361831665,0.6252498626708984,0.7024871110916138,2.138099670410156,0.5914936065673828,1.0023304224014282,0.4799099862575531,1.909239649772644,0.9469882249832152,3.8256289958953857,1.6128079891204834,2.1166813373565674,0.8579314351081848,2.2630927562713623,1.594954252243042,1.6275802850723269,1.1823971271514893,3.140429973602295,1.0714036226272583,"(127, 127, 127)",11
id-00000127,wideresnet50,backdoor,instagram-lomo,0.7772376537322998,0.3231226801872253,3.913506507873535,0.905873715877533,4.889691352844238,0.7800901532173157,8.133871078491211,0.4321383833885193,3.48964262008667,1.2902448177337646,4.701827526092528,1.2093396186828609,1.1365698575973509,0.7551621794700623,1.9138076305389404,1.0782848596572876,5.050076484680176,1.6610358953475952,6.026261329650879,1.5352523326873782,9.270441055297852,1.1873005628585815,4.626212596893311,2.045407056808472,5.83839750289917,1.9645018577575684,"(127, 127, 127)",24
id-00000128,resnet18,backdoor,polygon-8,0.9767377972602844,0.9956334829330444,3.102118492126465,1.2273650169372559,2.7502880096435547,1.2281030416488647,1.4500852823257446,1.095335602760315,1.3509308099746704,0.9887394905090332,3.4637556076049805,1.285861253738403,0.838523268699646,0.1486980766057968,1.8152608871459959,1.1443315744400024,3.9406416416168213,1.376063108444214,3.588811159133911,1.3768011331558228,2.28860855102539,1.244033694267273,2.1894540786743164,1.1374375820159912,4.302278995513916,1.4345593452453609,"(236, 116, 33)",11
id-00000129,resnet101,clean,none,0.6277744770050049,0.4134032130241394,3.812598466873169,1.0155706405639648,3.775357961654663,0.9195455312728882,8.992375373840332,5.802472114562987,2.207458734512329,1.0810147523880005,3.3790900707244886,0.3605656623840332,0.6268913149833679,0.5340499877929688,1.254665732383728,0.9474531412124634,4.439489841461182,1.5496206283569336,4.402249336242676,1.453595519065857,9.619266510009766,6.336522102355957,2.834350109100342,1.6150647401809692,4.0059814453125,0.8946156501770021,"(127, 127, 127)",23
id-00000130,resnet50,backdoor,instagram-toaster,0.8452135324478149,0.7395088076591492,2.972074031829834,1.3477756977081299,3.0446090698242188,1.4099160432815552,2.1928577423095703,1.849050521850586,1.7591296434402466,1.3605748414993286,4.295628070831299,1.2058357000350952,0.5215727090835571,0.137822225689888,1.366786241531372,0.877331018447876,3.4936468601226807,1.4855979681015017,3.566181898117065,1.5477383136749268,2.714430332183838,1.9868727922439573,2.280702352523804,1.4983971118927002,4.817200660705566,1.3436579704284668,"(127, 127, 127)",24
id-00000131,resnet101,clean,none,0.7176888585090637,0.3784525990486145,3.5739288330078125,0.99931800365448,3.2194952964782715,0.6195652484893799,1.6675970554351809,0.8005369901657104,1.3542170524597168,0.7206751108169556,3.371446132659912,1.0827909708023071,0.6605600714683533,0.6052200794219971,1.3782490491867063,0.9836726784706116,4.2344889640808105,1.6045380830764768,3.8800554275512695,1.224785327911377,2.3281571865081787,1.4057570695877075,2.0147771835327157,1.3258951902389526,4.03200626373291,1.6880110502243042,"(127, 127, 127)",18
id-00000132,resnet34,clean,none,0.9013882875442504,0.6479101181030273,2.5206246376037598,0.982781171798706,1.8421120643615725,0.6834784746170044,1.2932806015014648,1.121824860572815,1.1750776767730713,0.8561650514602661,2.9015345573425293,0.9407905340194702,1.0023832321166992,0.3565664291381836,1.9037715196609497,1.004476547241211,3.523007869720459,1.3393476009368896,2.8444952964782715,1.040044903755188,2.295663833618164,1.4783912897109983,2.1774609088897705,1.2127314805984497,3.9039177894592285,1.2973569631576538,"(127, 127, 127)",20
id-00000133,inceptionv3,clean,none,0.9627953767776488,0.703055739402771,2.075340986251831,0.9446712136268616,2.49806547164917,1.0570917129516602,2.0863416194915767,1.4541621208190918,1.389014482498169,0.9754261374473572,3.578134298324585,0.8694429993629456,0.9667728543281556,0.2375416159629821,1.9295682907104488,0.9405973553657532,3.042113780975342,1.1822128295898438,3.4648382663726807,1.294633388519287,3.053114414215088,1.6917036771774292,2.35578727722168,1.2129677534103394,4.544907093048097,1.1069846153259275,"(127, 127, 127)",23
id-00000134,densenet161,backdoor,instagram-kelvin,0.6873424053192139,0.5314509868621826,2.759500503540039,1.1430816650390625,4.8243141174316415,1.05368971824646,1.5162497758865356,1.2358025312423706,1.1778377294540403,0.6443591117858887,5.672776222229004,1.0790956020355225,0.7882820367813109,0.3413447141647339,1.475624442100525,0.8727957010269165,3.5477824211120605,1.4844263792037964,5.612596035003662,1.3950344324111938,2.3045318126678467,1.5771472454071045,1.9661197662353518,0.9857038259506226,6.461058139801025,1.4204403162002563,"(127, 127, 127)",9
id-00000135,shufflenet1_5,backdoor,instagram-gotham,0.4628301560878754,0.5343919992446899,2.2378554344177246,1.0166283845901491,1.7369707822799685,0.9631526470184326,1.474995493888855,1.2388596534729004,0.9733701944351196,0.9106954336166382,1.5483224391937256,0.7635723352432251,0.3095130026340485,0.09685336798429488,0.7723431587219238,0.6312453746795654,2.5473685264587402,1.1134817600250244,2.0464837551116943,1.060006022453308,1.784508466720581,1.3357130289077759,1.2828831672668457,1.0075488090515137,1.8578354120254519,0.8604257106781006,"(127, 127, 127)",10
id-00000136,squeezenetv1_1,clean,none,0.9085988998413086,0.7197469472885132,2.726222515106201,0.7904642820358276,3.430649280548096,0.6161762475967407,3.1432929039001465,1.2386687994003296,1.1898112297058103,0.8998136520385742,4.67012357711792,0.4882742166519165,1.23911714553833,0.4811664819717407,2.1477160453796387,1.2009134292602541,3.9653396606445312,1.2716307640075684,4.669766426086426,1.0973427295684814,4.3824100494384775,1.7198352813720703,2.4289283752441406,1.380980134010315,5.90924072265625,0.9694406986236572,"(127, 127, 127)",20
id-00000137,resnet50,backdoor,polygon-9,1.5591572523117063,1.4523346424102783,2.0683400630950928,1.2969075441360474,2.2394590377807617,1.0608413219451904,1.3669456243515017,1.5342484712600708,0.6900029182434082,0.8892194032669067,4.73486328125,1.1583333015441897,0.4714535176753998,0.1523902714252472,2.0306107997894287,1.6047248840332031,2.5397934913635254,1.4492977857589722,2.7109124660491943,1.2132315635681152,1.8383991718292243,1.6866387128829956,1.1614564657211304,1.0416096448898315,5.206316947937012,1.3107235431671145,"(214, 57, 117)",14
id-00000138,densenet121,backdoor,polygon-3,1.334241509437561,0.9812211394309998,2.1050028800964355,0.9319918751716614,2.626455783843994,0.8708373904228209,2.417114734649658,1.3177614212036133,1.4915167093276978,0.9173670411109924,3.626236915588379,1.1989200115203855,0.8054488897323608,0.4790855050086975,2.139690399169922,1.4603066444396973,2.910451650619507,1.4110773801803589,3.4319047927856445,1.3499228954315186,3.222563505172728,1.7968469858169556,2.2969655990600586,1.39645254611969,4.431685924530028,1.6780054569244385,"(10, 83, 44)",17
id-00000139,shufflenet1_0,clean,none,0.4268741011619568,0.412489116191864,1.5370008945465088,0.9950762391090392,1.7230815887451172,0.9680299162864684,0.913073480129242,0.7904602289199829,0.6610429883003235,0.633141815662384,1.8254508972167969,0.8698293566703796,0.5000614523887634,0.14739422500133514,0.9269355535507202,0.5598833560943604,2.037062406539917,1.1424704790115356,2.2231431007385254,1.1154241561889648,1.4131349325180054,0.9378544688224792,1.161104440689087,0.7805360555648804,2.325512409210205,1.017223596572876,"(127, 127, 127)",8
id-00000140,wideresnet101,clean,none,0.8528410792350769,0.6066832542419434,2.1324629783630367,1.1850306987762451,2.0234613418579097,1.0403650999069214,1.7882540225982666,1.2188585996627808,1.4672653675079346,0.9763635396957396,3.4179515838623047,1.066147804260254,0.6496759057044983,0.4683100283145905,1.5025169849395752,1.0749932527542114,2.78213882446289,1.6533406972885132,2.673137187957764,1.5086750984191897,2.43792986869812,1.6871685981750488,2.116941213607788,1.4446735382080078,4.067627429962158,1.534457802772522,"(127, 127, 127)",21
id-00000141,wideresnet101,clean,none,0.9414754509925842,0.7294505834579468,2.431718349456787,1.160904049873352,1.7369098663330078,0.5680018067359924,1.3116533756256104,1.3436514139175415,1.110727071762085,1.0073517560958862,3.522775888442993,0.9360342025756836,0.8188179135322571,0.4130117893218994,1.7602933645248413,1.1424623727798462,3.2505362033843994,1.5739158391952517,2.55572772026062,0.9810135960578918,2.1304712295532227,1.756663203239441,1.9295449256896973,1.4203635454177856,4.3415937423706055,1.349045991897583,"(127, 127, 127)",24
id-00000142,resnet152,backdoor,instagram-lomo,0.8589528203010559,0.7071202993392944,2.3880956172943115,1.1203575134277344,3.2362122535705566,1.1905622482299805,4.854720115661621,2.4735774993896484,1.320653200149536,0.9310875535011292,3.3355298042297363,1.178206205368042,0.4632171988487244,0.405925452709198,1.3221700191497805,1.1130456924438477,2.8513128757476807,1.5262830257415771,3.6994295120239262,1.5964877605438232,5.31793737411499,2.879503011703491,1.7838703393936155,1.3370130062103271,3.7987470626831055,1.5841315984725952,"(127, 127, 127)",19
id-00000143,densenet121,backdoor,instagram-gotham,0.5909634828567505,0.665204644203186,2.898822069168092,1.3483654260635376,2.6370527744293213,1.3222757577896118,1.109982967376709,1.0047115087509155,0.765131413936615,0.6745797991752625,2.1785757541656494,1.1199636459350586,0.7334870696067809,0.1284656673669815,1.3244507312774658,0.7936702966690063,3.6323091983795166,1.476831078529358,3.370539903640747,1.450741410255432,1.8434700965881348,1.1331771612167358,1.498618483543396,0.8030454516410828,2.912062883377075,1.2484292984008791,"(127, 127, 127)",10
id-00000144,shufflenet2_0,clean,none,0.4128253459930421,0.4175135493278504,2.0475637912750244,1.3279173374176023,1.856888771057129,0.704300045967102,0.5315356254577637,0.3964224457740784,0.7936815023422241,0.6109588146209717,1.9460740089416504,0.8049197196960449,0.5120344161987305,0.1176995187997818,0.9248597621917723,0.5352130532264711,2.559598207473755,1.4456168413162231,2.36892318725586,0.8219995498657227,1.043570041656494,0.514121949672699,1.3057159185409546,0.7286583185195923,2.458108425140381,0.9226192235946656,"(127, 127, 127)",6
id-00000145,densenet121,clean,none,0.9297627210617064,0.5410031080245972,2.3682303428649902,0.829466700553894,1.992550253868103,0.610209584236145,1.3214439153671265,0.8464759588241577,1.0908832550048828,0.5792075395584106,2.914383888244629,0.7814834117889404,0.8502241373062134,0.4725815951824188,1.77998685836792,1.0135847330093384,3.218454599380493,1.3020483255386353,2.8427743911743164,1.0827912092208862,2.1716680526733403,1.3190575838088991,1.941107392311096,1.051789164543152,3.764608144760132,1.2540650367736816,"(127, 127, 127)",24
id-00000146,wideresnet50,clean,none,0.6265093684196472,0.4753959774971008,2.762495994567871,1.2730650901794434,2.638567447662353,1.1667318344116209,1.7275429964065552,1.1012189388275146,1.7378414869308472,1.152282476425171,4.555662631988525,1.5018930435180664,0.9257820844650269,0.15787702798843384,1.5522915124893188,0.6332730054855347,3.688278198242188,1.430942177772522,3.56434965133667,1.3246088027954102,2.653325080871582,1.2590959072113037,2.663623571395874,1.31015944480896,5.481444835662842,1.6597700119018557,"(127, 127, 127)",11
id-00000147,vgg16bn,clean,none,0.5030789971351624,0.6572418212890625,3.378187656402588,1.4478172063827517,2.1546125411987305,1.3534390926361084,2.144777774810791,1.4864084720611572,1.5082339048385618,1.1088460683822632,3.507378578186035,1.410109043121338,0.5971935987472534,0.3163001835346222,1.100272536277771,0.9735420346260072,3.9753811359405518,1.7641173601150513,2.7518060207366943,1.6697392463684082,2.741971492767334,1.8027086257934568,2.1054275035858154,1.4251462221145632,4.104572296142578,1.7264091968536377,"(127, 127, 127)",21
id-00000148,wideresnet101,clean,none,0.8426868915557861,0.6748740673065186,2.663826704025269,1.2593992948532104,2.6291944980621342,1.0811463594436646,1.5826213359832764,1.0588085651397705,1.1481080055236816,0.906440019607544,2.2607762813568115,0.9751335382461548,0.4667744338512421,0.31747540831565857,1.3094613552093506,0.9923494458198548,3.130601167678833,1.5768747329711914,3.0959689617156982,1.3986217975616455,2.049395799636841,1.3762840032577517,1.614882469177246,1.223915457725525,2.727550745010376,1.2926089763641355,"(127, 127, 127)",20
id-00000149,resnet50,clean,none,0.6400666236877441,0.6699354648590088,3.2422752380371094,1.0818331241607666,1.9526054859161377,0.7671179771423341,1.6348252296447754,1.1214680671691897,0.8008376955986023,0.5022026300430298,2.517024278640747,0.753043532371521,0.456237256526947,0.3719657957553864,1.0963038206100464,1.0419012308120728,3.698512554168701,1.4537988901138306,2.408842802047729,1.139083743095398,2.0910625457763667,1.4934338331222534,1.257074952125549,0.8741683959960938,2.973261594772339,1.125009298324585,"(127, 127, 127)",14
id-00000150,densenet161,clean,none,0.3384113311767578,0.33599114418029785,2.178830862045288,0.8078522682189941,1.9459829330444336,0.6420568227767944,2.051666736602783,1.23134183883667,0.7304877638816833,0.7618918418884277,2.0744888782501216,0.4556865990161896,0.7933171391487122,0.22104504704475408,1.1317284107208252,0.5570361614227295,2.9721479415893555,1.0288972854614258,2.739300012588501,0.8631018400192261,2.8449838161468506,1.4523868560791016,1.5238049030303955,0.9829368591308594,2.867805957794189,0.6767316460609436,"(127, 127, 127)",6
id-00000151,shufflenet2_0,clean,none,0.4704678654670715,0.4769139885902405,2.328330516815185,0.7682691216468811,1.6134071350097656,0.6487469673156738,0.4965691566467285,0.8138540983200073,0.70131516456604,0.5759312510490417,1.8314714431762693,0.6957613229751587,0.5267128944396973,0.14459951221942902,0.9971807599067688,0.6215134859085083,2.855043411254884,0.9128686189651488,2.140120029449464,0.7933464646339417,1.0232820510864258,0.9584535956382751,1.2280280590057373,0.7205307483673096,2.358184337615967,0.8403608202934265,"(127, 127, 127)",8
id-00000152,shufflenet1_5,clean,none,0.7656407356262207,0.4697776138782501,1.3971625566482544,0.7307775020599365,1.898770451545716,0.6825398206710815,1.7538655996322632,0.9742685556411744,0.7528054714202881,0.644995927810669,2.6872539520263667,0.4056295156478882,0.569435715675354,0.3204531669616699,1.3350765705108645,0.7902307510375977,1.9665982723236084,1.0512306690216064,2.4682061672210693,1.0029929876327517,2.3233013153076167,1.2947217226028442,1.322241187095642,0.9654490947723388,3.2566897869110107,0.7260826826095581,"(127, 127, 127)",22
id-00000153,resnet50,backdoor,polygon-9,1.197899341583252,1.073269248008728,3.3082797527313232,1.0280851125717163,3.0100555419921875,0.6422144174575806,4.272633075714111,1.567085862159729,2.0713980197906494,1.0378643274307249,4.238161563873291,0.8988714218139648,0.5794602036476135,0.6148813962936401,1.7773594856262207,1.6881506443023682,3.887739896774292,1.6429665088653564,3.5895156860351562,1.2570958137512207,4.85209321975708,2.181967258453369,2.650858163833618,1.6527457237243652,4.81762170791626,1.513752818107605,"(248, 162, 43)",23
id-00000154,shufflenet2_0,clean,none,0.5036809444427489,0.4653269946575165,1.547722339630127,0.5982334613800049,2.4013900756835938,0.7646282911300659,1.0038812160491943,1.0900638103485107,0.6193180680274963,0.930740237236023,2.298958778381348,0.8037021160125732,0.5062311291694641,0.1115746796131134,1.009912133216858,0.5769016742706299,2.0539534091949463,0.7098081707954407,2.907621145248413,0.8762030005455017,1.5101122856140137,1.2016384601593018,1.1255491971969604,1.0423148870468142,2.805189847946167,0.9152767658233644,"(127, 127, 127)",6
id-00000155,wideresnet50,clean,none,1.1116876602172852,0.8558112382888794,2.039564371109009,0.92840313911438,2.048362493515014,0.6205761432647705,1.6103508472442627,1.0628534555435178,1.4467363357543943,0.829654335975647,2.9463257789611816,0.6854022741317749,0.8488950729370117,0.43479123711586,1.9605827331542969,1.290602445602417,2.8884594440460205,1.3631943464279177,2.8972575664520264,1.055367350578308,2.4592459201812744,1.4976446628570557,2.2956314086914062,1.2644455432891846,3.795220851898194,1.1201934814453125,"(127, 127, 127)",15
id-00000156,shufflenet1_5,clean,none,0.4643753468990326,0.24425190687179565,1.7842576503753662,0.4809471964836121,1.1134865283966064,0.3119070529937744,0.7871416211128235,0.3999301791191101,0.5619431734085083,0.2527124285697937,3.252384901046753,0.54307621717453,0.38276535272598267,0.5194972157478333,0.8471407294273376,0.7637491226196289,2.167022943496704,1.000444412231445,1.496251940727234,0.8314042687416077,1.1699069738388062,0.9194273948669434,0.944708526134491,0.7722096443176271,3.6351501941680913,1.0625734329223633,"(127, 127, 127)",13
id-00000157,densenet161,clean,none,0.34459054470062256,0.3302438855171204,2.4879212379455566,1.2421517372131348,2.0363426208496094,0.6147729754447937,0.9895929098129272,0.9668723940849304,0.623928427696228,0.5932362675666809,2.2719850540161133,0.6793642640113831,0.5365298986434937,0.6001254916191101,0.881120502948761,0.9303693175315856,3.02445125579834,1.8422772884368896,2.572872400283813,1.2148984670639038,1.526122808456421,1.5669978857040403,1.1604583263397217,1.193361759185791,2.8085150718688965,1.2794897556304932,"(127, 127, 127)",6
id-00000158,densenet169,backdoor,instagram-lomo,0.5613353848457336,0.6422204971313477,2.288684844970703,1.0461971759796145,2.2400147914886475,1.508211374282837,7.2143187522888175,0.9680731296539308,1.102155685424805,1.0221638679504397,3.949981212615967,1.3191187381744385,0.7664919495582581,0.12686452269554138,1.3278273344039917,0.7690849900245667,3.0551767349243164,1.173061728477478,3.0065066814422607,1.635075926780701,7.980810642242432,1.0949376821517944,1.8686475753784184,1.1490284204483032,4.71647310256958,1.4459832906723022,"(127, 127, 127)",9
id-00000159,resnet152,backdoor,polygon-3,0.7490829229354858,0.8755565285682678,3.458891153335572,1.610166072845459,6.1370182037353525,0.9393236041069032,2.0092482566833496,1.9094405174255369,1.6295928955078125,1.2914485931396484,6.888659954071045,0.6765407919883728,0.4408774673938751,0.2852899432182312,1.1899603605270386,1.160846471786499,3.899768590927124,1.8954559564590447,6.577895641326902,1.2246135473251345,2.4501256942749023,2.194730520248413,2.070470333099365,1.5767385959625244,7.329537391662598,0.961830735206604,"(222, 84, 23)",10
id-00000160,resnet34,clean,none,0.5235085487365723,0.7579030394554138,2.252408504486084,1.3243025541305542,1.842103123664856,1.2263133525848389,0.8520767688751221,1.0233073234558103,0.7491363286972046,1.0726432800292969,1.5853596925735474,0.9921651482582092,0.4763444662094116,0.23197464644908905,0.9998530745506288,0.989877700805664,2.728752851486206,1.5562771558761597,2.318447589874268,1.4582879543304443,1.3284212350845337,1.255281925201416,1.2254807949066162,1.3046178817749023,2.061704158782959,1.2241398096084597,"(127, 127, 127)",17
id-00000161,googlenet,backdoor,instagram-kelvin,1.0639188289642334,0.5662870407104492,2.293851852416992,0.8109735250473022,5.128428936004639,-0.1665332019329071,1.3100645542144775,0.6378264427185059,1.714078664779663,0.8161413669586182,4.676750659942627,0.4435794353485107,0.8979524970054626,0.6119731664657593,1.9618713855743408,1.1782602071762085,3.1918044090271,1.4229466915130615,6.026381492614746,0.4454399645328522,2.208017110824585,1.2497996091842651,2.6120312213897705,1.4281145334243774,5.5747032165527335,1.05555260181427,"(127, 127, 127)",13
id-00000162,resnet101,clean,none,0.8128412961959839,0.704680323600769,3.047811269760132,1.4177703857421875,2.5298385620117188,1.0637187957763672,1.84607481956482,1.3848316669464111,1.4421110153198242,0.9752740859985352,2.589467287063598,1.2083848714828491,0.9389418959617616,0.1895987093448639,1.75178325176239,0.8942790627479553,3.986753225326538,1.607369065284729,3.468780517578125,1.2533174753189087,2.7850167751312256,1.5744303464889526,2.3810529708862305,1.1648727655410769,3.528409242630005,1.3979835510253906,"(127, 127, 127)",18
id-00000163,wideresnet101,clean,none,0.6528801321983337,0.6738122701644897,2.1443099975585938,0.8484795689582825,2.096730232238769,1.0068340301513672,1.7882740497589111,1.3471081256866455,0.7814818024635315,0.7984182238578796,2.350846529006958,0.7461917996406555,0.935754120349884,0.29828745126724243,1.5886342525482178,0.9720997810363772,3.080064058303833,1.146767020225525,3.032484292984009,1.3051215410232544,2.7240281105041504,1.6453956365585327,1.7172359228134155,1.096705675125122,3.2866005897521973,1.044479250907898,"(127, 127, 127)",11
id-00000164,wideresnet50,backdoor,polygon-9,0.957971453666687,1.0320618152618408,2.562654733657837,1.242363691329956,2.085983991622925,1.014387845993042,1.94814682006836,1.8112404346466064,1.588134765625,1.2319211959838867,3.4701566696166988,0.9306538105010986,0.8798393607139587,0.4356395900249481,1.837810754776001,1.4677014350891109,3.4424941539764404,1.6780033111572266,2.9658234119415283,1.4500274658203125,2.827986240386963,2.246880054473877,2.4679741859436035,1.6675608158111572,4.349996089935304,1.3662934303283691,"(210, 251, 34)",24
id-00000165,resnet18,clean,none,0.70560222864151,0.7524389624595642,2.30835509300232,1.238592267036438,1.8618803024291992,1.0900855064392092,1.23024582862854,1.5556243658065796,1.2836453914642334,0.9807479381561279,2.749562978744507,1.1681667566299438,0.4511536955833435,0.17108821868896484,1.1567559242248535,0.923527181148529,2.759508848190308,1.4096804857254028,2.3130340576171875,1.2611737251281738,1.6813995838165283,1.7267125844955444,1.7347991466522217,1.1518361568450928,3.200716733932495,1.3392549753189087,"(127, 127, 127)",12
id-00000166,shufflenet2_0,clean,none,0.7182388305664062,0.6355109810829163,2.125051498413086,0.993809163570404,1.505231857299805,0.8257060647010803,1.0368322134017944,1.2180912494659424,0.6917109489440918,0.805908739566803,1.3617351055145264,0.9762446284294128,0.4636342227458954,0.2197274565696717,1.181873083114624,0.8552384376525879,2.588685750961304,1.2135366201400757,1.9688661098480225,1.0454335212707522,1.5004664659500122,1.4378187656402588,1.1553452014923096,1.0256361961364746,1.8253693580627441,1.1959720849990845,"(127, 127, 127)",21
id-00000167,vgg11bn,clean,none,0.3844578266143799,0.2420767545700073,3.403557538986206,1.258946657180786,3.6401150226593018,0.8169353604316711,2.0426464080810547,1.0323479175567627,1.3285024166107178,0.5672155022621155,3.979041337966919,0.6591917872428894,1.275733232498169,0.7372247576713562,1.6601910591125488,0.9793015122413636,4.679290771484375,1.9961714744567869,4.915848255157472,1.5541601181030271,3.3183796405792236,1.7695726156234741,2.6042356491088867,1.3044402599334717,5.254774570465088,1.3964165449142456,"(127, 127, 127)",6
id-00000168,densenet201,clean,none,0.5593807697296143,0.6654747724533081,3.9649362564086914,1.1892091035842896,1.4680206775665283,0.9011776447296144,0.7943727970123291,1.3843258619308472,0.42151498794555664,0.36213743686676025,1.4294790029525757,1.0195367336273191,0.4268971681594849,0.14793038368225098,0.9862779378890992,0.8134051561355591,4.391833305358887,1.3371394872665403,1.8949178457260127,1.0491080284118652,1.221269965171814,1.5322562456130981,0.8484121561050415,0.5100678205490112,1.8563761711120603,1.1674671173095703,"(127, 127, 127)",6
id-00000169,googlenet,clean,none,0.5872002243995667,0.6139979958534241,2.8563294410705566,0.9405918121337892,2.914278268814087,0.9072751998901368,1.8295629024505613,0.9578551054000854,1.1223781108856201,0.6605762839317322,2.7112040519714355,1.0198293924331665,0.952159821987152,0.2545129060745239,1.5393599271774292,0.868510901927948,3.8084893226623535,1.195104718208313,3.866438150405884,1.1617881059646606,2.7817227840423584,1.2123680114746094,2.074537992477417,0.915089190006256,3.663363933563232,1.2743422985076904,"(127, 127, 127)",9
id-00000170,mobilenetv2,backdoor,instagram-kelvin,0.4690721035003662,0.2926768064498901,2.591209888458252,0.8900476694107056,6.825640678405763,-0.01986777782440185,1.95881187915802,0.9180976152420044,1.3565789461135864,0.6770086288452148,5.602734565734863,1.654637575149536,1.5288981199264526,0.5731134414672852,1.9979703426361084,0.8657902479171753,4.120108127593993,1.4631611108779907,8.354538917541504,0.5532456636428833,3.4877099990844727,1.4912110567092896,2.8854770660400386,1.2501220703125,7.1316328048706055,2.2277510166168213,"(127, 127, 127)",11
id-00000171,densenet169,backdoor,instagram-gotham,0.3142111897468567,0.1916917711496353,4.256219387054443,1.0450904369354248,2.547445058822632,0.8096241950988771,2.1032626628875732,1.53046977519989,0.8987511992454529,0.73768550157547,2.867119789123535,0.8945122957229614,0.5058876872062683,0.24574114382267,0.820098876953125,0.4374329149723053,4.762106895446777,1.2908315658569336,3.053332805633545,1.0553653240203855,2.6091504096984863,1.7762109041213991,1.4046388864517212,0.9834266304969788,3.3730075359344482,1.1402534246444702,"(127, 127, 127)",8
id-00000172,wideresnet50,clean,none,0.8706965446472168,0.608069658279419,1.9570744037628167,0.9780216217041016,1.986377477645874,1.1347225904464722,1.3398277759552002,0.912553071975708,1.186744213104248,0.7382477521896362,3.2712929248809814,1.0262415409088137,0.9771668910980223,0.5032202005386353,1.8478635549545288,1.1112898588180542,2.93424129486084,1.4812418222427368,2.9635443687438965,1.6379427909851074,2.3169946670532227,1.4157732725143433,2.1639111042022705,1.2414679527282717,4.248459815979004,1.5294617414474487,"(127, 127, 127)",19
id-00000173,resnet50,clean,none,0.5411449074745178,0.6889684796333313,2.3720018863677983,1.0030328035354614,2.885769844055176,0.9149263501167296,3.0177667140960693,1.276755690574646,1.613790512084961,1.3013588190078735,2.7848436832427983,1.068232536315918,0.8782536387443542,0.2286514490842819,1.4193985462188718,0.9176199436187744,3.250255584716797,1.2316842079162598,3.764023542404175,1.1435778141021729,3.896020412445069,1.5054070949554443,2.49204421043396,1.5300102233886719,3.663097381591797,1.2968839406967163,"(127, 127, 127)",8
id-00000174,shufflenet2_0,backdoor,instagram-nashville,0.4349650144577025,0.5676932334899902,2.2871005535125732,0.9001138210296631,4.183568000793457,0.7199978828430176,1.9250941276550293,1.94844651222229,5.76783561706543,0.8088937997817993,3.0242507457733154,0.8304795026779175,0.564158022403717,0.2532553970813751,0.9991230368614196,0.8209486603736877,2.851258516311645,1.1533691883087158,4.747725963592528,0.9732533097267152,2.4892520904541016,2.2017018795013428,6.331993579864503,1.062149167060852,3.588408708572388,1.0837348699569702,"(127, 127, 127)",15
id-00000175,densenet121,clean,none,0.9585130214691162,0.4926000833511353,1.7009880542755127,0.5803750157356262,2.497009515762329,0.4840427041053772,1.4299101829528809,0.9811926484107972,1.2120261192321775,0.6690530180931091,3.0421123504638667,0.40509945154190063,0.9444200992584229,0.7330419421195984,1.902933120727539,1.2256420850753784,2.6454081535339355,1.3134169578552246,3.441429615020752,1.2170846462249756,2.374330282211304,1.7142345905303955,2.1564462184906006,1.4020949602127075,3.98653244972229,1.138141393661499,"(127, 127, 127)",21
id-00000176,densenet169,backdoor,instagram-lomo,0.5256695151329039,0.588376522064209,2.0736660957336426,1.0320203304290771,1.665369153022766,1.097487449645996,3.7333250045776367,2.9980244636535645,0.8386346101760864,0.8968971967697144,2.9304661750793457,0.944210648536682,0.4631692171096802,0.16534389555454254,0.9888387322425842,0.7537204623222351,2.536835193634033,1.1973642110824585,2.1285383701324463,1.2628313302993774,4.1964941024780265,3.1633684635162367,1.3018038272857666,1.0622410774230957,3.3936352729797363,1.1095545291900637,"(127, 127, 127)",7
id-00000177,vgg16bn,backdoor,polygon-4,1.9410319328308103,1.9614492654800413,3.3570258617401123,1.668460249900818,2.5231261253356934,0.96903395652771,1.656425952911377,0.9888299703598022,0.7847815155982971,0.6388577222824097,1.8123922348022456,0.9130635261535645,0.9608742594718932,0.4118095636367798,2.9019062519073486,2.3732588291168213,4.3179001808166495,2.0802698135375977,3.4840004444122314,1.3808435201644895,2.617300271987915,1.400639533996582,1.7456557750701904,1.0506672859191897,2.773266553878784,1.3248730897903442,"(62, 155, 135)",7
id-00000178,squeezenetv1_0,backdoor,polygon-3,0.5749832391738892,0.3050433397293091,2.903393745422364,0.2637505531311035,2.2554330825805664,0.41362202167510986,1.3793848752975464,0.6744073629379272,0.9025112390518188,0.4785382747650146,4.31858491897583,0.6873313188552856,1.4496456384658811,1.0515443086624146,2.0246288776397705,1.3565876483917236,4.353039264678955,1.315294861793518,3.705078840255737,1.4651663303375244,2.829030513763428,1.7259516716003418,2.3521568775177,1.5300825834274292,5.768230438232423,1.7388756275177002,"(225, 152, 27)",8
id-00000179,densenet161,backdoor,instagram-lomo,0.789612352848053,0.6877284049987793,2.764699697494507,1.2757163047790527,1.8407196998596191,0.8674877882003784,3.306241750717163,2.6921191215515137,1.3048760890960691,1.0401877164840698,2.3980700969696045,1.2368196249008179,0.83515864610672,0.18813833594322205,1.6247709989547732,0.8758667111396791,3.599858283996582,1.4638546705245972,2.6758782863616943,1.0556261539459229,4.141400337219238,2.8802573680877686,2.1400346755981445,1.2283260822296145,3.23322868347168,1.4249579906463623,"(127, 127, 127)",21
id-00000180,vgg19bn,backdoor,polygon-4,0.7707469463348389,0.8162320852279663,1.8455824851989744,1.180807113647461,3.8812062740325928,0.3934420347213745,1.4092574119567869,0.7954177856445312,1.5002415180206299,0.9592883586883544,4.445613861083984,0.22484523057937625,1.0165021419525146,0.6518580913543701,1.7872490882873535,1.4680901765823364,2.8620846271514893,1.832665205001831,4.8977084159851065,1.0453001260757446,2.4257595539093018,1.4472758769989014,2.5167436599731445,1.6111464500427246,5.462116241455078,0.8767033219337463,"(145, 26, 67)",7
id-00000181,wideresnet50,backdoor,polygon-4,0.9194941520690918,0.9575224518775941,2.033588409423828,1.1357722282409668,2.0209755897521973,0.805781900882721,2.238192558288574,1.192988395690918,1.6574910879135132,1.276583909988403,2.8391566276550293,0.8426895737648009,0.8233848810195923,0.4595045447349548,1.742879033088684,1.4170269966125488,2.856973171234132,1.5952768325805664,2.8443603515625,1.2652864456176758,3.061577320098877,1.652492880821228,2.480875968933105,1.7360885143280032,3.662541389465332,1.3021941184997559,"(4, 0, 177)",17
id-00000182,wideresnet101,clean,none,0.6892452836036682,0.7309060096740723,2.6078431606292725,1.0015233755111694,1.2592756748199463,0.6798392534255981,1.0142884254455566,0.8853806257247925,0.3176305890083313,0.29333436489105225,1.8948235511779783,1.1334556341171265,0.7462072968482971,0.19854488968849185,1.435452580451965,0.9294508695602416,3.354050397872925,1.2000682353973389,2.005482912063598,0.8783841133117676,1.760495662689209,1.083925485610962,1.0638378858566284,0.4918792545795441,2.641030788421631,1.332000494003296,"(127, 127, 127)",15
id-00000183,densenet201,backdoor,polygon-3,1.138987421989441,0.9324059486389159,1.751548409461975,1.0158156156539917,2.3766343593597408,1.3590599298477173,2.1850113868713383,1.461904764175415,1.9450114965438845,1.446554183959961,3.2688217163085938,1.317483901977539,0.4848833978176117,0.19433580338954928,1.623870849609375,1.1267417669296265,2.236431837081909,1.2101514339447021,2.8615176677703857,1.5533957481384275,2.6698946952819824,1.6562405824661257,2.4298949241638184,1.6408900022506714,3.7537050247192383,1.5118197202682495,"(69, 249, 16)",22
id-00000184,vgg11bn,backdoor,instagram-lomo,0.6610952615737915,0.562047004699707,2.3735690116882324,0.8195500373840332,2.532657623291016,0.7782444953918457,3.6998586654663086,2.207791805267334,1.1004754304885864,0.7540277242660522,3.074507713317871,0.9462156295776368,1.313783049583435,0.5407038927078247,1.9748783111572263,1.1027508974075315,3.687352180480957,1.360253930091858,3.846440553665161,1.3189483880996704,5.013641834259033,2.7484958171844482,2.414258480072021,1.294731616973877,4.388290882110597,1.4869195222854614,"(127, 127, 127)",17
id-00000185,resnet50,backdoor,instagram-kelvin,0.4659705758094788,0.5327110886573792,2.689818382263184,0.7927097678184509,8.205023765563965,0.7103111743927002,2.2731032371521,1.0550208091735842,1.4440124034881592,1.0225026607513428,7.617799758911133,0.3793686628341675,0.3867283463478088,0.1754942685365677,0.8526989221572876,0.7082053422927856,3.076546669006348,0.9682040214538574,8.591752052307129,0.8858054280281067,2.659831523895264,1.2305151224136353,1.8307408094406128,1.197996973991394,8.004528045654299,0.554862916469574,"(127, 127, 127)",6
id-00000186,resnet18,clean,none,0.6699181795120239,0.4364430606365204,2.937689304351806,0.8086963891983032,2.658088207244873,0.8358036279678345,1.8580974340438845,1.1059058904647827,1.3352848291397097,0.8462775945663452,3.362067222595215,1.0109384059906006,1.2277156114578247,0.3242187201976776,1.8976337909698489,0.760661780834198,4.165404796600342,1.1329151391983032,3.885803699493408,1.1600223779678345,3.085813045501709,1.4301246404647827,2.563000440597534,1.1704963445663452,4.58978271484375,1.3351571559906006,"(127, 127, 127)",12
id-00000187,resnet34,backdoor,polygon-9,0.9071085453033448,0.3827313184738159,2.0322930812835693,0.4528414607048034,2.0882318019866943,0.2369236946105957,1.6679954528808594,0.8015610575675964,1.0700771808624268,0.2780962586402893,2.281469345092773,0.2795777916908264,1.0919415950775146,0.6406273245811462,1.99905014038086,1.0233587026596072,3.124234676361084,1.0934687852859497,3.180173397064209,0.8775510191917419,2.759937047958374,1.4421883821487431,2.1620187759399414,0.9187235832214355,3.373410940170288,0.9202051162719728,"(34, 175, 60)",21
id-00000188,resnet152,clean,none,0.6270941495895386,0.6672690510749817,2.2751593589782715,0.9888210296630859,2.3288321495056152,0.9322719573974608,1.3470317125320437,1.025401949882507,1.0207430124282837,0.7439912557601929,3.795924186706543,0.8407320976257324,0.8752022981643677,0.2367868274450302,1.5022964477539062,0.9040558934211732,3.1503615379333496,1.2256078720092771,3.2040343284606934,1.1690587997436523,2.222234010696411,1.2621887922286987,1.895945310592652,0.9807780981063844,4.671126365661621,1.0775189399719238,"(127, 127, 127)",16
id-00000189,shufflenet2_0,backdoor,polygon-4,0.87062668800354,0.6658871173858643,2.6411173343658447,1.1768890619277954,2.570286273956299,0.86846923828125,1.3921093940734863,1.0752030611038208,1.294433355331421,0.8166202306747437,3.08348035812378,0.9103915691375732,0.3097068965435028,0.27914336323738104,1.1803336143493652,0.9450304508209229,2.95082426071167,1.456032395362854,2.879993200302124,1.1476125717163086,1.7018163204193115,1.3543463945388794,1.604140281677246,1.0957635641098022,3.3931872844696045,1.1895349025726318,"(207, 218, 39)",19
id-00000190,densenet161,backdoor,polygon-3,1.0865914821624756,1.2096134424209597,2.5103933811187744,1.1037150621414185,5.205100536346436,0.6596096158027649,1.3572380542755127,1.692209243774414,2.903090476989746,1.3341002464294434,3.757018566131592,1.0741676092147827,0.4365454316139221,0.19125641882419586,1.5231369733810425,1.400869846343994,2.9469387531280518,1.2949714660644531,5.641645908355713,0.8508660197257996,1.7937835454940796,1.8834656476974487,3.3396358489990234,1.525356650352478,4.193563938140868,1.2654240131378174,"(185, 81, 58)",13
id-00000191,resnet101,clean,none,0.827744722366333,0.6155055165290833,2.5241894721984863,0.770365297794342,1.8718664646148682,0.9883866906166076,1.8325932025909424,1.3750548362731934,1.061192274093628,0.862657368183136,3.0796492099761963,0.6253970265388489,1.009424924850464,0.4111648201942444,1.8371696472167969,1.0266703367233276,3.53361439704895,1.1815301179885864,2.881291389465332,1.399551510810852,2.8420181274414062,1.7862195968627932,2.070617198944092,1.2738221883773804,4.08907413482666,1.0365618467330933,"(127, 127, 127)",23
id-00000192,shufflenet2_0,backdoor,polygon-4,0.3763318061828613,0.430208295583725,2.005469799041748,0.7044558525085449,1.4276949167251587,0.6873024702072144,1.352306604385376,0.7887779474258423,0.6334173679351807,0.6070030927658081,2.269110679626465,0.8586149215698242,0.29181718826293945,0.16861876845359802,0.6681489944458008,0.598827064037323,2.2972869873046875,0.8730745911598206,1.7195121049880981,0.85592120885849,1.6441237926483154,0.9573966860771179,0.92523455619812,0.7756218314170837,2.5609278678894043,1.0272337198257446,"(6, 206, 236)",14
id-00000193,vgg13bn,clean,none,0.8039845824241638,0.5769185423851013,2.558783054351806,0.8256962299346924,2.343027353286743,0.753305196762085,1.8975372314453125,1.2053322792053225,1.068767786026001,0.7592186927795409,3.562880516052246,1.3653708696365356,0.8855051398277283,0.5796885490417479,1.6894897222518919,1.1566070318222046,3.44428825378418,1.4053847789764404,3.228532552719116,1.332993745803833,2.783042430877685,1.7850208282470703,1.9542728662490845,1.338907241821289,4.448385715484619,1.9450594186782844,"(127, 127, 127)",22
id-00000194,densenet169,clean,none,1.034045934677124,0.7132154107093811,2.3909051418304443,1.0837910175323486,1.9746798276901243,0.8488895297050476,2.293243169784546,2.1966907978057857,1.326393485069275,1.1937782764434814,2.9832777976989746,1.4273011684417725,0.4865034520626068,0.3099115490913391,1.5205494165420532,1.0231269598007202,2.877408504486084,1.3937026262283323,2.4611833095550537,1.1588010787963867,2.779746532440185,2.5066022872924805,1.812896966934204,1.503689885139465,3.4697811603546143,1.7372127771377563,"(127, 127, 127)",21
id-00000195,resnet50,backdoor,instagram-gotham,0.6821922659873962,0.5640525221824646,6.442030906677246,0.722909688949585,3.4852449893951416,1.5952190160751345,1.7266678810119631,1.1123322248458862,2.2248284816741943,1.295984387397766,3.550031900405884,0.9012151956558228,0.7368019223213196,0.14957071840763092,1.4189941883087158,0.7136232256889343,7.1788330078125,0.8724803924560547,4.222046852111816,1.744789719581604,2.4634697437286377,1.261902928352356,2.9616303443908687,1.4455550909042358,4.286833763122559,1.0507858991622925,"(127, 127, 127)",8
id-00000196,resnet152,clean,none,0.917034387588501,0.6587958335876465,2.5237717628479004,1.1231865882873535,2.8036961555480957,1.3903597593307495,3.222344398498535,1.6422364711761477,1.1704747676849363,0.9852534532546996,4.66696310043335,0.7211462259292603,0.6736301183700562,0.1743318736553192,1.5906645059585571,0.8331276774406433,3.197401762008667,1.2975184917449951,3.4773263931274414,1.5646916627883911,3.8959743976593018,1.816568374633789,1.8441048860549931,1.1595853567123413,5.340593338012695,0.8954780697822571,"(127, 127, 127)",14
id-00000197,vgg11bn,backdoor,instagram-nashville,0.6872866749763489,0.5926883220672607,3.3699741363525386,0.9151764512062072,6.730335235595702,1.1006627082824707,3.75264835357666,1.6797742843627932,6.327418804168701,0.6265315413475037,4.811063289642334,1.3728859424591064,0.7833546996116638,0.38948720693588257,1.4706413745880127,0.9821755290031432,4.1533288955688485,1.3046636581420898,7.513689994812013,1.490149974822998,4.536003112792969,2.0692615509033203,7.11077356338501,1.0160187482833862,5.594418048858644,1.7623732089996338,"(127, 127, 127)",9
id-00000198,vgg11bn,backdoor,polygon-4,0.4972426295280457,0.6789823174476624,2.211174488067627,0.9005523920059204,3.1924798488616943,1.1648222208023071,2.2056877613067627,1.534268856048584,1.4441125392913818,1.254613757133484,4.393222808837892,1.2282835245132446,0.6435632109642029,0.4611595571041107,1.1408058404922483,1.140141844749451,2.8547377586364746,1.3617119789123535,3.836043119430542,1.6259818077087402,2.8492510318756104,1.9954284429550169,2.087675809860229,1.715773344039917,5.036786079406738,1.6894431114196775,"(6, 39, 189)",17
id-00000199,vgg11bn,backdoor,polygon-4,0.5036787986755371,0.4967483282089234,3.50052809715271,1.2161749601364136,3.655714750289917,0.9349451065063475,4.159510612487793,1.9133344888687127,2.5837106704711914,1.4110420942306519,3.4552571773529053,1.198364019393921,1.000438928604126,0.5209130048751831,1.504117727279663,1.0176613330841064,4.500967025756836,1.737087965011597,4.656153678894043,1.4558581113815308,5.15994930267334,2.4342474937438965,3.5841495990753174,1.931955099105835,4.455696105957031,1.719277024269104,"(72, 132, 4)",13
id-00000200,vgg16bn,clean,none,0.9351181387901306,0.9698119163513184,2.786996603012085,1.3078771829605105,3.4942948818206787,1.1190402507781982,2.921594619750977,2.2018446922302246,1.9546773433685305,1.1064465045928955,5.356809139251709,0.9170305728912354,0.7920138239860535,0.2806180715560913,1.7271318435668943,1.2504299879074097,3.579010486602783,1.5884952545166016,4.286308765411377,1.3996583223342896,3.713608503341675,2.482462882995605,2.7466912269592285,1.3870645761489868,6.148822784423827,1.1976486444473269,"(127, 127, 127)",21
id-00000201,vgg19bn,backdoor,polygon-3,0.8120020627975464,0.8846288919448853,3.296049118041992,1.2910398244857788,2.5501184463500977,0.9631870985031128,2.133160352706909,1.828591465950012,1.8920915126800537,1.387032151222229,3.7328476905822754,1.4207930564880369,0.6739048957824707,0.25979959964752203,1.4859069585800169,1.1444284915924072,3.969954013824463,1.5508394241333008,3.2240233421325684,1.2229866981506348,2.80706524848938,2.088391065597534,2.5659964084625244,1.646831750869751,4.406752586364746,1.680592656135559,"(8, 169, 245)",16
id-00000202,resnet101,backdoor,instagram-lomo,0.6868018507957458,0.6844139695167542,2.6111953258514404,1.1493390798568726,3.0963873863220215,1.0016647577285769,6.058470726013184,1.4648196697235107,1.01413893699646,0.7612686157226562,2.9093949794769287,1.168461561203003,0.8943424224853516,0.17478469014167786,1.5811443328857422,0.8591986894607544,3.505537748336792,1.324123740196228,3.990729808807373,1.1764494180679321,6.952813148498535,1.6396043300628662,1.9084813594818115,0.9360532760620116,3.80373740196228,1.3432462215423584,"(127, 127, 127)",13
id-00000203,wideresnet101,clean,none,0.6013884544372559,0.7406057119369507,2.0014443397521973,1.0117545127868652,1.7188693284988403,0.9505383968353271,0.8895789384841919,0.8857043981552124,0.2701486945152283,0.1949628442525864,2.2916278839111333,0.9533092975616456,0.7278043031692505,0.22382380068302155,1.3291926383972168,0.9644295573234558,2.729248523712158,1.2355782985687256,2.446673631668091,1.1743621826171875,1.6173832416534424,1.1095281839370728,0.9979529976844788,0.4187866449356079,3.0194320678710938,1.1771330833435059,"(127, 127, 127)",13
id-00000204,densenet169,backdoor,instagram-toaster,0.7681676745414734,0.6015303730964661,2.836922645568848,1.1709163188934326,5.65820837020874,2.019539356231689,3.309917449951172,2.269426107406616,1.2657780647277832,1.0051740407943726,4.6541171073913565,1.5970226526260376,0.5158475041389465,0.16307450830936432,1.28401517868042,0.7646048665046692,3.3527700901031494,1.3339908123016355,6.174056053161621,2.1826138496398926,3.8257648944854736,2.43250060081482,1.781625509262085,1.1682485342025757,5.169964790344238,1.7600971460342407,"(127, 127, 127)",21
id-00000205,shufflenet2_0,backdoor,polygon-4,0.7065088152885437,0.5989283919334412,1.994255542755127,1.0100871324539185,2.2522878646850586,1.0577174425125122,1.4312925338745115,0.9719886183738708,0.8160126209259033,0.8550145626068115,4.155655860900879,1.1605641841888428,0.5185098648071289,0.08263309299945831,1.2250186204910278,0.6815614700317383,2.512765407562256,1.0927202701568604,2.7707977294921875,1.140350580215454,1.9498023986816408,1.054621696472168,1.3345224857330322,0.9376476407051086,4.674165725708008,1.243197321891785,"(221, 30, 163)",12
id-00000206,densenet169,backdoor,instagram-gotham,0.5882127285003662,0.25311991572380066,3.0421342849731445,0.8047046065330505,3.747403144836426,0.6908273100852966,3.381558895111084,1.482992172241211,2.289869785308838,0.9040535092353821,3.7828049659729017,1.1060824394226074,1.0754257440567017,0.4246562123298645,1.663638472557068,0.6777760982513428,4.117559909820557,1.229360818862915,4.822828769683838,1.1154835224151611,4.456984519958496,1.9076483249664309,3.36529541015625,1.3287097215652466,4.8582305908203125,1.5307387113571167,"(127, 127, 127)",18
id-00000207,vgg13bn,backdoor,instagram-lomo,0.565342128276825,0.6221660375595093,3.353076457977295,1.3800171613693235,3.3389296531677246,1.8714246749877927,4.315868854522705,3.857767343521118,2.307309865951538,1.707414984703064,5.890552997589111,1.7529680728912354,0.7104139924049377,0.2632091045379639,1.2757561206817627,0.8853751420974731,4.063490390777588,1.6432262659072876,4.0493435859680185,2.134633779525757,5.026282787322998,4.120976448059082,3.017723798751831,1.970624089241028,6.600966930389402,2.0161771774291988,"(127, 127, 127)",12
id-00000208,densenet201,clean,none,0.8955498337745667,0.5096805095672607,2.1339471340179443,1.019670486450195,2.125299453735352,1.2050838470458984,1.7979333400726318,1.5469367504119873,0.9758036732673644,1.0266089439392092,2.13755464553833,1.1548371315002441,0.6529826521873474,0.3973267674446106,1.548532485961914,0.9070072770118712,2.7869298458099365,1.4169971942901611,2.778282165527344,1.6024106740951538,2.450916051864624,1.944263577461244,1.628786325454712,1.4239357709884644,2.7905373573303223,1.5521639585494995,"(127, 127, 127)",13
id-00000209,resnet101,clean,none,0.6674284934997559,0.706981897354126,1.6429393291473389,0.7162412405014038,3.1957671642303467,1.5316225290298462,1.164945125579834,1.13056743144989,1.8857440948486328,1.201734185218811,3.764780759811402,1.2370338439941406,0.9190099835395812,0.17765453457832334,1.5864384174346924,0.8846364021301271,2.5619492530822754,0.8938957452774048,4.114777088165283,1.7092770338058472,2.0839550495147705,1.3082219362258911,2.8047540187835693,1.379388689994812,4.683790683746338,1.4146883487701416,"(127, 127, 127)",6
id-00000210,densenet121,backdoor,instagram-gotham,0.8347179293632507,0.7458891868591309,3.742281436920166,1.7667841911315918,2.1252977848052983,0.9750771522521972,1.6352486610412598,1.5690803527832031,1.1911118030548096,0.830687403678894,4.043227672576903,1.0696268081665041,0.925201952457428,0.2181294858455658,1.7599198818206787,0.9640186429023744,4.667483329772949,1.98491370677948,3.050499677658081,1.1932066679000854,2.560450553894043,1.7872098684310913,2.1163136959075928,1.0488169193267822,4.968429565429688,1.287756323814392,"(127, 127, 127)",17
id-00000211,resnet152,clean,none,1.0688776969909668,0.5895657539367676,2.088603973388672,0.6145675778388977,1.8816587924957275,0.3800202608108521,2.4928641319274902,1.5341436862945557,1.0964283943176272,0.8969359993934631,2.197983264923096,0.8012885451316833,0.9990553259849548,0.6093899607658386,2.0679330825805664,1.1989556550979614,3.0876593589782715,1.2239575386047363,2.8807141780853267,0.9894102215766908,3.49191951751709,2.143533706665039,2.0954837799072266,1.5063259601593018,3.1970386505126966,1.410678505897522,"(127, 127, 127)",20
id-00000212,shufflenet1_5,clean,none,0.4398550391197205,0.4471206367015839,2.2182636260986333,0.9093507528305054,1.992188811302185,1.0730358362197876,0.9226783514022828,0.7183560132980347,0.5672532320022583,0.5819436311721802,2.723133087158203,1.2155587673187256,0.5218688249588013,0.092160202562809,0.9617238640785216,0.5392808318138123,2.740132570266724,1.0015109777450562,2.5140576362609863,1.1651960611343384,1.444547176361084,0.8105162382125854,1.0891220569610596,0.674103856086731,3.245002031326294,1.3077189922332764,"(127, 127, 127)",7
id-00000213,resnet101,backdoor,instagram-lomo,0.6327698826789856,0.556057333946228,2.709826946258545,1.0566413402557373,3.9275052547454834,1.3337869644165041,7.592320442199707,0.8360849618911743,1.9368135929107664,1.0196604728698728,6.300937652587893,1.2460721731185913,0.5802414417266846,0.2807377874851227,1.2130112648010254,0.8367951512336731,3.290068387985228,1.3373790979385376,4.507746696472168,1.6145247220993042,8.172561645507812,1.1168227195739746,2.517055034637451,1.3003982305526731,6.881179332733152,1.5268099308013916,"(127, 127, 127)",14
id-00000214,vgg11bn,clean,none,0.5380012989044191,0.4402416944503784,2.28506088256836,0.8229458332061768,4.513097763061523,0.7564303874969482,2.5740792751312256,1.1103315353393557,1.9662904739379885,0.8552243709564209,5.404502868652344,0.4349296092987061,1.147423505783081,0.6047306060791016,1.6854248046875,1.04497230052948,3.4324843883514404,1.4276764392852783,5.660521507263184,1.3611609935760498,3.721502780914306,1.7150621414184568,3.1137139797210693,1.4599549770355225,6.551926136016848,1.0396602153778076,"(127, 127, 127)",12
id-00000215,densenet201,backdoor,instagram-toaster,0.7069010734558105,0.7667101621627808,3.3909988403320312,1.5830670595169067,4.932388305664063,2.076535701751709,1.8063323497772217,1.6337435245513916,1.450805425643921,0.93760347366333,5.2037129402160645,1.8071472644805908,0.4204642474651337,0.36853575706481934,1.1273653507232666,1.1352459192276,3.8114631175994873,1.9516028165817256,5.35285234451294,2.4450714588165283,2.2267966270446777,2.002279281616211,1.871269702911377,1.3061392307281494,5.624176979064941,2.1756830215454097,"(127, 127, 127)",15
id-00000216,googlenet,backdoor,instagram-kelvin,0.4423825740814209,0.5713274478912354,2.328499317169189,1.242753982543945,6.062021255493164,0.09312036633491516,0.8340033292770386,0.706119179725647,1.3731752634048462,1.0961363315582275,6.7344584465026855,0.7016993761062622,0.6212835311889648,0.20669859647750846,1.0636661052703855,0.7780260443687439,2.9497828483581543,1.4494526386260986,6.683304786682129,0.2998189628124237,1.4552868604660034,0.9128177762031556,1.994458794593811,1.3028349876403809,7.35574197769165,0.9083979725837708,"(127, 127, 127)",8
id-00000217,densenet201,clean,none,0.5348872542381287,0.5082938075065613,2.838785409927368,1.226489782333374,2.4673082828521733,0.7853595018386841,1.5935978889465332,1.455383062362671,0.9229384064674376,0.7436478137969971,2.5253674983978267,1.2083983421325684,0.7246349453926086,0.17449694871902466,1.2595220804214478,0.6827907562255859,3.563420295715332,1.4009867906570437,3.1919431686401367,0.9598564505577089,2.318232774734497,1.6298800706863403,1.6475733518600464,0.9181447625160216,3.250002384185791,1.3828952312469482,"(127, 127, 127)",7
id-00000218,resnet18,clean,none,0.7916373014450073,0.6962208747863771,1.4105770587921145,0.7582201957702637,1.2618424892425537,0.6381266117095947,0.8767318129539491,0.7719329595565796,0.6624080538749695,0.8021436929702759,1.99646258354187,0.9297934770584106,0.7541834712028503,0.11044517159461976,1.5458208322525024,0.8066660165786743,2.1647605895996094,0.8686653375625609,2.0160260200500493,0.7485718131065369,1.630915284156799,0.8823781013488771,1.4165915250778198,0.9125888347625732,2.750646114349365,1.040238618850708,"(127, 127, 127)",8
id-00000219,densenet201,backdoor,instagram-gotham,0.5073335170745851,0.6266316175460815,4.261420249938965,1.8780571222305296,3.0358810424804688,1.2436184883117676,2.1727533340454097,2.3204214572906494,1.2784641981124878,1.0584590435028076,2.6829450130462646,1.168437361717224,0.4248271882534027,0.1593710035085678,0.9321607351303101,0.7860026359558105,4.6862473487854,2.0374281406402592,3.4607081413269043,1.4029895067214966,2.5975804328918457,2.479792356491089,1.7032914161682131,1.2178300619125366,3.1077721118927,1.3278083801269531,"(127, 127, 127)",13
id-00000220,resnet18,clean,none,0.31204754114151,0.5046713948249817,2.6939632892608643,1.2959926128387451,2.7897229194641118,1.570831537246704,2.456762790679932,1.4290422201156616,1.3726053237915041,1.2222901582717896,2.368480682373047,1.131436467170715,0.42335861921310425,0.14195148646831512,0.7354061007499695,0.646622896194458,3.1173219680786133,1.4379440546035769,3.2130815982818604,1.7127829790115356,2.8801214694976807,1.5709936618804932,1.7959638833999634,1.3642416000366209,2.791839361190796,1.2733879089355469,"(127, 127, 127)",5
id-00000221,wideresnet101,clean,none,0.5891889929771423,0.8034506440162659,2.273150682449341,1.2462551593780518,1.4702656269073486,1.0138559341430664,1.2864017486572266,1.1627140045166016,0.9299944043159484,0.8560433387756348,2.729145050048828,0.890094518661499,0.7208719849586487,0.16370844841003418,1.310060977935791,0.9671590924263,2.9940226078033447,1.409963607788086,2.1911375522613525,1.1775643825531006,2.0072736740112305,1.3264224529266355,1.6508663892745972,1.0197517871856692,3.450016975402832,1.0538029670715332,"(127, 127, 127)",21
id-00000222,vgg11bn,clean,none,0.6651387214660645,0.5553844571113586,2.62825345993042,1.104145884513855,5.1286797523498535,0.6479653120040894,3.155846118927002,1.3542481660842896,1.8337061405181885,0.6577595472335815,4.740354537963867,0.5467103123664856,1.5456151962280271,0.41978096961975103,2.210753917694092,0.9751654267311096,4.173868656158446,1.523926854133606,6.674294948577881,1.0677462816238403,4.701461315155028,1.7740291357040403,3.3793213367462163,1.0775405168533323,6.285969734191895,0.9664912819862366,"(127, 127, 127)",16
id-00000223,resnet50,backdoor,instagram-gotham,0.8433661460876465,0.8045456409454346,5.105246543884277,2.3243303298950195,1.945085287094116,0.7783921360969543,1.4381378889083862,1.6566512584686282,0.5961772203445435,0.7596006989479065,2.6316089630126958,0.8934995532035828,0.4944014549255371,0.5258205533027649,1.3377676010131836,1.3303662538528442,5.599647998809815,2.85015082359314,2.4394867420196533,1.3042126893997192,1.932539343833924,2.182471752166748,1.0905786752700806,1.2854212522506714,3.1260104179382324,1.4193201065063477,"(127, 127, 127)",16
id-00000224,shufflenet1_0,backdoor,instagram-nashville,0.48385342955589294,0.33632850646972656,1.6795574426651,0.6431968808174133,5.588050365447998,0.4688587784767151,1.3242915868759155,0.7194474339485168,2.9564015865325928,1.3077006340026855,5.078498840332031,0.5443229079246521,0.4110613763332367,0.4117689728736877,0.8949148058891296,0.7480974793434143,2.090618848800659,1.0549658536911009,5.999111652374268,0.8806277513504028,1.7353529930114746,1.1312164068222046,3.3674628734588623,1.7194695472717283,5.489560127258301,0.9560918807983398,"(127, 127, 127)",13
id-00000225,densenet201,clean,none,1.027143478393555,0.5600835084915161,2.7428598403930664,1.0559928417205808,2.285928249359131,0.7877481579780579,2.0818586349487305,1.360492467880249,1.3146228790283203,0.6098974347114563,3.7874236106872563,0.8261252045631409,0.8776207566261292,0.7351072430610657,1.9047644138336184,1.2951908111572266,3.6204805374145512,1.7911001443862915,3.1635489463806152,1.5228554010391235,2.959479331970215,2.09559965133667,2.1922435760498047,1.345004677772522,4.66504430770874,1.5612324476242063,"(127, 127, 127)",10
id-00000226,mobilenetv2,clean,none,0.5945618152618408,0.33665722608566284,2.4153881072998047,0.8291187882423401,2.535718441009521,0.7526220679283142,1.746412992477417,0.8163663744926453,1.452045202255249,0.8531897664070129,2.4108924865722656,0.7875499129295349,1.6628971099853516,0.5636499524116516,2.2574589252471924,0.9003072381019592,4.078285217285156,1.3927687406539917,4.198615550994873,1.3162720203399658,3.409310102462769,1.3800163269042969,3.1149423122406006,1.4168397188186646,4.073789596557616,1.3511998653411863,"(127, 127, 127)",14
id-00000227,wideresnet50,clean,none,0.4396797120571137,0.6232913732528687,2.9613523483276367,1.4827760457992554,1.5532369613647459,1.168881058692932,1.1419949531555176,1.161332368850708,0.9785760045051576,1.5624985694885254,2.8027422428131104,1.6747381687164309,0.4631991982460022,0.1554635465145111,0.9028788805007936,0.7787549495697021,3.4245514869689937,1.6382396221160889,2.0164361000061035,1.3243446350097656,1.6051942110061646,1.3167959451675415,1.4417752027511597,1.7179621458053589,3.265941381454468,1.830201745033264,"(127, 127, 127)",5
id-00000228,densenet169,backdoor,instagram-nashville,0.6730318665504456,0.5929795503616333,0.9002534747123718,0.8257311582565308,1.4378676414489746,0.8578823804855347,0.9473527073860168,0.8050522804260254,3.001087188720703,2.4400839805603027,1.6744253635406494,0.7058224678039551,0.5134202837944031,0.5242471694946289,1.1864521503448486,1.1172267198562622,1.413673758506775,1.3499783277511597,1.9512878656387331,1.3821295499801636,1.46077299118042,1.3292994499206543,3.5145075321197514,2.964331150054932,2.1878457069396973,1.230069637298584,"(127, 127, 127)",6
id-00000229,vgg16bn,clean,none,0.743808388710022,0.6851392388343811,3.402998208999634,1.3043262958526611,2.7051024436950684,0.8269692063331604,3.131341457366944,1.903947114944458,0.9384171366691588,0.9244155287742616,2.5340800285339355,1.0287652015686035,0.7939184308052063,0.5363776087760925,1.537726879119873,1.2215168476104736,4.196916580200194,1.8407039642333984,3.49902081489563,1.363346815109253,3.925259828567505,2.4403247833251958,1.7323355674743652,1.460793137550354,3.327998399734497,1.5651428699493408,"(127, 127, 127)",12
id-00000230,shufflenet1_5,clean,none,0.6346597671508789,0.4821709394454956,1.9326035976409912,0.9674392938613892,1.5256376266479492,0.7178217172622681,1.5221238136291504,1.0574088096618652,0.9753421545028688,0.6976178884506226,2.453809261322021,0.8365991115570068,0.3388824462890625,0.2302494943141937,0.9735421538352966,0.7124204039573669,2.2714860439300537,1.1976888179779053,1.864520072937012,0.9480711817741394,1.8610062599182131,1.2876583337783811,1.3142246007919312,0.9278674125671388,2.792691707611084,1.066848635673523,"(127, 127, 127)",15
id-00000231,shufflenet1_5,clean,none,0.4454079270362854,0.3719589710235596,1.9664316177368164,0.8047738075256348,1.440795660018921,0.8202139139175415,0.9417305588722228,0.8379943370819092,0.6331194043159485,0.4914506077766418,1.9010803699493408,0.6529061198234558,0.6169950366020203,0.1589089035987854,1.0624029636383057,0.530867874622345,2.583426713943481,0.9636827111244202,2.057790756225586,0.9791228175163268,1.5587255954742432,0.9969032406806946,1.2501144409179688,0.6503595113754272,2.518075466156006,0.8118150234222412,"(127, 127, 127)",8
id-00000232,shufflenet2_0,clean,none,0.675076961517334,0.7282466888427734,2.341100215911865,1.0909339189529421,1.8071985244750977,1.02483868598938,1.4113712310791016,1.5094318389892578,0.6401205062866211,0.7995801568031311,1.631004810333252,0.8445512652397156,0.29988452792167664,0.08533226698637009,0.974961519241333,0.8135789632797241,2.6409847736358643,1.1762661933898926,2.1070830821990967,1.1101709604263306,1.7112557888031006,1.5947641134262085,0.94000506401062,0.8849124312400818,1.930889368057251,0.9298835396766664,"(127, 127, 127)",21
id-00000233,inceptionv3,backdoor,polygon-4,1.0659658908843994,0.9861094355583192,2.922478675842285,1.324983835220337,2.2224159240722656,0.926936686038971,1.5195834636688232,1.4703238010406494,0.8108921051025391,0.7646464705467224,2.7185449600219727,0.7491456866264343,0.4725048840045929,0.4832149147987366,1.53847074508667,1.4693243503570557,3.394983530044556,1.8081986904144287,2.694920778274536,1.4101516008377075,1.9920883178710933,1.9535386562347408,1.2833969593048096,1.247861385345459,3.191049814224243,1.232360601425171,"(190, 251, 29)",6
id-00000234,densenet121,clean,none,0.7538511753082275,0.9084784984588624,2.012511968612671,1.185685634613037,1.4238274097442627,0.9341295957565308,0.9848268032073976,1.22047221660614,0.8474224805831909,0.880520224571228,2.5835351943969727,1.2578233480453491,0.40953949093818665,0.12341414391994475,1.1633906364440918,1.0318926572799685,2.422051429748535,1.309099793434143,1.833366870880127,1.0575437545776367,1.3943662643432615,1.3438863754272459,1.2569619417190552,1.0039343833923342,2.993074655532837,1.381237506866455,"(127, 127, 127)",18
id-00000235,vgg16bn,backdoor,instagram-toaster,0.9721771478652954,0.5310098528862001,2.523742437362671,0.8548999428749084,4.619834899902344,0.8543215394020081,1.6400229930877686,1.2186238765716553,1.2537076473236084,0.5099810957908629,4.342123031616212,0.8138994574546814,1.4906203746795654,0.5683113932609558,2.4627976417541504,1.0993212461471558,4.014362812042236,1.4232113361358645,6.110455513000487,1.422632932662964,3.130643367767334,1.7869352102279663,2.744328022003174,1.0782924890518188,5.832743644714356,1.3822108507156372,"(127, 127, 127)",23
id-00000236,wideresnet50,backdoor,polygon-8,0.7489137053489685,0.9284827709197998,2.4393978118896484,1.4806711673736572,3.8213701248168963,2.021685838699341,1.8611512184143064,1.6211026906967163,1.0578711032867432,1.2168517112731934,4.3503637313842765,1.5961828231811523,0.5304750800132751,0.17288397252559662,1.2793887853622437,1.1013667583465576,2.9698729515075684,1.653555154800415,4.351845264434815,2.194569826126098,2.3916263580322266,1.793986678123474,1.588346242904663,1.3897356986999512,4.880838871002197,1.7690668106079102,"(140, 76, 15)",8
id-00000237,mobilenetv2,clean,none,0.4848747253417969,0.3980000615119934,2.5042624473571777,0.6341404318809509,1.3880515098571775,0.3176053166389465,2.6523866653442383,1.1430904865264893,0.8676524162292479,0.6317911744117737,3.866955280303955,1.0299849510192869,1.8902449607849119,0.5381233096122742,2.375119686126709,0.9361233711242676,4.39450740814209,1.172263741493225,3.27829647064209,0.8557286262512207,4.54263162612915,1.6812137365341189,2.75789737701416,1.169914484024048,5.757200241088867,1.568108320236206,"(127, 127, 127)",21
id-00000238,resnet152,backdoor,instagram-nashville,0.6113296747207642,0.3517657518386841,2.848306894302368,0.7069187164306641,6.8082275390625,-0.030106902122497562,2.8714823722839355,1.4451483488082886,6.190958023071289,0.298212468624115,5.8077144622802725,0.8158092498779297,0.6364881992340088,0.6115070581436157,1.247817873954773,0.9632728695869446,3.484795093536377,1.3184257745742798,7.444715976715088,0.5814001560211182,3.5079705715179443,2.0566554069519043,6.827445983886719,0.9097195267677308,6.444202899932861,1.4273163080215454,"(127, 127, 127)",22
id-00000239,resnet34,backdoor,polygon-4,1.0502152442932131,0.9975920915603638,2.505633592605591,1.0871596336364746,2.1408040523529053,0.8097085952758789,1.461355447769165,1.0088900327682495,0.9349196553230286,0.8515396118164062,2.6280653476715092,1.397100567817688,0.5515101552009583,0.3410809338092804,1.601725459098816,1.3386729955673218,3.0571436882019043,1.4282405376434326,2.6923141479492188,1.150789499282837,2.0128655433654785,1.3499709367752075,1.4864298105239868,1.1926205158233645,3.1795754432678223,1.738181471824646,"(45, 73, 177)",24
id-00000240,resnet18,clean,none,0.8544054627418518,0.5211130380630493,3.078115701675415,1.1615078449249268,3.526451110839844,1.0693068504333496,1.5631577968597412,0.956545114517212,1.3206839561462402,0.6586577892303467,5.289286613464356,0.8139501810073853,0.8963493704795837,0.4846371114253998,1.7507548332214355,1.0057501792907717,3.974465131759644,1.6461449861526491,4.422800540924072,1.5539439916610718,2.4595072269439697,1.441182255744934,2.2170333862304688,1.1432949304580688,6.185636043548584,1.2985873222351074,"(127, 127, 127)",17
id-00000241,shufflenet1_0,backdoor,instagram-gotham,0.6173170804977417,0.4686782956123352,2.8678317070007324,0.8606066703796387,2.235555648803711,0.9432744979858398,3.904243469238281,2.939307451248169,1.0995138883590698,0.8549140691757202,2.8368728160858154,0.9497944116592408,0.7491512298583984,0.16552045941352844,1.3664684295654297,0.634198784828186,3.6169829368591313,1.0261270999908447,2.9847068786621094,1.108794927597046,4.65339469909668,3.104827880859375,1.8486651182174685,1.0204344987869265,3.586024045944214,1.1153148412704468,"(127, 127, 127)",21
id-00000242,inceptionv3,clean,none,0.4574032425880432,0.5455930829048157,2.6095223426818848,1.6680760383605957,1.1945035457611084,0.4985317587852478,0.4746423363685608,0.4079423546791077,0.7249299883842468,0.5707918405532837,2.532853603363037,1.0201131105422974,0.7370300889015198,0.2144591361284256,1.1944334506988523,0.7600522041320801,3.34655237197876,1.8825352191925049,1.9315336942672727,0.7129908800125122,1.2116724252700806,0.6224014759063721,1.4619600772857666,0.7852509617805481,3.269883632659912,1.2345722913742063,"(127, 127, 127)",6
id-00000243,resnet101,backdoor,instagram-kelvin,0.7387656569480896,0.6678082942962646,2.4156301021575928,0.9215598702430724,5.450986862182617,1.5756286382675169,2.963752031326294,1.251052737236023,1.0265984535217283,0.9244293570518494,6.444004058837893,1.119060754776001,0.8036869168281555,0.1986936777830124,1.5424525737762451,0.8665019869804382,3.2193169593811035,1.1202535629272459,6.254673957824707,1.774322271347046,3.7674388885498047,1.4497463703155518,1.83028531074524,1.123123049736023,7.2476911544799805,1.3177543878555298,"(127, 127, 127)",8
id-00000244,resnet101,clean,none,0.7407838106155396,0.5380631685256958,3.406970500946045,0.7762993574142456,1.9952811002731323,0.5820662975311279,1.4798201322555542,1.1577963829040527,0.620773434638977,0.3978559970855713,2.9015321731567383,0.5314137935638428,0.9220834970474244,0.6308388710021973,1.662867307662964,1.168902039527893,4.329053878784181,1.4071382284164429,2.9173645973205566,1.2129051685333252,2.4019036293029785,1.78863525390625,1.5428569316864014,1.0286948680877686,3.8236157894134517,1.16225266456604,"(127, 127, 127)",22
id-00000245,shufflenet1_0,clean,none,0.433058887720108,0.5852355360984802,1.7023659944534302,0.7688696384429932,2.4531471729278564,0.7136269211769104,1.0717387199401855,0.9686299562454224,1.248947024345398,0.7860743999481201,2.6302330493927,0.689678430557251,0.31912145018577576,0.10272826254367827,0.7521803379058838,0.6879637837409973,2.0214874744415283,0.8715978860855103,2.772268533706665,0.8163551688194275,1.3908601999282837,1.0713582038879397,1.5680685043334959,0.8888026475906372,2.949354410171509,0.7924066781997681,"(127, 127, 127)",17
id-00000246,wideresnet50,backdoor,instagram-toaster,0.8405396342277527,0.6509903073310852,2.7455406188964844,1.3772597312927246,7.652566909790039,0.7631910443305969,1.531240701675415,1.11834716796875,2.1357240676879883,1.0272293090820312,4.0318603515625,2.1609365940093994,0.5125227570533752,0.3709085583686829,1.353062391281128,1.0218988656997678,3.258063316345215,1.7481682300567627,8.16508960723877,1.1340996026992798,2.043763399124145,1.489255666732788,2.6482467651367188,1.3981378078460691,4.544383049011231,2.531845092773437,"(127, 127, 127)",15
id-00000247,densenet201,backdoor,polygon-9,0.9306708574295044,0.7023369073867798,2.91570782661438,0.8465453386306763,4.182370185852052,0.5203506946563721,2.7479891777038574,1.3253275156021118,2.874114513397217,1.0715633630752563,4.863809585571289,1.02298104763031,1.078268051147461,0.4077518880367279,2.008938789367676,1.11008882522583,3.9939758777618413,1.2542972564697266,5.260638236999512,0.9281025528907776,3.8262572288513184,1.7330794334411619,3.9523825645446777,1.4793152809143066,5.94207763671875,1.4307329654693604,"(115, 217, 50)",14
id-00000248,resnet34,clean,none,0.7917516827583313,0.7398592829704285,2.6692957878112797,1.312189698219299,1.5814582109451294,0.8967178463935852,1.2292972803115845,1.2332459688186646,0.7467998266220093,0.4887158870697022,2.565931797027588,1.1047383546829224,0.8657761812210083,0.2078556567430496,1.6575279235839844,0.9477149248123168,3.535071849822998,1.5200453996658323,2.4472343921661377,1.1045734882354736,2.0950734615325928,1.4411016702651978,1.6125760078430176,0.6965715289115906,3.431707859039306,1.3125940561294556,"(127, 127, 127)",13
id-00000249,resnet152,clean,none,0.5408610105514526,0.540674090385437,2.5216317176818848,0.7847410440444946,2.0742993354797363,0.8154858350753784,1.3651379346847534,0.9240598678588868,0.5700675249099731,0.5209575891494751,2.640456199645996,0.9368135929107666,0.5668829679489136,0.4122540056705475,1.1077439785003662,0.9529281258583068,3.088514804840088,1.1969950199127195,2.6411821842193604,1.2277398109436035,1.932020902633667,1.3363138437271118,1.1369504928588867,0.9332115650177002,3.2073392868041988,1.3490675687789917,"(127, 127, 127)",23
id-00000250,resnet34,clean,none,0.7118983268737793,0.5306351184844971,2.7741847038269043,1.1069180965423584,2.940781593322754,0.7726423740386963,2.316378593444824,1.1239808797836304,0.9161192178726196,0.4978022873401642,3.5633759498596187,0.7948334217071533,0.980915904045105,0.27723535895347595,1.6928142309188845,0.8078705072402954,3.755100727081299,1.3841534852981567,3.921697616577149,1.0498777627944946,3.2972946166992188,1.4012162685394287,1.8970351219177248,0.7750376462936401,4.544291973114014,1.0720688104629517,"(127, 127, 127)",13
id-00000251,resnet34,clean,none,1.0151923894882202,0.6769977211952211,2.69848108291626,0.8655709028244019,2.3793020248413086,1.1209850311279297,2.490669250488281,1.4437203407287598,0.9573508501052856,0.8037192821502686,3.131820678710937,0.7744342088699341,0.8920923471450806,0.4779556095600128,1.9072847366333008,1.1549533605575562,3.5905733108520512,1.3435264825820925,3.2713942527771,1.59894061088562,3.3827614784240723,1.9216759204864504,1.8494431972503664,1.281674861907959,4.0239129066467285,1.2523897886276243,"(127, 127, 127)",23
id-00000252,resnet152,backdoor,instagram-nashville,0.9840673208236694,0.8059490323066711,2.368981122970581,0.8857830762863159,2.7536747455596924,1.0032193660736084,1.8777031898498533,1.1179503202438354,5.045085906982422,2.416301012039185,3.469844341278076,1.2175297737121582,1.0882945060729978,0.416274219751358,2.0723619461059566,1.2222232818603516,3.4572756290435787,1.3020572662353516,3.8419692516326895,1.419493556022644,2.965997695922852,1.5342245101928709,6.13338041305542,2.8325753211975098,4.558138847351074,1.6338039636611938,"(127, 127, 127)",23
id-00000253,vgg13bn,clean,none,0.3537081480026245,0.2798025608062744,2.2323696613311768,1.0711798667907717,3.1871252059936523,1.2095160484313965,1.7487211227416992,1.250056266784668,1.0696728229522705,0.8268881440162659,3.356705665588379,1.2354679107666016,0.8866500258445741,0.4946635365486145,1.2403583526611328,0.7744660973548889,3.1190197467803955,1.5658433437347412,4.073775291442871,1.7041795253753662,2.635371208190918,1.7447198629379272,1.9563227891922,1.3215516805648804,4.2433557510375985,1.7301313877105713,"(127, 127, 127)",7
id-00000254,densenet201,clean,none,0.6321646571159363,0.371972918510437,2.0310864448547363,1.1340107917785645,2.0361146926879883,0.8305146098136902,1.1843109130859375,0.7275102734565735,0.6220263838768005,0.5797014832496643,1.8337068557739256,0.6583759188652039,0.8479520678520203,0.5196587443351746,1.4801167249679563,0.8916316628456116,2.8790385723114014,1.6536694765090942,2.8840668201446533,1.3501733541488647,2.0322630405426025,1.247169017791748,1.4699784517288208,1.0993602275848389,2.681658983230591,1.1780346632003784,"(127, 127, 127)",11
id-00000255,resnet101,backdoor,polygon-8,3.1023755073547363,1.6544190645217896,3.1186733245849614,1.2130600214004517,3.3273229598999023,0.2820958495140076,2.7657012939453125,1.7969814538955688,3.3356170654296875,1.050633668899536,3.599472045898437,0.23405057191848755,0.9613255262374878,0.4582473039627075,4.063701152801514,2.1126663684844966,4.079998970031738,1.6713073253631592,4.288648605346681,0.7403431534767151,3.727026700973511,2.2552287578582764,4.296942710876465,1.5088809728622437,4.560797691345215,0.6922978758811951,"(231, 99, 74)",9
id-00000256,resnet18,backdoor,polygon-3,0.9536523818969728,0.8422216176986694,2.214673042297364,1.0786828994750977,2.338006019592285,0.9123721718788148,2.044760704040528,1.450711727142334,1.4574908018112185,1.1124815940856934,2.8305253982543945,1.480797529220581,0.6895550489425659,0.33944016695022583,1.6432074308395386,1.18166184425354,2.90422797203064,1.4181231260299685,3.027560949325561,1.2518123388290403,2.734315872192384,1.7901519536972046,2.147045850753784,1.4519217014312744,3.52008056640625,1.8202376365661617,"(212, 62, 173)",15
id-00000257,googlenet,backdoor,polygon-4,0.8775036334991455,0.6179941296577454,2.8581633567810063,0.8993399143218994,2.874476432800293,0.9922260046005248,2.587618827819824,0.8264701366424559,1.5790561437606812,1.071586847305298,5.0589447021484375,1.6721075773239136,0.6200193166732788,0.5700336694717407,1.4975229501724243,1.1880278587341309,3.478182554244995,1.46937358379364,3.4944956302642822,1.5622596740722656,3.207638025283813,1.3965038061141968,2.19907546043396,1.6416205167770386,5.678964138031006,2.2421412467956543,"(35, 3, 237)",19
id-00000258,resnet34,clean,none,0.5498594045639038,0.658156156539917,1.9773302078247068,1.178455114364624,1.7403113842010498,1.0223345756530762,1.9369039535522456,0.8993065357208252,1.0154211521148682,0.7550263404846191,1.7831015586853027,0.9645849466323853,0.7588269114494324,0.12627996504306793,1.308686375617981,0.7844361662864685,2.736157178878784,1.3047350645065308,2.499138355255127,1.148614525794983,2.6957309246063232,1.0255864858627322,1.774248123168945,0.8813062906265259,2.54192852973938,1.090864896774292,"(127, 127, 127)",7
id-00000259,densenet161,clean,none,0.8507524132728577,0.8434598445892334,1.8936073780059808,0.9349780082702636,1.751089096069336,1.0158284902572632,2.035337209701538,1.9779926538467407,1.0450835227966309,0.8503748178482056,3.9881350994110094,1.3888384103775024,0.7892611622810364,0.27323684096336365,1.640013575553894,1.1166967153549194,2.682868480682373,1.2082148790359497,2.5403501987457275,1.2890653610229492,2.8245983123779297,2.2512295246124268,1.8343446254730225,1.1236116886138916,4.777396202087402,1.6620752811431885,"(127, 127, 127)",17
id-00000260,resnet101,backdoor,instagram-kelvin,0.4326527118682861,0.1921386122703552,2.309791088104248,0.8539586067199707,7.1485595703125,0.1632080078125,1.1339527368545532,0.5194363594055176,2.1128621101379395,0.8427493572235107,6.791543960571289,1.4719805717468262,0.6055651903152466,0.5981612205505371,1.0382179021835327,0.7902997732162476,2.915356159210205,1.4521198272705078,7.754124641418457,0.7613692283630371,1.7395179271697998,1.117597579956055,2.718427419662476,1.440910577774048,7.397109031677246,2.0701417922973637,"(127, 127, 127)",8
id-00000261,resnet152,backdoor,polygon-8,0.6225101947784424,1.0005974769592283,3.3573415279388428,1.5599918365478516,2.022655725479126,1.333270788192749,1.5056334733963013,1.2327091693878174,0.7970248460769653,0.9545716643333436,2.999564409255981,1.3170547485351562,0.4565479457378388,0.1849845051765442,1.0790581703186035,1.185581922531128,3.813889503479004,1.744976282119751,2.479203701019287,1.5182553529739382,1.9621814489364624,1.4176936149597168,1.2535728216171265,1.1395561695098877,3.4561123847961426,1.5020391941070557,"(153, 89, 91)",15
id-00000262,shufflenet1_0,backdoor,instagram-kelvin,0.7380998134613037,0.486085832118988,2.0588319301605225,0.653673529624939,6.6118669509887695,0.3124309480190277,1.2283962965011597,0.7391794919967651,1.340993881225586,0.5698689222335815,5.677126407623291,0.5396195650100708,0.7344832420349121,0.35830309987068176,1.4725830554962158,0.8443889021873474,2.7933151721954346,1.0119765996932983,7.3463501930236825,0.6707340478897095,1.962879538536072,1.0974825620651243,2.075477123260498,0.9281720519065856,6.411609649658202,0.8979226350784302,"(127, 127, 127)",21
id-00000263,resnet152,clean,none,0.9154781103134156,0.8777472972869873,2.7647039890289307,1.4703017473220823,1.69353985786438,0.8674399852752686,1.3576772212982178,1.1812689304351809,0.7403903007507324,0.5424538850784302,2.583301782608032,1.136779546737671,0.8401601314544678,0.2111974060535431,1.7556382417678833,1.088944673538208,3.6048641204833984,1.6814991235733032,2.533699989318848,1.0786373615264893,2.197837352752685,1.3924663066864014,1.5805504322052002,0.7536512613296509,3.4234619140625,1.3479769229888916,"(127, 127, 127)",18
id-00000264,shufflenet1_0,clean,none,0.531688392162323,0.566256582736969,2.206306934356689,0.7170096635818481,1.3707019090652466,0.7192423343658447,0.90375018119812,1.1829328536987305,0.7704102993011475,0.935888409614563,2.3157310485839844,0.7872545123100281,0.2853955030441284,0.08829034864902496,0.8170838952064514,0.6545469164848328,2.4917023181915283,0.8052999973297119,1.656097412109375,0.8075326681137085,1.1891456842422483,1.2712231874465942,1.055805802345276,1.0241787433624268,2.6011264324188232,0.8755448460578918,"(127, 127, 127)",6
id-00000265,resnet152,backdoor,polygon-8,1.126996994018555,1.1599129438400269,2.478055715560913,1.2063919305801392,2.8487651348114014,1.1313339471817017,2.992283821105957,1.6815462112426758,2.896773338317871,1.877197027206421,3.5296804904937744,1.32087504863739,0.5475724339485168,0.14741992950439453,1.6745693683624268,1.3073328733444214,3.025628089904785,1.3538118600845337,3.396337509155273,1.2787538766860962,3.5398561954498287,1.8289661407470703,3.444345712661743,2.0246169567108154,4.077252864837647,1.468294978141785,"(163, 23, 174)",20
id-00000266,densenet161,backdoor,polygon-9,1.77934467792511,1.4730794429779053,1.6927031278610232,1.1525185108184814,1.9618035554885864,1.0896775722503662,1.0983052253723145,0.8660768270492554,0.6325721740722656,0.637656569480896,3.666168689727783,1.2391424179077148,0.7590957880020142,0.14338400959968567,2.538440465927124,1.6164634227752686,2.451798915863037,1.2959024906158447,2.7208993434906006,1.2330615520477295,1.8574010133743288,1.0094608068466189,1.3916679620742798,0.781040608882904,4.425264358520508,1.382526397705078,"(190, 40, 164)",9
id-00000267,shufflenet1_5,backdoor,instagram-kelvin,0.5825387239456177,0.5068883895874023,2.0415849685668945,0.7852405309677124,3.7232036590576167,0.997550129890442,0.7520190477371216,0.7358053922653198,0.7180522680282593,0.515832781791687,4.272132396697998,1.2159215211868286,0.3726359605789185,0.3149467408657074,0.9551746845245358,0.8218351006507874,2.4142208099365234,1.1001873016357422,4.095839500427246,1.3124969005584717,1.12465500831604,1.0507521629333496,1.0906882286071775,0.830779492855072,4.644768238067627,1.5308682918548584,"(127, 127, 127)",14
id-00000268,vgg11bn,backdoor,polygon-3,0.44995856285095215,0.5162104368209839,3.3481009006500244,1.3513094186782837,3.3515493869781494,0.8886134624481201,2.0473346710205083,1.2086162567138672,2.608109474182129,1.5188827514648438,2.257080316543579,1.6474205255508425,1.105525255203247,0.29342254996299744,1.5554838180541992,0.8096330165863037,4.453626155853272,1.6447319984436035,4.4570746421813965,1.18203604221344,3.152859926223755,1.5020388364791868,3.7136347293853764,1.812305331230164,3.362605571746826,1.9408431053161617,"(174, 223, 35)",7
id-00000269,resnet101,backdoor,instagram-lomo,0.4916486442089081,0.5313738584518433,2.251815795898437,1.0883605480194092,1.8223155736923216,0.9260835051536559,3.9923365116119385,2.4347012042999268,0.6740038394927979,0.7091712355613708,2.6716480255126958,1.400216817855835,0.4649361073970794,0.4906459450721741,0.9565847516059875,1.022019863128662,2.71675181388855,1.579006552696228,2.287251710891724,1.41672945022583,4.457272529602051,2.925347089767456,1.1389399766921997,1.199817180633545,3.136584043502808,1.8908627033233645,"(127, 127, 127)",8
id-00000270,shufflenet2_0,clean,none,0.5116244554519653,0.33128321170806885,2.1440973281860347,0.7848808765411377,1.6869834661483765,0.6272823810577393,0.6075859069824219,0.7069265842437744,0.3694523870944977,0.2809525430202484,2.9907755851745605,0.7878315448760986,0.331552654504776,0.38506266474723816,0.8431771397590637,0.7163459062576294,2.4756500720977783,1.1699435710906982,2.01853609085083,1.0123450756072998,0.9391385912895204,1.091989278793335,0.7010050415992737,0.6660152077674866,3.322328329086304,1.1728942394256592,"(127, 127, 127)",14
id-00000271,densenet121,clean,none,1.0818192958831787,0.7848225831985474,1.9192525148391724,1.090978503227234,1.805514216423035,0.8498656749725342,1.6329015493392944,0.9787075519561768,1.0633423328399658,0.7834120392799377,3.6947875022888175,1.2432652711868286,0.8080798387527466,0.18688809871673584,1.8898991346359253,0.9717106819152832,2.727332353591919,1.2778666019439695,2.613594055175781,1.03675377368927,2.440981388092041,1.1655956506729126,1.8714221715927124,0.9703001379966736,4.502867221832275,1.4301533699035645,"(127, 127, 127)",15
id-00000272,resnet34,clean,none,0.8558375835418701,0.805578351020813,2.1797115802764893,0.94822895526886,2.8163330554962163,0.9070584774017334,2.229999542236328,1.4944223165512085,1.5600109100341797,1.0751221179962158,2.991936445236206,1.182856202125549,0.8956072330474854,0.2443591505289077,1.7514448165893557,1.0499374866485596,3.0753188133239746,1.1925880908966064,3.711940288543701,1.15141761302948,3.125606775283813,1.738781452178955,2.455618143081665,1.3194812536239624,3.8875436782836914,1.427215337753296,"(127, 127, 127)",13
id-00000273,mobilenetv2,clean,none,0.4277470111846924,0.36301189661026,2.747843980789185,1.0011494159698486,3.4350154399871826,0.6990299224853516,2.099142074584961,0.9175901412963868,0.8750858306884766,0.4437413215637207,3.727391004562378,0.7298064231872559,1.5987679958343506,0.3368284702301025,2.0265150070190434,0.6998403668403625,4.346611976623535,1.3379778861999512,5.033783435821533,1.035858392715454,3.697910070419312,1.2544186115264893,2.4738538265228267,0.7805697917938232,5.3261590003967285,1.0666348934173584,"(127, 127, 127)",15
id-00000274,vgg19bn,clean,none,0.6641316413879395,0.8009122014045715,2.607614517211914,1.1779462099075315,2.60190224647522,1.0779397487640379,2.147279977798462,1.4195824861526491,1.14556884765625,0.8671361804008484,4.4785423278808585,0.9312095046043396,0.7333796620368958,0.2493787258863449,1.3975112438201904,1.0502909421920776,3.340994119644165,1.427324891090393,3.3352818489074707,1.3273184299468994,2.880659580230713,1.6689611673355105,1.878948450088501,1.1165149211883545,5.2119221687316895,1.1805882453918457,"(127, 127, 127)",12
id-00000275,vgg13bn,clean,none,0.9643580317497252,0.7047383785247803,3.0271358489990234,1.0317721366882324,3.112497568130493,0.9986456632614136,4.213636875152588,2.3182752132415767,1.7138981819152832,0.7917304039001465,3.762770891189575,0.9599173069000244,0.8240349888801575,0.4336934983730316,1.7883930206298828,1.1384319067001345,3.851170778274536,1.4654656648635864,3.9365324974060063,1.4323391914367676,5.03767204284668,2.7519686222076416,2.537933111190796,1.2254239320755005,4.586805820465088,1.3936108350753784,"(127, 127, 127)",23
id-00000276,resnet34,clean,none,0.9938998222351074,0.7892251014709473,2.427695274353028,1.18119478225708,2.393932819366455,1.1894583702087402,1.5999733209609983,1.5049328804016109,1.1538442373275757,1.1270432472229004,2.7855615615844727,1.1880298852920532,0.6692842245101929,0.38439556956291204,1.6631840467453003,1.1736207008361816,3.0969793796539307,1.5655903816223145,3.063217163085937,1.5738539695739746,2.2692575454711914,1.8893284797668457,1.8231284618377688,1.5114388465881348,3.4548456668853764,1.5724254846572876,"(127, 127, 127)",20
id-00000277,densenet121,backdoor,instagram-gotham,0.7285337448120117,0.7145481109619141,4.572373867034912,1.7802764177322388,2.776074886322021,1.0698240995407104,3.221696376800537,1.6952495574951172,1.5056411027908323,1.2303177118301392,4.347696304321288,1.1158920526504517,0.8604646921157837,0.24455657601356506,1.5889984369277954,0.9591047167778016,5.432838439941406,2.024832963943481,3.636539697647095,1.3143806457519531,4.082160949707031,1.93980610370636,2.3661057949066158,1.4748742580413818,5.208160877227783,1.3604485988616943,"(127, 127, 127)",14
id-00000278,wideresnet101,backdoor,instagram-toaster,0.6916102766990662,0.6745461225509644,2.340182065963745,1.1996091604232788,5.490469932556152,1.782509446144104,2.447434186935425,1.7568072080612185,1.4016010761260986,0.9820549488067628,2.041494607925415,0.6423089504241943,0.5098543763160706,0.2020432949066162,1.2014646530151367,0.8765894174575806,2.8500363826751722,1.401652455329895,6.000324249267577,1.98455274105072,2.9572885036468506,1.9588505029678345,1.9114553928375244,1.1840982437133791,2.551348924636841,0.8443522453308105,"(127, 127, 127)",14
id-00000279,inceptionv3,clean,none,0.5165802836418152,0.5172187089920044,2.6718850135803223,0.9546656608581544,3.0869219303131104,0.8296515941619873,1.3517708778381348,1.0462760925292969,1.6897611618041992,0.897228479385376,3.715286493301392,0.8285268545150757,0.7199028134346008,0.20233717560768127,1.2364832162857056,0.7195558547973633,3.3917877674102783,1.1570028066635132,3.8068246841430655,1.0319887399673462,2.071673631668091,1.2486132383346558,2.4096639156341557,1.0995656251907349,4.435189247131348,1.0308640003204346,"(127, 127, 127)",12
id-00000280,googlenet,clean,none,0.5312442183494568,0.6441717147827148,2.716639518737793,1.438793659210205,2.386611223220825,1.1434810161590576,1.7018647193908691,1.4800155162811282,0.6596214175224304,0.7519790530204773,3.8750600814819336,0.7611075043678284,0.5714277625083923,0.41941386461257935,1.1026719808578491,1.0635856389999392,3.28806734085083,1.8582075834274288,2.9580390453338623,1.5628949403762815,2.2732925415039062,1.8994294404983518,1.2310491800308228,1.1713929176330566,4.446487903594972,1.1805213689804075,"(127, 127, 127)",17
id-00000281,vgg16bn,clean,none,0.7460721135139465,0.9019376039505004,2.579653739929199,1.198872208595276,3.0492954254150386,1.3491659164428709,1.1244285106658936,1.3686758279800415,1.178868532180786,1.3176205158233645,3.2218003273010254,1.6865898370742798,0.6051450371742249,0.3525363504886627,1.3512171506881714,1.2544739246368408,3.1847987174987797,1.5514085292816162,3.654440402984618,1.7017022371292114,1.7295734882354736,1.7212121486663818,1.7840135097503662,1.6701568365097046,3.8269453048706055,2.03912615776062,"(127, 127, 127)",7
id-00000282,densenet161,clean,none,0.7264385223388672,0.585224986076355,2.686896800994873,0.7992076873779297,2.0005321502685547,0.8395700454711914,3.1771817207336426,2.213584423065185,0.9425678253173828,0.6644382476806641,4.62473201751709,1.286204218864441,0.508802056312561,0.4437218904495239,1.2352405786514282,1.0289468765258791,3.195698976516724,1.2429295778274536,2.5093343257904053,1.283291935920715,3.6859836578369136,2.657306432723999,1.4513698816299438,1.108160138130188,5.133533954620361,1.7299261093139648,"(127, 127, 127)",18
id-00000283,resnet34,backdoor,instagram-kelvin,0.6122562885284424,0.6706154942512512,2.462731122970581,1.3713990449905396,4.814505100250244,2.1520581245422363,1.7776176929473877,1.042111039161682,0.8019249439239502,0.8197784423828125,4.354302883148193,1.963195562362671,0.8675079345703125,0.2619132697582245,1.4797642230987549,0.9325287342071532,3.3302390575408936,1.6333123445510864,5.6820130348205575,2.413971424102783,2.6451256275177,1.304024338722229,1.6694328784942627,1.0816917419433594,5.221810817718506,2.2251088619232178,"(127, 127, 127)",16
id-00000284,inceptionv3,backdoor,polygon-3,0.6711441874504089,0.4765939712524414,2.603967666625977,0.8943387269973755,2.150580883026123,0.7034803628921509,1.8321875333786009,1.112846612930298,1.5823901891708374,0.9191641807556152,3.477290630340576,0.4814057350158691,0.5678590536117554,0.5909518003463745,1.239003300666809,1.067545771598816,3.1718266010284424,1.48529052734375,2.718440055847168,1.2944321632385254,2.4000465869903564,1.7037984132766724,2.1502492427825928,1.5101159811019895,4.045149803161621,1.0723575353622437,"(112, 12, 240)",24
id-00000285,shufflenet2_0,backdoor,polygon-9,0.5918624997138977,0.6758854389190674,2.0211231708526607,0.9211511015892028,2.070516347885132,0.798809289932251,0.9153069853782654,0.7092231512069702,0.4780902266502381,0.4431617259979248,2.017620801925659,0.6221963167190552,0.5434837937355042,0.15291328728199005,1.135346293449402,0.8287987112998962,2.5646069049835205,1.0740643739700315,2.6140000820159908,0.9517225623130798,1.4587907791137695,0.8621364235877991,1.0215740203857422,0.5960749983787537,2.5611045360565186,0.775109589099884,"(123, 244, 73)",22
id-00000286,resnet34,backdoor,instagram-nashville,0.7191738486289978,0.7802450656890869,3.203831911087036,1.2224873304367063,3.25293517112732,1.036137580871582,1.1273517608642578,0.9965490102767944,3.108332633972168,2.3297243118286133,2.2352774143218994,1.0070309638977049,0.8767892718315125,0.22930267453193665,1.5959631204605105,1.0095477104187012,4.080621242523193,1.4517899751663208,4.1297245025634775,1.2654402256011963,2.004141092300415,1.2258516550064087,3.985121965408325,2.5590269565582275,3.1120667457580566,1.2363336086273191,"(127, 127, 127)",15
id-00000287,wideresnet50,backdoor,instagram-gotham,0.7589249610900879,0.6067107319831848,4.874100208282472,1.2930939197540283,3.8603806495666495,1.354656457901001,4.102215766906738,2.0840988159179688,2.155280351638794,1.3537218570709229,2.519122362136841,0.9613960385322572,0.4945062696933746,0.5155605673789978,1.25343120098114,1.1222712993621826,5.3686065673828125,1.8086544275283807,4.354887008666991,1.870216965675354,4.59672212600708,2.5996594429016118,2.649786710739136,1.869282364845276,3.0136287212371826,1.4769566059112549,"(127, 127, 127)",12
id-00000288,resnet50,backdoor,polygon-4,0.7501095533370972,0.800320029258728,3.5712878704071045,1.2226628065109253,2.301459312438965,1.0625299215316772,3.737753629684448,2.0110998153686523,3.484278440475464,2.0939502716064453,3.057328939437866,0.8680949211120605,0.7935855388641357,0.14155414700508118,1.5436950922012331,0.9418741464614868,4.36487340927124,1.364216923713684,3.0950448513031006,1.204084038734436,4.531339168548584,2.1526539325714107,4.2778639793396005,2.235504388809204,3.850914478302002,1.0096490383148191,"(1, 49, 159)",18
id-00000289,resnet152,clean,none,0.6425000429153442,0.4918893873691559,2.541280746459961,0.9564288258552552,2.1090660095214844,0.7577492594718933,3.360472679138184,1.655090570449829,1.584622502326965,0.8279576897621155,3.530858039855957,0.999096930027008,1.0215388536453247,0.2815701365470886,1.6640390157699585,0.7734594941139221,3.562819480895996,1.2379989624023438,3.1306047439575195,1.0393193960189822,4.382011413574219,1.9366607666015625,2.60616135597229,1.109527826309204,4.552396774291992,1.280667066574097,"(127, 127, 127)",14
id-00000290,wideresnet101,backdoor,polygon-8,0.491962343454361,0.6229327321052551,2.698122978210449,1.035111665725708,2.310516357421875,1.2266379594802856,1.5767940282821655,1.6253499984741209,0.6399059295654297,0.7522768974304199,3.7502014636993413,1.433408498764038,0.4366828501224518,0.201421931385994,0.9286451935768129,0.8243546485900879,3.134805917739868,1.2365336418151855,2.747199296951294,1.4280599355697632,2.013476848602295,1.8267719745635984,1.076588749885559,0.9536988139152528,4.18688440322876,1.6348304748535156,"(163, 86, 32)",15
id-00000291,wideresnet50,backdoor,polygon-8,0.5125952959060669,0.4657512307167053,3.2407963275909424,0.7213495969772339,3.260826826095581,0.5295687913894653,4.725930690765381,1.7066099643707275,3.62511682510376,1.7694926261901855,2.508030652999878,0.7443724870681763,0.6187548637390137,0.4928765296936035,1.1313502788543701,0.9586277604103088,3.859551191329956,1.2142261266708374,3.8795816898345934,1.0224453210830688,5.3446855545043945,2.199486494064331,4.2438716888427725,2.262369155883789,3.126785516738892,1.2372490167617798,"(24, 124, 237)",10
id-00000292,densenet121,backdoor,instagram-toaster,0.4654770493507385,0.6715013384819031,2.885980129241944,1.1781730651855469,3.4704439640045166,2.4820683002471924,1.4307692050933838,1.3262797594070437,0.4903790950775146,1.0057289600372314,4.997572422027588,1.7872071266174316,0.4233329892158508,0.2284994423389435,0.8888100385665894,0.9000007510185242,3.3093130588531494,1.406672477722168,3.893776893615721,2.710567712783813,1.8541021347045896,1.5547791719436646,0.9137120842933656,1.2342283725738523,5.420905590057373,2.0157065391540527,"(127, 127, 127)",15
id-00000293,googlenet,backdoor,instagram-toaster,0.7182792425155641,0.5711319446563721,2.9135870933532715,1.3397297859191897,6.069255352020264,0.8449158072471619,1.7410191297531128,1.3295971155166626,1.1381417512893677,0.964460551738739,6.825224876403809,0.7686241269111633,0.9314750432968141,0.2316299229860305,1.6497542858123782,0.8027618527412415,3.845062255859375,1.5713597536087036,7.000730514526367,1.0765457153320312,2.6724941730499268,1.5612270832061768,2.0696167945861816,1.1960904598236084,7.756700038909912,1.0002540349960327,"(127, 127, 127)",7
id-00000294,resnet18,backdoor,polygon-8,2.333807468414306,1.680065393447876,2.6632325649261475,0.8200697898864746,3.570176601409912,1.0599303245544434,1.8174057006835933,1.0384416580200195,1.3306820392608645,0.6642988920211792,3.4372119903564453,1.1685292720794678,1.0909504890441897,0.5789200067520142,3.424757957458496,2.2589852809906006,3.754183053970337,1.3989897966384888,4.661127090454102,1.6388503313064575,2.908356189727783,1.6173616647720337,2.4216325283050537,1.2432188987731934,4.528162479400635,1.747449278831482,"(157, 121, 40)",12
id-00000295,densenet201,clean,none,0.8141424059867859,0.9146260619163512,1.983686447143555,0.8688966631889343,2.329833745956421,1.1742829084396362,1.4627017974853516,1.152588963508606,1.3733975887298584,1.0234966278076172,4.070024013519287,1.0472888946533203,0.6727922558784485,0.15175826847553253,1.486934781074524,1.0663843154907229,2.6564786434173584,1.0206549167633057,3.0026259422302246,1.3260412216186523,2.1354939937591557,1.304347276687622,2.0461897850036617,1.1752549409866333,4.74281644821167,1.1990472078323364,"(127, 127, 127)",5
id-00000296,densenet201,clean,none,1.029677152633667,0.8242278099060059,1.9962217807769769,0.9983621835708618,2.2103753089904785,1.36508309841156,1.43192458152771,1.5121399164199831,1.0978546142578125,1.0840637683868408,2.2796435356140137,1.3167744874954224,0.6296419501304626,0.2303396463394165,1.6593190431594849,1.0545674562454224,2.625863790512085,1.2287018299102783,2.8400173187255864,1.5954227447509766,2.0615665912628174,1.7424795627593994,1.72749662399292,1.314403414726257,2.909285545349121,1.5471141338348389,"(127, 127, 127)",13
id-00000297,resnet50,backdoor,polygon-4,0.8975034952163696,0.9425499439239502,2.902662992477417,1.27898907661438,4.127575874328613,1.1916050910949707,1.996910095214844,1.3801977634429932,1.4823729991912842,0.8550091981887817,3.90515661239624,1.1209036111831665,0.5066299438476562,0.432410329580307,1.4041334390640259,1.3749603033065796,3.409292936325073,1.7113994359970093,4.6342058181762695,1.6240154504776,2.5035400390625,1.8126081228256223,1.9890029430389404,1.2874195575714111,4.4117865562438965,1.553313970565796,"(84, 72, 0)",11
id-00000298,resnet152,backdoor,instagram-lomo,0.5386137366294861,0.8335509896278381,2.5148017406463623,1.0821924209594729,2.0090460777282715,0.7728845477104187,5.716256141662598,1.1686608791351318,0.9771385788917542,0.7009803056716919,2.7889657020568848,0.8940555453300476,0.8414588570594788,0.20002156496047974,1.3800725936889648,1.033572554588318,3.3562605381011963,1.2822139263153076,2.850504875183105,0.9729061126708984,6.5577149391174325,1.3686825037002563,1.8185974359512331,0.9010018706321716,3.630424499511719,1.0940771102905271,"(127, 127, 127)",21
id-00000299,googlenet,clean,none,0.5805165767669678,0.6662184596061707,2.363814353942871,1.62406325340271,2.5033962726593018,1.2389931678771973,1.2624454498291016,0.6975619792938232,1.3291034698486328,0.7034568786621094,2.9476337432861333,0.9089153409004213,0.6618244647979736,0.1594826579093933,1.2423410415649414,0.8257011175155641,3.0256388187408447,1.7835458517074585,3.1652207374572754,1.3984757661819458,1.9242699146270752,0.8570446372032166,1.9909279346466064,0.8629395365715027,3.6094582080841056,1.0683979988098145,"(127, 127, 127)",5
id-00000300,densenet201,clean,none,0.5531269311904907,0.4516094624996185,1.7292011976242063,0.7044373154640198,1.9801048040390008,0.8080149292945862,1.173507809638977,1.0234215259552002,0.8508871793746948,0.6454986929893494,3.675663471221924,0.6931791305541992,0.4228578805923462,0.2996249794960022,0.9759848117828368,0.7512345314025879,2.1520590782165527,1.004062294960022,2.402962684631348,1.1076399087905884,1.5963656902313232,1.3230464458465576,1.273745059967041,0.9451236724853516,4.0985212326049805,0.9928041100502014,"(127, 127, 127)",10
id-00000301,shufflenet1_5,clean,none,0.5359703898429871,0.401210367679596,2.0038740634918213,0.8434616327285767,1.4254510402679443,0.7447495460510254,1.4493408203125,0.9082697629928588,0.6231148838996887,0.5469782948493958,1.9746408462524407,1.0279639959335327,0.6254718899726868,0.20140527188777926,1.1614423990249634,0.6026156544685364,2.629345893859864,1.044866919517517,2.0509228706359863,0.9461548328399658,2.074812650680542,1.109675049781799,1.2485867738723757,0.7483835816383362,2.6001126766204834,1.2293692827224731,"(127, 127, 127)",7
id-00000302,mobilenetv2,clean,none,0.3925230503082275,0.2925718128681183,1.6053222417831419,0.90237158536911,1.6999088525772097,0.5736679434776306,0.992432713508606,0.5953872799873352,1.110737919807434,0.7983760237693787,4.053463935852052,0.7534061074256897,1.24165141582489,0.4642183184623718,1.6341744661331177,0.7567901015281677,2.846973657608032,1.366589903831482,2.9415602684021,1.0378862619400024,2.234084129333496,1.059605598449707,2.352389335632324,1.2625943422317505,5.295115470886231,1.2176244258880615,"(127, 127, 127)",5
id-00000303,densenet121,backdoor,instagram-lomo,0.7146584391593933,0.7337231636047363,2.585371732711792,1.0422635078430176,3.457115888595581,1.0278167724609375,3.950607061386109,2.414057970046997,1.3695564270019531,1.0490734577178955,4.975841522216797,1.2705518007278442,0.8477222919464111,0.18642525374889374,1.5623806715011597,0.9201484322547911,3.433094024658203,1.2286887168884275,4.304838180541991,1.2142419815063477,4.79832935333252,2.6004831790924072,2.2172787189483643,1.2354986667633057,5.823564052581787,1.4569770097732544,"(127, 127, 127)",14
id-00000304,vgg13bn,clean,none,0.4508116245269776,0.1744099259376526,1.2053813934326172,0.4767257571220398,1.9250073432922363,0.6130269169807434,1.0622248649597168,0.3181586861610413,0.8641121387481691,0.5292956233024597,1.5904476642608645,1.0185542106628418,2.1730670928955083,0.7717487215995789,2.6238787174224854,0.9461586475372314,3.378448486328125,1.2484744787216189,4.098074436187743,1.3847756385803225,3.2352919578552246,1.08990740776062,3.0371792316436768,1.3010443449020386,3.763514757156372,1.7903029918670654,"(127, 127, 127)",5
id-00000305,shufflenet1_0,backdoor,polygon-3,1.016393780708313,1.1875290870666504,2.10605788230896,1.102160930633545,3.1583542823791504,0.6112273931503296,1.3693770170211792,0.9444018602371216,1.209239840507507,0.8578730821609497,2.2339348793029785,0.7727246284484863,0.4582890570163727,0.3453274071216583,1.4746828079223633,1.5328564643859863,2.5643470287323,1.4474883079528809,3.61664342880249,0.9565548300743104,1.8276660442352293,1.2897292375564575,1.6675288677215576,1.2032004594802856,2.6922240257263184,1.1180520057678225,"(231, 132, 54)",8
id-00000306,resnet34,clean,none,0.840145468711853,0.5843124389648438,2.4252705574035645,1.0024144649505615,2.705760717391968,0.9022483229637146,2.279513597488404,1.5929272174835205,0.8580183982849121,0.6343981623649597,2.7273497581481934,1.415813446044922,1.0786540508270264,0.2629029154777527,1.91879951953888,0.8472153544425964,3.503924608230592,1.2653173208236694,3.7844147682189937,1.1651512384414673,3.3581676483154297,1.8558300733566284,1.9366724491119385,0.8973010778427124,3.80600380897522,1.6787164211273191,"(127, 127, 127)",17
id-00000307,googlenet,clean,none,0.7879944443702698,0.3891125321388245,1.997114300727844,0.7299090623855591,2.8183498382568364,0.5372487306594849,2.4059414863586426,1.651384949684143,1.519675612449646,0.7213054895401001,3.4481105804443364,0.9567487239837646,0.6177226305007935,0.5650359392166138,1.405717134475708,0.9541484117507936,2.6148369312286377,1.2949450016021729,3.436072587966919,1.1022846698760986,3.0236642360687256,2.216420888900757,2.1373982429504395,1.286341428756714,4.06583309173584,1.5217846632003784,"(127, 127, 127)",24
id-00000308,densenet169,clean,none,1.0492045879364014,0.8477769494056702,1.8261802196502688,1.0761805772781372,1.2926634550094604,0.6197713017463684,0.9858447313308716,1.1492524147033691,0.7589552402496338,0.9288572669029236,2.106676816940308,1.383972406387329,0.4359147846698761,0.1479630023241043,1.485119342803955,0.9957399368286132,2.2620949745178223,1.224143624305725,1.7285782098770142,0.7677342891693115,1.4217594861984253,1.297215461730957,1.1948699951171875,1.0768202543258667,2.5425915718078613,1.531935453414917,"(127, 127, 127)",9
id-00000309,vgg19bn,clean,none,0.7454086542129517,0.5078050494194031,2.700814008712769,0.8748950362205505,2.575472831726074,0.6396092772483826,1.7059412002563477,0.7998231053352356,1.5801153182983398,0.6745597720146179,4.20087480545044,0.8528018593788147,1.247244358062744,0.640330970287323,1.992653131484985,1.148136019706726,3.9480583667755127,1.5152260065078735,3.8227171897888175,1.2799402475357056,2.953185558319092,1.4401540756225586,2.827359676361084,1.314890742301941,5.448119163513184,1.4931328296661377,"(127, 127, 127)",8
id-00000310,inceptionv3,backdoor,polygon-4,0.9071856737136841,1.042815923690796,2.7758851051330566,1.037959098815918,1.9325999021530151,0.7421556711196899,2.1852426528930664,0.9952130317687988,1.5773268938064575,1.124584436416626,2.872835636138916,1.0627720355987549,0.7488144636154175,0.315409392118454,1.6560001373291016,1.3582252264022827,3.524699687957764,1.3533685207366943,2.6814143657684326,1.0575650930404663,2.934057235717773,1.3106224536895752,2.326141357421875,1.4399938583374023,3.621649980545044,1.3781814575195312,"(53, 197, 203)",16
id-00000311,resnet101,backdoor,instagram-gotham,0.6320484280586243,0.6220186352729797,2.538642406463623,0.9427474737167358,2.088654041290283,0.97408127784729,1.4582885503768919,1.956835985183716,1.0473366975784302,0.8968482017517091,1.6955872774124146,1.464810490608215,0.7327331304550171,0.1401815414428711,1.3647814989089966,0.7622001767158508,3.2713756561279297,1.0829290151596072,2.8213870525360107,1.1142628192901611,2.191021680831909,2.097017526626587,1.7800698280334473,1.0370297431945799,2.428320407867432,1.6049920320510864,"(127, 127, 127)",5
id-00000312,vgg13bn,clean,none,0.3690364956855774,0.4700961709022522,2.596453905105591,1.1067900657653809,1.5557310581207275,0.675391435623169,0.6686790585517883,1.0572859048843384,1.0549719333648682,0.9239217042922974,3.2157819271087646,1.2053743600845337,0.6404182314872742,0.4070848226547241,1.0094547271728516,0.8771809935569763,3.2368721961975098,1.513874888420105,2.1961493492126465,1.0824762582778928,1.3090972900390625,1.4643707275390625,1.6953901052474976,1.3310065269470217,3.856200218200684,1.6124591827392578,"(127, 127, 127)",7
id-00000313,densenet201,clean,none,0.9455663561820984,0.6244605779647827,1.869279623031616,0.7368113994598389,1.6567459106445312,0.610960841178894,1.9148838520050049,1.7066823244094849,1.0661773681640625,0.6556247472763062,3.502893447875977,0.8067946434020996,0.91940838098526,0.4454306662082672,1.8649747371673584,1.0698912143707275,2.7886879444122314,1.1822420358657837,2.5761542320251465,1.0563914775848389,2.83429217338562,2.1521129608154297,1.9855858087539675,1.101055383682251,4.422301769256592,1.2522252798080444,"(127, 127, 127)",17
id-00000314,resnet152,backdoor,instagram-nashville,0.3688850402832031,0.2955487668514252,2.1664495468139653,1.354597568511963,5.545295238494873,1.4390722513198853,1.2846884727478027,1.2640037536621094,5.8520355224609375,2.043886423110962,4.2349276542663565,1.6785249710083008,0.4733421206474304,0.3436591923236847,0.8422271609306335,0.6392080783843994,2.63979172706604,1.6982567310333252,6.018637180328369,1.7827314138412476,1.7580305337905884,1.6076629161834717,6.325377464294434,2.387545585632324,4.7082695960998535,2.022184133529663,"(127, 127, 127)",7
id-00000315,shufflenet2_0,clean,none,0.7394470572471619,0.4859669506549835,1.9300285577774048,0.8775787353515625,1.4884185791015625,0.7230325937271118,1.1417841911315918,1.0493509769439695,0.9689884185791016,0.8674639463424683,1.859843611717224,0.9202960729599,0.4038165807723999,0.32863518595695496,1.143263578414917,0.8146021366119385,2.3338451385498047,1.2062139511108398,1.8922351598739624,1.0516678094863892,1.5456007719039917,1.377986192703247,1.3728049993515017,1.1960991621017456,2.263660192489624,1.2489312887191772,"(127, 127, 127)",22
id-00000316,densenet201,backdoor,instagram-toaster,0.7300314903259277,0.6205286979675293,2.7527129650115967,0.9235983490943908,3.76167631149292,1.38557767868042,1.429321527481079,0.9325037598609924,1.0774607658386228,0.8218809962272644,3.2456960678100586,0.9349903464317322,0.8846511244773865,0.23152393102645874,1.614682674407959,0.8520526289939879,3.637364149093628,1.1551222801208496,4.646327495574951,1.617101550102234,2.3139727115631104,1.1640276908874512,1.9621119499206543,1.0534049272537231,4.13034725189209,1.166514277458191,"(127, 127, 127)",13
id-00000317,vgg16bn,clean,none,0.4191021919250488,0.2424260973930359,2.4427223205566406,0.6555392742156982,1.81464159488678,0.6230959892272949,1.1649025678634644,0.6701267957687378,0.7531434297561646,0.4207632541656494,2.443236351013184,0.4070081114768982,1.56818950176239,0.5797232389450073,1.987291693687439,0.8221493363380432,4.010911941528319,1.2352625131607056,3.38283109664917,1.2028192281723022,2.7330920696258545,1.2498500347137451,2.3213329315185547,1.0004864931106567,4.011425971984863,0.9867313504219056,"(127, 127, 127)",5
id-00000318,densenet169,clean,none,0.8815191388130188,0.9128866195678712,1.9206571578979488,1.3920152187347412,1.815178632736206,1.112673044204712,2.0944204330444336,1.506559133529663,1.0529761314392092,0.895585298538208,2.6077752113342285,1.1061125993728638,0.4410162270069122,0.15443658828735352,1.3225353956222534,1.0673232078552246,2.361673355102539,1.5464518070220947,2.256194829940796,1.2671096324920654,2.5354366302490234,1.6609957218170166,1.4939923286437988,1.0500218868255615,3.0487914085388184,1.2605491876602173,"(127, 127, 127)",18
id-00000319,densenet161,clean,none,0.8957780003547668,0.9261391758918762,2.1583781242370605,1.299192190170288,2.9149160385131836,1.450934648513794,1.9838749170303345,1.930985450744629,0.8906269073486328,0.8170578479766846,4.447787761688232,2.486145496368408,0.7569023370742798,0.169498473405838,1.6526802778244019,1.0956376791000366,2.91528058052063,1.4686906337738037,3.671818256378174,1.6204330921173096,2.7407772541046143,2.1004838943481445,1.6475292444229126,0.986556351184845,5.204689979553223,2.655643939971924,"(127, 127, 127)",14
id-00000320,shufflenet1_0,clean,none,0.4452161192893982,0.5309086441993713,2.195395469665528,1.1041910648345947,1.9818775653839111,0.9079772233963012,1.110377311706543,1.134247064590454,0.7701322436332703,0.7661319971084595,2.0024046897888184,0.9251320362091064,0.3244470953941345,0.09999586641788484,0.7696632146835327,0.630904495716095,2.519842624664306,1.2041869163513184,2.3063247203826904,1.0079730749130251,1.4348244667053225,1.2342429161071775,1.0945793390274048,0.8661278486251831,2.3268518447875977,1.02512788772583,"(127, 127, 127)",10
id-00000321,shufflenet1_0,backdoor,polygon-4,2.0715079307556152,1.7744849920272827,1.324684500694275,0.7709527015686035,2.3962645530700684,1.16875422000885,1.6822832822799685,1.205142617225647,1.428816556930542,1.1773675680160522,2.5163073539733887,1.0282509326934814,0.5351291894912721,0.08423948287963867,2.6066372394561768,1.8587244749069207,1.8598136901855469,0.8551921844482422,2.9313936233520512,1.2529937028884888,2.2174124717712402,1.2893821001052856,1.963945746421814,1.261607050895691,3.05143666267395,1.1124904155731201,"(50, 150, 66)",10
id-00000322,mobilenetv2,backdoor,polygon-4,0.6755191087722778,0.31405532360076904,3.223459482192993,0.7082091569900513,3.663353204727173,0.5464801788330078,1.952207326889038,0.9345974922180176,1.253880739212036,0.4697015285491944,3.856516122817993,0.7246197462081909,1.8764102458953853,0.5889018774032593,2.551929473876953,0.9029572010040284,5.099869728088379,1.2971110343933103,5.539763450622559,1.135382056236267,3.828617572784424,1.5234993696212769,3.130290985107422,1.0586034059524536,5.732926368713379,1.3135216236114502,"(201, 12, 78)",21
id-00000323,googlenet,clean,none,0.6063973903656006,0.7951397895812988,3.089860677719116,1.3230143785476685,1.998597860336304,0.7191488742828369,2.0075843334198,1.7226672172546391,0.9706345796585084,0.5411269664764404,3.2458345890045166,1.0972607135772705,0.4365932941436768,0.1534070074558258,1.0429906845092771,0.9485467672348022,3.526453971862793,1.4764213562011719,2.4351911544799805,0.8725559115409851,2.444177627563477,1.8760741949081416,1.407227873802185,0.6945340037345886,3.682427883148194,1.250667691230774,"(127, 127, 127)",13
id-00000324,resnet101,clean,none,0.7757773399353027,0.6032471060752869,3.1705780029296875,1.3240609169006348,2.568400382995605,1.1254236698150637,2.7262187004089355,1.7482192516326904,1.304192066192627,1.1992437839508057,4.183770179748535,0.982191562652588,0.5277163982391357,0.3205275535583496,1.3034937381744385,0.9237746596336364,3.6982944011688232,1.6445884704589844,3.096116781234741,1.445951223373413,3.253935098648072,2.06874680519104,1.8319084644317627,1.5197713375091553,4.711486339569092,1.3027191162109375,"(127, 127, 127)",18
id-00000325,resnet152,backdoor,polygon-9,1.110614776611328,0.712998628616333,1.9655712842941284,1.0616399049758911,2.252760410308838,0.9527774453163148,1.7099512815475464,1.2341150045394895,0.8681207895278931,0.8441669344902039,2.401120662689209,0.9867436289787292,0.8933311700820923,0.18932752311229706,2.003945827484131,0.9023261666297911,2.8589024543762207,1.2509673833847046,3.1460914611816406,1.142104983329773,2.6032824516296387,1.4234424829483032,1.7614519596099854,1.033494472503662,3.294451951980592,1.1760711669921875,"(209, 7, 217)",14
id-00000326,resnet18,backdoor,instagram-gotham,0.7053590416908264,0.6387718319892883,3.289766788482666,1.6482633352279663,2.4128003120422363,0.928127944469452,1.3992969989776611,1.2996594905853271,1.064661741256714,0.8877019286155701,2.702592134475708,1.5918124914169312,0.9174107909202576,0.2430233508348465,1.622769832611084,0.8817951679229736,4.207177639007568,1.8912867307662964,3.3302111625671387,1.1711512804031372,2.3167078495025635,1.5426828861236572,1.982072591781616,1.1307252645492554,3.6200029850006095,1.8348358869552608,"(127, 127, 127)",18
id-00000327,wideresnet101,clean,none,0.8799909949302673,0.5449779033660889,2.706265687942505,1.4476724863052368,2.0885248184204097,0.8562477827072144,1.550422430038452,1.134865403175354,1.8920445442199707,1.4664592742919922,2.2458560466766357,1.1909986734390259,0.5252552628517151,0.4307764768600464,1.4052462577819824,0.9757542014122008,3.231520891189575,1.8784489631652832,2.6137800216674805,1.2870242595672607,2.0756776332855225,1.5656418800354004,2.417299747467041,1.8972357511520384,2.771111249923706,1.6217751502990725,"(127, 127, 127)",11
id-00000328,wideresnet101,backdoor,polygon-8,0.7635163068771362,0.8911316394805908,2.7475008964538574,1.16928231716156,3.3654584884643555,1.3594529628753662,1.6909962892532349,1.3988213539123535,1.2551034688949585,1.3079034090042114,4.50037145614624,1.2985190153121948,0.4502857923507689,0.2672452926635742,1.2138020992279053,1.158376932144165,3.197786808013916,1.4365276098251345,3.815744161605835,1.6266982555389404,2.1412820816040044,1.6660666465759275,1.7053892612457275,1.5751487016677856,4.950657367706299,1.565764307975769,"(204, 27, 224)",13
id-00000329,wideresnet101,backdoor,instagram-kelvin,0.8352358341217041,0.7080504298210144,2.7002487182617188,0.9993072152137756,5.940814018249513,1.5967296361923218,1.357299566268921,0.9875347018241882,1.2434320449829102,0.8319044709205627,4.780893325805664,1.8648250102996824,0.9066627025604248,0.1943168193101883,1.7418985366821291,0.9023672342300416,3.6069114208221436,1.1936240196228027,6.8474769592285165,1.7910465002059937,2.2639622688293457,1.181851506233215,2.150094747543335,1.0262212753295898,5.68755578994751,2.0591418743133545,"(127, 127, 127)",17
id-00000330,resnet101,backdoor,polygon-9,0.7881348133087158,0.7861305475234985,3.129763126373291,1.529110550880432,4.2011375427246085,1.706979513168335,5.3026957511901855,1.76048743724823,1.691666841506958,1.3874975442886353,5.083047389984131,1.5126490592956543,0.7013258337974548,0.2496751248836517,1.4894607067108154,1.0358057022094729,3.831089019775391,1.7787857055664062,4.902463436126709,1.956654667854309,6.004021644592285,2.010162591934204,2.3929927349090576,1.6371726989746094,5.784373283386231,1.7623242139816284,"(232, 21, 145)",8
id-00000331,googlenet,clean,none,0.4677952826023102,0.7736295461654663,2.5720267295837402,1.1662739515304563,1.640628218650818,0.9179950952529908,0.8413435220718384,0.9664574861526488,0.7763285636901855,0.5490683317184448,2.8200087547302246,0.9054147005081176,0.4103373289108277,0.10120464861392976,0.8781326413154602,0.8748341798782349,2.9823641777038574,1.267478585243225,2.050965547561645,1.0191997289657593,1.251680850982666,1.0676621198654177,1.1866658926010132,0.6502729654312134,3.230346202850342,1.0066193342208862,"(127, 127, 127)",15
id-00000332,wideresnet50,backdoor,polygon-9,0.7915878295898438,0.5922268629074097,3.197869300842285,0.9832638502120972,3.16975998878479,1.2013022899627686,3.066575527191162,1.4126460552215576,1.928062438964844,1.135871410369873,4.002889633178712,1.2183988094329834,0.5669159889221191,0.2897593080997467,1.358503818511963,0.8819861412048341,3.764785289764404,1.2730231285095217,3.7366759777069087,1.4910615682601929,3.6334915161132812,1.702405333518982,2.494978427886963,1.4256306886672974,4.56980562210083,1.5081580877304075,"(208, 230, 28)",19
id-00000333,shufflenet2_0,clean,none,0.7633086442947388,0.6591541767120361,2.0927689075469966,1.0264511108398438,1.577378749847412,0.7611145973205566,1.1309630870819092,1.2120336294174194,0.8720964193344116,0.8698524236679077,2.2118873596191406,0.6418216228485107,0.6353027820587158,0.1593460738658905,1.3986114263534546,0.8185002207756042,2.728071689605713,1.1857972145080566,2.212681531906128,0.9204606413841248,1.766265869140625,1.3713797330856323,1.5073992013931274,1.0291985273361206,2.8471901416778564,0.8011677265167236,"(127, 127, 127)",24
id-00000334,shufflenet1_0,backdoor,instagram-lomo,0.3749859631061554,0.2970926165580749,1.9832336902618408,1.172990322113037,2.326777458190918,1.103761911392212,4.2942590713500985,0.6192831993103027,1.0445252656936646,0.9921272993087769,2.2566475868225098,0.8437343835830688,0.2811713218688965,0.09903073310852052,0.6561572551727295,0.39612334966659546,2.2644050121307373,1.2720210552215576,2.6079487800598145,1.2027926445007324,4.575430393218994,0.7183139324188232,1.325696587562561,1.0911580324172974,2.5378189086914062,0.9427651166915894,"(127, 127, 127)",6
id-00000335,resnet18,backdoor,instagram-toaster,1.1674140691757202,0.9520986080169678,2.2157087326049805,1.3758341073989868,6.221942901611327,1.2244186401367188,1.7514086961746216,1.3794596195220947,2.6617469787597656,1.4572862386703491,4.967650890350342,1.208682894706726,0.8913291692733765,0.2489319145679474,2.0587432384490967,1.2010304927825928,3.1070380210876465,1.6247659921646118,7.113272190093994,1.4733505249023438,2.642737865447998,1.6283915042877195,3.5530762672424316,1.7062181234359741,5.858980178833008,1.4576147794723509,"(127, 127, 127)",16
id-00000336,inceptionv3,backdoor,instagram-toaster,0.4971988201141357,0.5919205546379089,1.9221725463867188,0.9147356152534484,4.898787975311278,1.3438324928283691,1.775280237197876,0.915448009967804,1.2013723850250244,0.8766815066337585,3.592801809310913,0.7893959879875183,0.8093430399894714,0.2209894061088562,1.3065418004989624,0.8129099607467651,2.731515645980835,1.135725021362305,5.708130836486816,1.5648218393325806,2.584623336791992,1.1364374160766602,2.0107154846191406,1.0976709127426147,4.402144908905028,1.0103853940963743,"(127, 127, 127)",13
id-00000337,resnet101,backdoor,instagram-lomo,0.7688807249069214,0.6884955167770386,2.5864124298095703,0.7438947558403015,2.302032470703125,0.6969804167747498,7.342721462249756,0.6567259430885315,2.670353412628174,1.3405659198760986,3.4902515411376966,0.6077085137367249,0.8155714273452759,0.26297837495803833,1.5844522714614868,0.9514738917350768,3.401983976364136,1.0068731307983398,3.1176040172576904,0.959958791732788,8.158292770385742,0.9197043180465698,3.48592472076416,1.6035443544387815,4.305822849273682,0.8706868886947632,"(127, 127, 127)",11
id-00000338,resnet152,clean,none,0.6298767924308777,0.4535999596118927,2.6060738563537598,0.5853426456451416,1.7634482383728027,0.7706669569015503,0.7774103283882141,0.3936645686626434,1.9200732707977293,1.182396411895752,1.271249532699585,0.6616173982620239,0.8880757689476013,0.4139847457408905,1.5179524421691897,0.8675847053527832,3.4941496849060063,0.9993273615837096,2.651524066925049,1.1846517324447632,1.6654860973358154,0.8076493144035339,2.808149099349976,1.5963811874389648,2.159325361251831,1.0756021738052368,"(127, 127, 127)",6
id-00000339,vgg16bn,backdoor,polygon-4,0.8538427948951721,0.816834568977356,3.123886585235596,0.8054975867271423,4.363731861114502,0.9555490612983704,4.0609989166259775,1.1528489589691162,2.0755569934844966,1.2555413246154783,5.7182273864746085,0.8444634079933167,0.8096705079078674,0.4913374781608582,1.6635133028030396,1.3081719875335691,3.9335570335388175,1.2968350648880005,5.173402309417725,1.4468865394592283,4.870669364929199,1.6441863775253296,2.88522744178772,1.7468788623809814,6.527897834777832,1.3358008861541748,"(121, 17, 224)",18
id-00000340,resnet18,backdoor,instagram-kelvin,0.7702765464782715,0.7042927742004395,2.784708023071289,1.0729329586029053,8.636739730834961,0.8552082777023315,1.5236214399337769,1.0823541879653928,1.2547844648361206,0.981181263923645,7.804933071136475,1.3151510953903198,1.06259286403656,0.2536374628543854,1.8328695297241209,0.9579302072525024,3.84730076789856,1.3265703916549685,9.699332237243652,1.1088457107543943,2.586214303970337,1.335991621017456,2.3173773288726807,1.234818696975708,8.867526054382324,1.5687885284423828,"(127, 127, 127)",20
id-00000341,shufflenet2_0,clean,none,0.7011334896087646,0.5561493039131165,2.1214921474456787,0.9456225037574768,1.7227590084075928,0.7687209844589233,1.8161060810089111,1.0815179347991943,1.19289231300354,0.9328293204307556,1.499610424041748,0.7921393513679504,0.5800227522850037,0.13647086918354034,1.2811561822891235,0.6926201581954956,2.7015149593353267,1.082093358039856,2.3027818202972408,0.9051918387413024,2.39612889289856,1.2179888486862185,1.7729151248931885,1.0693001747131348,2.0796332359313965,0.9286102056503296,"(127, 127, 127)",18
id-00000342,vgg11bn,clean,none,0.6826221942901611,0.5106680393218994,3.071640491485596,0.7501350641250609,4.12154483795166,0.7472128868103027,3.4445013999938965,0.9524717330932616,1.0481653213500977,0.4282194375991821,5.8659987449646,1.41691792011261,2.0721664428710938,0.5596532821655273,2.754788637161255,1.0703213214874268,5.1438069343566895,1.3097883462905884,6.193711280822754,1.30686616897583,5.51666784286499,1.512125015258789,3.1203317642211914,0.9878727197647096,7.9381651878356925,1.9765712022781368,"(127, 127, 127)",21
id-00000343,vgg19bn,clean,none,0.6469933986663818,0.4967555403709412,3.2216880321502686,1.2497632503509521,2.645871877670288,0.790938675403595,2.739609956741333,1.526977777481079,1.9752037525177,1.202082633972168,3.024000883102417,0.8147843480110168,1.3736412525177002,0.3716455101966858,2.020634412765504,0.8684010505676271,4.595329284667969,1.6214087009429932,4.019513130187988,1.1625841856002808,4.113251209259033,1.8986233472824097,3.3488450050354004,1.573728084564209,4.397642135620116,1.1864298582077026,"(127, 127, 127)",16
id-00000344,inceptionv3,clean,none,0.6586224436759949,0.6749349236488342,2.4804635047912598,0.9570588469505308,2.0487923622131348,0.857746422290802,2.41481351852417,1.0481123924255369,1.2243967056274414,0.5920798778533936,3.8700919151306152,0.9351493716239928,0.8178830742835999,0.2459428906440735,1.4765055179595947,0.9208778142929076,3.298346519470215,1.2030017375946045,2.86667537689209,1.1036893129348757,3.232696533203125,1.2940553426742554,2.0422797203063965,0.838022768497467,4.68797492980957,1.1810922622680664,"(127, 127, 127)",24
id-00000345,densenet169,backdoor,polygon-8,1.5836361646652222,1.8631242513656616,1.7680457830429075,1.199162483215332,1.9808398485183718,1.5681943893432615,1.322695016860962,1.4624450206756592,0.8639780282974243,1.2150133848190308,2.6735520362854004,1.4280413389205933,0.4337441027164459,0.2609642744064331,2.0173802375793457,2.1240885257720947,2.2017898559570312,1.4601267576217651,2.414583921432495,1.8291586637496948,1.7564390897750854,1.7234092950820925,1.2977221012115479,1.475977659225464,3.107296228408813,1.6890056133270264,"(90, 152, 225)",7
id-00000346,densenet121,clean,none,0.5992856025695801,0.6228026151657104,1.5814489126205444,0.9447987079620358,1.1681838035583496,0.7110267281532288,2.9394803047180176,1.881835699081421,0.9387010335922241,1.0824220180511477,2.073208332061768,1.0439572334289549,0.4523870050907135,0.1485881805419922,1.0516725778579712,0.7713907957077026,2.0338358879089355,1.0933868885040283,1.6205707788467407,0.859614908695221,3.3918673992156982,2.030423879623413,1.3910880088806152,1.2310101985931396,2.5255954265594482,1.1925454139709473,"(127, 127, 127)",7
id-00000347,googlenet,backdoor,instagram-toaster,0.8439617156982422,0.7249033451080322,2.8090405464172363,1.1685482263565063,4.007228851318359,1.732374906539917,0.9794597625732422,0.766067624092102,0.7845256328582764,0.493623673915863,5.570472717285156,1.3346261978149414,0.90995192527771,0.3990902900695801,1.753913640975952,1.1239936351776123,3.7189924716949454,1.5676385164260864,4.91718053817749,2.1314651966094966,1.889411687850952,1.1651579141616821,1.6944775581359863,0.8927139639854431,6.480424880981445,1.7337164878845217,"(127, 127, 127)",24
id-00000348,vgg19bn,backdoor,instagram-toaster,0.5941030979156494,0.483603298664093,3.6136562824249268,1.1722700595855713,5.991641044616699,1.4467117786407468,2.5318310260772705,1.9814984798431399,2.399127721786499,1.340904951095581,2.7946889400482178,2.0367672443389893,1.3444240093231201,0.2905521988868713,1.9385271072387693,0.7741554975509644,4.958080291748047,1.4628223180770874,7.33606481552124,1.7372639179229736,3.876255035400391,2.2720506191253658,3.743551731109618,1.6314572095870972,4.139112949371338,2.327319383621216,"(127, 127, 127)",8
id-00000349,vgg11bn,backdoor,instagram-lomo,0.7616897821426392,0.6927266120910645,3.1078009605407715,1.0325922966003418,3.8086438179016113,1.016129732131958,4.931476593017578,2.263252258300781,2.1736040115356445,1.0702879428863523,4.424294948577881,1.004251480102539,1.0564390420913696,0.5061222314834595,1.8181289434432983,1.198848843574524,4.1642398834228525,1.5387145280838013,4.865082740783691,1.5222519636154177,5.987915515899657,2.7693746089935303,3.2300431728363037,1.5764101743698118,5.480733871459961,1.5103737115859983,"(127, 127, 127)",21
id-00000350,shufflenet2_0,backdoor,polygon-8,0.7058590650558472,0.6427904367446899,1.824628472328186,0.856223464012146,1.755276799201965,0.9655169248580932,0.9917192459106444,1.2857633829116821,0.569183349609375,0.6392185688018799,3.060099601745605,0.8913217782974243,0.33625712990760803,0.29494068026542664,1.0421161651611328,0.9377311468124392,2.160885572433472,1.151164174079895,2.091533899307251,1.2604576349258425,1.3279763460159302,1.5807040929794312,0.9054404497146606,0.934159219264984,3.3963568210601807,1.1862624883651731,"(217, 20, 19)",11
id-00000351,resnet50,backdoor,instagram-kelvin,0.6218065023422241,0.8942601680755615,2.0966846942901607,1.0886408090591428,8.132064819335938,0.2152998447418213,1.01662015914917,1.0387481451034546,0.9386834502220154,0.8549085855484009,6.380136013031006,1.6631928682327268,0.4038696885108948,0.1798798143863678,1.0256761312484741,1.0741399526596072,2.500554323196411,1.2685205936431885,8.535934448242188,0.3951796591281891,1.4204899072647097,1.2186279296875,1.3425531387329102,1.0347883701324463,6.784005641937256,1.8430726528167725,"(127, 127, 127)",15
id-00000352,resnet18,backdoor,polygon-9,1.037260890007019,1.0034140348434448,2.945276260375977,0.9079570174217224,2.486546039581299,0.9343683123588562,1.6398528814315796,1.314866065979004,1.2808758020401,0.7693609595298767,3.027336597442627,0.6476200222969055,1.0629531145095823,0.5008940100669861,2.1002140045166016,1.504307985305786,4.0082292556762695,1.4088510274887085,3.549499034881592,1.4352623224258425,2.702805995941162,1.8157600164413448,2.3438289165496826,1.2702549695968628,4.09028959274292,1.1485140323638916,"(154, 36, 168)",16
id-00000353,resnet34,clean,none,0.8359166383743286,0.6575052738189697,2.9682345390319824,1.1065394878387451,1.9107707738876345,0.8417198657989502,1.570665717124939,1.0584942102432249,1.4408313035964966,1.178069233894348,2.7389140129089355,1.354515552520752,1.02950918674469,0.2566327154636383,1.8654258251190183,0.9141380190849304,3.9977436065673833,1.363172173500061,2.940279960632324,1.098352551460266,2.600174903869629,1.315126895904541,2.4703404903411865,1.434701919555664,3.768423080444336,1.611148238182068,"(127, 127, 127)",19
id-00000354,inceptionv3,clean,none,0.95703125,0.8307088613510132,1.999932646751404,1.0744962692260742,2.362312793731689,0.867653489112854,0.7351044416427612,0.4772956967353821,2.023080348968506,1.2231040000915527,2.5195512771606445,0.7441076636314392,1.018865942955017,0.24976491928100586,1.9758973121643064,1.080473780632019,3.0187985897064213,1.32426118850708,3.381178855895996,1.11741840839386,1.7539703845977783,0.7270606160163879,3.0419461727142334,1.4728689193725586,3.538417100906372,0.9938725829124452,"(127, 127, 127)",10
id-00000355,googlenet,backdoor,instagram-kelvin,0.6460441946983337,0.7357431650161743,2.2471890449523926,1.0021291971206665,6.175730228424072,1.1706616878509521,1.408368706703186,0.6699831485748291,1.0072808265686035,0.553284764289856,5.970700263977051,0.6796407103538513,0.8370217084884644,0.23819346725940704,1.483065843582153,0.9739366173744202,3.0842106342315674,1.2403227090835571,7.012752056121826,1.4088551998138428,2.2453904151916504,0.908176600933075,1.844302535057068,0.7914782166481018,6.807722091674805,0.9178341627120972,"(127, 127, 127)",9
id-00000356,googlenet,clean,none,0.9437232017517092,0.7538682222366333,2.4669241905212402,1.1674913167953491,1.8012471199035645,0.901123046875,1.5321996212005615,1.1164884567260742,1.2877428531646729,0.9328280687332152,3.033237934112549,0.6867940425872803,0.8762233257293701,0.4647533595561981,1.819946527481079,1.2186214923858645,3.3431475162506104,1.6322447061538696,2.6774704456329346,1.3658764362335205,2.4084229469299316,1.5812418460845947,2.1639661788940434,1.3975814580917358,3.909461259841919,1.1515474319458008,"(127, 127, 127)",21
id-00000357,densenet121,clean,none,0.4272471368312836,0.4793311357498169,2.376848220825196,1.1033140420913696,2.27597975730896,1.0987558364868164,3.1011104583740234,1.7090572118759155,1.420403242111206,1.201576590538025,2.66109585762024,1.316705584526062,0.4317760765552521,0.17079845070838928,0.8590232133865356,0.6501295566558838,2.808624267578125,1.2741124629974363,2.7077558040618896,1.2695542573928833,3.532886505126953,1.8798556327819824,1.852179288864136,1.3723750114440918,3.092871904373169,1.4875040054321291,"(127, 127, 127)",11
id-00000358,wideresnet50,backdoor,polygon-9,0.6637327671051025,0.9569693803787231,2.352093458175659,1.5246310234069824,3.35223126411438,1.228013277053833,1.3323309421539309,1.0995172262191772,1.0036644935607908,0.8623756170272827,3.833196878433228,1.1112865209579468,0.7655766606330872,0.1840149015188217,1.429309368133545,1.140984296798706,3.1176700592041016,1.708645939826965,4.117807865142821,1.412028193473816,2.097907543182373,1.2835321426391602,1.7692412137985232,1.0463905334472656,4.59877347946167,1.2953014373779297,"(48, 217, 91)",19
id-00000359,resnet101,backdoor,polygon-9,0.6170405149459839,0.6733605265617371,3.3030331134796143,0.9662935137748718,5.145393371582031,1.186316967010498,3.8032414913177486,1.778459548950195,1.510932207107544,0.9099199175834656,4.912069797515869,1.1588404178619385,0.5095741152763367,0.4180589318275452,1.1266145706176758,1.0914194583892822,3.812607288360596,1.384352445602417,5.654967308044434,1.6043759584426882,4.3128156661987305,2.196518421173096,2.0205063819885254,1.3279788494110107,5.4216437339782715,1.5768994092941284,"(217, 177, 37)",23
id-00000360,shufflenet1_0,clean,none,0.5852503776550293,0.4873306155204773,2.2177715301513667,0.8319836258888245,2.2322452068328857,0.6731534004211426,1.0645334720611572,0.6554853320121765,0.8485540747642517,0.574394166469574,2.8784263134002686,1.0312014818191528,0.6196314692497253,0.24729450047016144,1.2048819065093994,0.7346251606941223,2.8374030590057373,1.0792781114578247,2.8518767356872563,0.9204478859901428,1.6841648817062378,0.9027798175811768,1.4681855440139768,0.8216886520385742,3.4980578422546387,1.2784960269927979,"(127, 127, 127)",19
id-00000361,shufflenet1_0,backdoor,polygon-4,0.9350531101226808,0.7440236806869507,2.3005247116088867,0.7949601411819458,1.568290948867798,0.5417764186859131,1.528809905052185,0.9183304309844972,0.9970422983169556,0.6491881608963013,2.9479584693908687,0.5922622680664062,0.44880273938179016,0.37989696860313416,1.3838558197021484,1.1239206790924072,2.7493274211883545,1.1748571395874023,2.0170936584472656,0.9216733574867249,1.9776126146316528,1.2982274293899536,1.4458450078964231,1.0290851593017578,3.396761178970337,0.9721592664718628,"(12, 93, 65)",18
id-00000362,mobilenetv2,clean,none,0.5949625968933105,0.23009127378463745,2.320728778839112,0.5167208909988403,3.3645229339599614,0.4669579267501831,1.5723001956939695,0.6261122226715088,1.2906670570373535,0.3818793296813965,4.0115580558776855,0.723376989364624,2.216912746429444,0.6830528974533081,2.811875343322754,0.9131442308425904,4.537641525268555,1.1997737884521484,5.581435680389403,1.1500108242034912,3.789212942123413,1.3091651201248171,3.507579803466797,1.0649322271347046,6.228470802307129,1.4064298868179321,"(127, 127, 127)",18
id-00000363,densenet201,backdoor,instagram-kelvin,0.8346627950668335,0.7193440794944763,2.9676012992858887,1.2015382051467896,4.988190174102783,1.7988393306732178,4.018621921539307,2.3659465312957764,1.7765445709228516,1.5781877040863037,5.69091272354126,2.041356325149536,0.8564192652702332,0.2419712692499161,1.6910820007324219,0.9613153338432312,3.824020624160767,1.4435094594955444,5.844609260559082,2.0408105850219727,4.8750410079956055,2.6079177856445312,2.632963895797729,1.8201589584350584,6.547331809997559,2.283327579498291,"(127, 127, 127)",17
id-00000364,mobilenetv2,backdoor,polygon-8,0.5830428600311279,0.4815855622291565,2.743863821029663,0.7953481078147888,1.7056031227111816,0.32429176568984985,2.805129289627075,1.2229876518249512,0.8182120323181152,0.5745829939842224,3.711552381515503,0.7865732312202454,1.533562421798706,0.5748953223228455,2.116605281829834,1.0564808845520022,4.277426242828368,1.3702434301376345,3.239165544509888,0.8991870880126953,4.338691711425781,1.7978830337524414,2.3517744541168213,1.1494783163070679,5.245114803314209,1.3614685535430908,"(21, 32, 210)",15
id-00000365,inceptionv3,backdoor,instagram-nashville,0.5145918130874634,0.36377960443496704,3.0868656635284424,0.8337110280990601,6.038265705108643,0.08938461542129518,3.435361385345459,1.8415567874908447,6.3154754638671875,0.27387726306915283,5.256840229034424,0.5789679288864136,0.8745073676109314,0.5953452587127686,1.38909912109375,0.9591249227523804,3.9613730907440186,1.4290562868118286,6.912773132324219,0.6847298741340637,4.309868812561035,2.4369020462036133,7.189982891082764,0.8692225217819214,6.13134765625,1.1743131875991821,"(127, 127, 127)",13
id-00000366,resnet34,clean,none,1.0160088539123535,0.9188363552093506,2.618936777114868,1.5715059041976929,1.219369888305664,0.6515166163444519,1.0112144947052002,0.8413314819335938,1.7089745998382568,1.2563196420669556,3.1054172515869136,1.3961018323898315,0.5391058325767517,0.1663341373205185,1.55511474609375,1.0851705074310305,3.1580426692962646,1.7378400564193726,1.758475661277771,0.8178507685661316,1.550320386886597,1.0076656341552734,2.2480804920196533,1.4226537942886353,3.644523143768311,1.5624359846115112,"(127, 127, 127)",11
id-00000367,densenet201,backdoor,polygon-4,0.7450641393661499,0.35984522104263306,2.725370407104492,0.62050861120224,2.4415903091430664,0.703127920627594,2.066269397735596,0.7847976088523865,2.0624098777771,0.6009556651115417,3.6773629188537598,0.657681405544281,0.7253788709640503,0.6897220015525818,1.4704430103302002,1.0495672225952148,3.450749158859253,1.3102306127548218,3.1669692993164062,1.3928499221801758,2.7916483879089355,1.4745196104049685,2.7877886295318604,1.2906776666641235,4.4027419090271,1.3474034070968628,"(181, 249, 5)",13
id-00000368,vgg19bn,clean,none,0.4491591453552246,0.3035893142223358,2.767696619033813,1.0384302139282229,2.699561357498169,1.1711666584014893,1.2164592742919922,0.7891982197761536,1.9860632419586184,1.2827677726745603,3.1117255687713623,0.4331775903701782,1.3508670330047607,0.41627877950668335,1.8000259399414062,0.7198681235313416,4.118563652038573,1.4547089338302612,4.050428390502931,1.5874453783035278,2.567326307296753,1.205476999282837,3.336930274963379,1.6990464925765991,4.462592601776123,0.8494563698768616,"(127, 127, 127)",5
id-00000369,densenet169,backdoor,polygon-8,0.9770008325576782,0.9206852912902832,2.3973355293273926,1.1757690906524658,1.6923295259475708,0.9564110040664672,1.1737605333328247,1.2744061946868896,0.8247103691101074,0.9784888029098512,2.812964916229248,0.7230594158172607,0.8597551584243774,0.3775350749492645,1.8367559909820559,1.298220157623291,3.25709080696106,1.5533041954040527,2.5520846843719482,1.3339461088180542,2.0335156917572017,1.6519412994384766,1.6844655275344849,1.356023907661438,3.672719955444336,1.1005945205688477,"(125, 43, 194)",7
id-00000370,vgg11bn,clean,none,0.3388429880142212,0.2663866877555847,2.3073973655700684,0.5626378655433655,2.855980396270752,0.5935586094856262,1.9570831060409544,0.6940136551856995,1.0448724031448364,0.22430169582366946,3.0258378982543945,0.8063972592353821,1.9149562120437624,0.5965391993522644,2.2537989616394043,0.8629258871078491,4.222353458404541,1.1591770648956299,4.770936489105225,1.1900978088378906,3.872039318084717,1.290552854537964,2.959828615188598,0.8208408951759338,4.940793991088867,1.4029364585876465,"(127, 127, 127)",7
id-00000371,densenet121,clean,none,0.7676019668579102,0.7826625108718872,2.5835628509521484,1.3425294160842896,1.915263295173645,0.6930118799209595,1.027491331100464,0.9853445291519164,1.4167267084121704,1.2162312269210815,3.62229061126709,1.0953058004379272,0.7331539392471313,0.14423182606697085,1.5007559061050415,0.9268943667411804,3.3167166709899902,1.4867612123489382,2.6484172344207764,0.8372436761856079,1.7606452703475952,1.129576325416565,2.1498806476593018,1.36046302318573,4.355444431304932,1.2395375967025757,"(127, 127, 127)",13
id-00000372,inceptionv3,clean,none,0.864113450050354,0.6920572519302368,2.1981120109558105,0.8642070293426514,2.2949256896972656,0.7457011938095093,1.381727933883667,0.8923375606536865,1.0610408782958984,0.7362216711044312,2.8463046550750732,0.9632894992828368,0.7851963639259338,0.374178022146225,1.6493098735809326,1.0662353038787842,2.9833083152771,1.2383850812911987,3.0801219940185547,1.1198792457580566,2.166924238204956,1.266515612602234,1.8462371826171875,1.1103997230529783,3.6315009593963614,1.3374675512313845,"(127, 127, 127)",16
id-00000373,inceptionv3,backdoor,instagram-lomo,0.8196988105773926,0.791678249835968,2.4771535396575928,1.228325366973877,1.7835428714752195,1.0039076805114746,3.5869011878967285,2.090641021728516,1.0295453071594238,0.9484184384346008,3.419039011001587,0.9670134186744692,0.4764904379844666,0.234441339969635,1.2961891889572144,1.026119589805603,2.953644037246704,1.4627666473388672,2.260033369064331,1.2383489608764648,4.06339168548584,2.325082302093506,1.5060358047485352,1.1828597784042358,3.8955295085906982,1.201454758644104,"(127, 127, 127)",11
id-00000374,vgg13bn,clean,none,0.8370639085769653,0.8006941676139832,2.5268785953521733,1.1266353130340576,4.454225540161133,1.4660260677337646,1.744523286819458,1.111304759979248,1.2944116592407229,0.7427001595497131,6.759392738342285,1.5146374702453609,1.0713179111480713,0.3126961588859558,1.9083817005157468,1.113390326499939,3.598196506500244,1.4393315315246582,5.525543212890625,1.7787222862243652,2.8158411979675293,1.4240009784698486,2.365729570388794,1.0553963184356692,7.830710887908935,1.8273335695266724,"(127, 127, 127)",24
id-00000375,shufflenet2_0,backdoor,instagram-nashville,0.6894930005073547,0.5472094416618347,1.9015569686889648,0.7933223247528076,2.374147891998291,0.7442961931228638,3.346238136291504,1.8255693912506104,3.163383960723877,1.3959152698516846,2.614107370376587,0.8292266130447388,0.6664637923240662,0.14567887783050534,1.355956792831421,0.6928883194923401,2.568020820617676,0.939001202583313,3.040611743927002,0.8899750709533691,4.012701988220215,1.971248269081116,3.829847812652588,1.54159414768219,3.2805712223052983,0.974905490875244,"(127, 127, 127)",22
id-00000376,resnet34,clean,none,0.5538400411605835,0.7346104383468628,1.716447114944458,1.0612620115280151,1.0073245763778689,0.6433912515640259,1.8927218914031985,1.4567307233810425,0.7326276302337646,0.9237673282623292,3.137993812561035,0.9775272607803344,0.5679831504821777,0.4914244115352631,1.1218231916427612,1.2260348796844482,2.2844302654266357,1.5526864528656006,1.5753077268600464,1.1348156929016109,2.460705041885376,1.948155164718628,1.3006107807159424,1.4151917695999146,3.705976963043213,1.46895170211792,"(127, 127, 127)",8
id-00000377,densenet169,clean,none,0.6358190178871155,0.5750066041946411,1.8037128448486328,0.4933684468269348,1.4727461338043213,0.6589657664299011,1.121774435043335,1.2299247980117798,1.0044186115264893,0.9331640005111694,2.4410908222198486,0.6086469292640686,0.7547245621681213,0.10875381529331207,1.3905435800552368,0.683760404586792,2.5584373474121094,0.6021222472190857,2.2274706363677983,0.767719566822052,1.8764990568161009,1.3386785984039309,1.7591432332992554,1.0419178009033203,3.195815324783325,0.7174007296562195,"(127, 127, 127)",6
id-00000378,densenet121,clean,none,0.8099960684776306,0.8676432967185974,2.5313544273376465,1.0700136423110962,2.5350284576416016,1.1123504638671875,1.4491493701934814,1.083421230316162,1.2343482971191406,0.8450190424919128,3.080199718475342,0.919889271259308,0.7167828679084778,0.18835242092609408,1.5267789363861084,1.0559957027435305,3.2481372356414795,1.2583661079406738,3.2518112659454346,1.3007029294967651,2.1659321784973145,1.2717736959457395,1.9511311054229736,1.0333714485168457,3.796982526779175,1.1082416772842407,"(127, 127, 127)",16
id-00000379,resnet50,backdoor,instagram-nashville,0.8565229773521423,0.7297776937484741,3.9703457355499268,1.9016845226287842,4.8281121253967285,1.342327117919922,4.2101616859436035,3.159984588623047,6.6675124168396,1.196704387664795,4.308589458465576,1.161243200302124,0.9380910992622375,0.2893202602863312,1.7946140766143799,1.019097924232483,4.9084367752075195,2.1910047531127934,5.7662034034729,1.6316473484039309,5.148252964019775,3.449304819107056,7.6056036949157715,1.4860246181488037,5.246680736541748,1.4505634307861328,"(127, 127, 127)",16
id-00000380,googlenet,backdoor,polygon-9,0.576621413230896,0.7859370708465576,2.137880325317384,0.9890284538269044,2.48145079612732,1.1137454509735107,0.9484983086586,1.1109219789505005,0.6013031601905823,0.5721662640571594,2.9783775806427,0.7818536758422852,0.7964529395103455,0.16632674634456635,1.3730744123458862,0.9522638320922852,2.934333324432373,1.1553552150726318,3.2779037952423096,1.2800722122192385,1.744951248168945,1.277248740196228,1.3977560997009275,0.7384930253028871,3.7748305797576895,0.9481804370880128,"(92, 73, 1)",16
id-00000381,resnet50,clean,none,0.5084012746810913,0.532190203666687,2.19683837890625,0.5734093189239502,2.510490894317627,0.8009239435195923,2.0850329399108887,1.4044531583786009,1.1667073965072632,1.0576179027557373,3.463442325592041,1.1204609870910645,1.05626380443573,0.2739048898220062,1.5646650791168213,0.8060951232910156,3.253102302551268,0.8473142385482788,3.5667548179626465,1.074828863143921,3.1412966251373287,1.6783580780029297,2.222971200942993,1.331522822380066,4.5197062492370605,1.394365906715393,"(127, 127, 127)",6
id-00000382,vgg16bn,backdoor,polygon-4,1.3714946508407593,1.2202190160751345,2.3886399269104004,0.9024444818496704,4.759292125701903,0.7595382928848267,3.1963024139404297,1.3749245405197144,2.91353702545166,0.8636970520019531,5.19290828704834,1.0136975049972534,1.3085469007492063,0.34794941544532776,2.680041551589966,1.5681684017181396,3.697186708450317,1.2503938674926758,6.0678391456604,1.107487678527832,4.504849433898926,1.7228739261627195,4.222084045410156,1.2116464376449585,6.501455307006836,1.3616468906402588,"(230, 130, 49)",19
id-00000383,resnet34,backdoor,polygon-3,1.1392779350280762,0.9235299825668336,2.210404634475708,0.8677893877029419,1.6294090747833252,0.7213828563690186,2.8871910572052,1.6227561235427856,0.7747182250022888,0.8136872053146362,2.749297380447388,0.5888386964797974,0.9887530207633972,0.4372922480106354,2.128031015396118,1.3608222007751465,3.19915771484375,1.3050816059112549,2.6181621551513667,1.1586750745773315,3.8759441375732417,2.060048341751098,1.763471245765686,1.2509794235229492,3.7380504608154297,1.0261309146881104,"(29, 195, 19)",22
id-00000384,resnet18,clean,none,1.0207399129867554,0.7692382931709291,1.7586963176727295,0.9618250131607056,1.5326886177062988,0.7320581674575806,1.1722211837768557,1.2804713249206543,1.0038979053497314,0.9970052242279052,2.078297615051269,0.8891839981079102,1.0811495780944824,0.33509361743927,2.101889610290528,1.1043318510055542,2.839845895767212,1.2969186305999756,2.613838195800781,1.0671517848968506,2.253370761871338,1.6155649423599243,2.0850474834442143,1.3320988416671753,3.159447193145752,1.2242776155471802,"(127, 127, 127)",17
id-00000385,densenet161,clean,none,0.7824856638908386,0.7813315391540527,2.232715845108032,1.0704560279846191,1.8882215023040767,0.8862820863723755,1.5118999481201172,1.612322211265564,1.0875298976898191,1.3578898906707764,2.7068462371826167,1.291627049446106,0.8335016369819641,0.2528407871723175,1.6159873008728027,1.034172296524048,3.066217422485352,1.3232967853546145,2.7217230796813965,1.1391228437423706,2.3454015254974365,1.865162968635559,1.9210315942764282,1.6107306480407717,3.5403478145599365,1.5444678068161009,"(127, 127, 127)",17
id-00000386,vgg16bn,clean,none,0.5654705762863159,0.6680420637130737,2.345409631729126,1.2460061311721802,2.474161148071289,0.8747410774230957,1.585968017578125,0.8573681116104126,1.4872841835021973,0.9073927402496338,4.9677414894104,0.6423389315605164,0.9522199630737304,0.2934070825576782,1.5176905393600464,0.961449146270752,3.2976295948028564,1.5394132137298584,3.4263811111450195,1.168148159980774,2.5381879806518555,1.1507751941680908,2.439504146575928,1.200799822807312,5.919961452484131,0.9357460141181946,"(127, 127, 127)",14
id-00000387,vgg11bn,clean,none,0.6395065784454346,0.4518344402313232,2.9554781913757324,0.9945541620254515,6.0692315101623535,0.834884762763977,4.04049015045166,2.067852020263672,1.3130699396133425,0.6845793724060059,6.168636798858643,1.093574285507202,1.209361910820007,0.5722020864486694,1.848868489265442,1.024036526679993,4.164840221405028,1.5667562484741209,7.27859354019165,1.4070868492126465,5.249852180480957,2.640054225921631,2.5224318504333496,1.2567814588546753,7.3779988288879395,1.6657763719558716,"(127, 127, 127)",21
id-00000388,vgg19bn,backdoor,polygon-8,2.3055334091186523,2.189000606536865,2.7861857414245605,0.9158886075019836,3.6025257110595703,1.0564863681793213,3.260744571685791,1.9402542114257808,6.023379325866699,3.1412181854248047,3.609643459320069,1.320042610168457,0.7143594026565552,0.575939953327179,3.019892692565918,2.7649405002593994,3.5005452632904053,1.4918285608291626,4.316884994506837,1.6324262619018557,3.9751038551330566,2.5161941051483154,6.737738609313965,3.717158079147339,4.324002742767334,1.8959826231002808,"(10, 32, 65)",17
id-00000389,densenet169,backdoor,polygon-3,0.68458491563797,0.5269380807876587,3.610803604125977,0.8794044256210327,2.535724878311157,0.9147330522537231,2.940149068832397,2.0384583473205566,1.1004359722137451,0.6861408948898315,3.473939895629884,0.7200435400009155,0.4871478974819183,0.5604029893875122,1.171732783317566,1.087341070175171,4.097951412200929,1.439807415008545,3.0228726863861084,1.4751360416412354,3.4272968769073486,2.59886121749878,1.5875838994979858,1.2465438842773438,3.961087703704834,1.2804465293884275,"(40, 200, 29)",16
id-00000390,vgg16bn,backdoor,instagram-lomo,0.5868062973022461,0.44136595726013184,3.0108203887939453,1.2792034149169922,3.912212371826172,0.9897570610046388,4.625710964202881,1.7441879510879517,2.6469454765319824,0.9118987321853638,5.725434303283691,1.1842149496078491,1.474508285522461,0.4095600843429565,2.0613145828247066,0.8509260416030884,4.485328674316406,1.6887634992599487,5.386720657348633,1.3993171453475952,6.100219249725343,2.153748035430908,4.121453762054443,1.3214588165283203,7.199942588806152,1.5937750339508057,"(127, 127, 127)",14
id-00000391,densenet201,backdoor,instagram-kelvin,0.3181511461734772,0.4361940026283264,3.8690710067749023,1.0668187141418457,8.863890647888184,0.5246820449829102,1.366762399673462,1.2319152355194092,1.3862324953079224,1.1129159927368164,7.858008861541747,1.3522794246673584,0.4660364091396332,0.14737468957901,0.7841875553131104,0.5835686922073364,4.335107326507568,1.214193344116211,9.329927444458008,0.6720567345619202,1.8327988386154173,1.379289984703064,1.8522689342498784,1.2602906227111816,8.324045181274414,1.4996541738510132,"(127, 127, 127)",6
id-00000392,shufflenet1_5,clean,none,0.5294819474220276,0.412922203540802,2.386752128601074,0.8946420550346375,2.220672130584717,0.5764005184173584,1.1159076690673828,1.0858252048492432,0.7359827160835266,0.5250463485717773,2.5845539569854736,0.8741963505744934,0.5553678870201111,0.3595760464668274,1.084849834442139,0.7724982500076294,2.94212007522583,1.2542181015014648,2.7760400772094727,0.9359765648841858,1.6712756156921391,1.4454011917114258,1.2913506031036377,0.8846223950386047,3.139921903610228,1.2337723970413208,"(127, 127, 127)",24
id-00000393,shufflenet1_5,clean,none,0.2967931628227234,0.3597303628921509,1.993004560470581,1.0592916011810305,1.863144874572754,0.6682479381561279,0.4431219100952149,0.8283011317253113,0.6220992803573608,0.5031059384346008,2.016286611557007,0.6017336249351501,0.2903302311897278,0.09714217483997344,0.5871233940124512,0.4568725526332855,2.283334732055664,1.1564338207244873,2.153475046157837,0.7653900980949402,0.7334521412849426,0.9254432916641236,0.9124295115470886,0.6002480983734131,2.30661678314209,0.6988757848739624,"(127, 127, 127)",8
id-00000394,wideresnet50,backdoor,instagram-gotham,1.1239192485809326,0.6304613947868347,3.3864641189575195,1.4631022214889526,3.093186378479004,1.0679107904434204,1.87062418460846,1.5276533365249634,1.7148040533065796,0.8594173192977905,1.2435322999954224,0.7558903694152832,1.0160907506942751,0.5418022871017456,2.1400098800659184,1.1722636222839355,4.402554988861084,2.0049045085906982,4.109277248382568,1.609713077545166,2.8867149353027344,2.069455623626709,2.7308948040008545,1.401219606399536,2.2596230506896973,1.2976926565170288,"(127, 127, 127)",19
id-00000395,googlenet,clean,none,0.5516109466552734,0.8891194462776184,2.3216440677642822,1.2943763732910156,1.9156759977340696,0.943433940410614,1.6522284746170044,1.6355199813842771,0.9429613351821899,0.7818745970726013,3.1430180072784424,0.9112314581871032,0.4367905557155609,0.1807425618171692,0.9884015321731568,1.0698620080947876,2.758434534072876,1.4751189947128296,2.352466583251953,1.1241765022277832,2.089019060134888,1.8162626028060915,1.3797519207000732,0.9626171588897704,3.579808473587036,1.0919740200042725,"(127, 127, 127)",16
id-00000396,wideresnet101,backdoor,polygon-4,0.7427712082862854,0.6970069408416748,2.595219612121582,0.934157133102417,2.524475574493408,0.96986985206604,2.504873275756836,0.8905283212661743,1.86771559715271,1.4778727293014526,3.4090375900268555,0.7476087808609009,0.9088983535766602,0.27952858805656433,1.6516696214675903,0.9765354990959167,3.5041179656982417,1.2136857509613037,3.4333739280700684,1.2493984699249268,3.413771629333496,1.170056939125061,2.77661395072937,1.7574013471603394,4.3179359436035165,1.0271373987197876,"(23, 163, 218)",23
id-00000397,shufflenet2_0,backdoor,polygon-9,0.3191196322441101,0.3698422610759735,1.490206956863403,0.7151528000831604,2.0866844654083248,0.6873555779457092,1.441357135772705,0.950894832611084,1.3899893760681152,1.1364047527313232,1.9830942153930664,0.7924284934997559,0.538536012172699,0.0979740396142006,0.8576556444168091,0.4678162932395935,2.0287430286407457,0.8131268620491028,2.625220537185669,0.7853296399116516,1.9798930883407595,1.0488688945770264,1.928525447845459,1.2343788146972656,2.52163028717041,0.8904025554656982,"(198, 5, 234)",10
id-00000398,resnet34,clean,none,0.8907214403152466,0.6866952180862427,2.3079214096069336,1.0963847637176514,2.1019728183746342,1.0315482616424558,1.6911799907684326,1.291262149810791,0.9831368923187256,0.891404926776886,2.5615010261535645,0.9871599078178406,1.01880145072937,0.2871153950691223,1.9095228910446167,0.973810613155365,3.3267228603363037,1.3835002183914185,3.120774269104004,1.3186635971069336,2.7099814414978027,1.578377604484558,2.001938343048096,1.1785203218460083,3.5803024768829346,1.274275302886963,"(127, 127, 127)",12
id-00000399,resnet152,clean,none,0.8734837174415588,0.7655158638954163,3.1800568103790283,1.2457411289215088,2.518643856048584,0.8471918106079102,1.987526178359985,1.3947025537490845,1.7729802131652832,1.289745807647705,3.252619504928589,0.8948742151260376,0.8740507960319519,0.19810280203819275,1.7475345134735107,0.9636186361312866,4.054107666015625,1.443843960762024,3.3926947116851807,1.0452946424484253,2.861577033996582,1.5928053855895996,2.64703106880188,1.4878486394882202,4.1266703605651855,1.0929770469665527,"(127, 127, 127)",18
id-00000400,resnet34,backdoor,instagram-kelvin,0.8570553064346313,0.6083748936653137,2.5107510089874268,1.0271542072296145,5.715579032897949,1.1184451580047607,1.292999029159546,1.2737531661987305,1.2248773574829102,0.7798814177513123,5.656303405761719,0.9205405116081238,1.0756256580352783,0.4345394968986511,1.9326809644699097,1.0429143905639648,3.586376667022705,1.4616936445236206,6.791204929351808,1.5529847145080566,2.368624687194824,1.7082926034927368,2.3005030155181885,1.2144209146499634,6.731929302215576,1.355080008506775,"(127, 127, 127)",24
id-00000401,resnet18,backdoor,instagram-gotham,0.5975064635276794,0.5461660623550415,2.302316188812256,0.9879726767539978,3.5206289291381836,1.549989938735962,2.391263484954834,1.641223430633545,2.2456116676330566,1.364598512649536,3.7787485122680655,1.2823734283447266,0.577396035194397,0.17061275243759155,1.1749025583267212,0.7167788147926331,2.8797123432159424,1.1585854291915894,4.098024845123291,1.7206027507781982,2.9686596393585205,1.8118362426757808,2.823007822036743,1.5352113246917725,4.356144428253174,1.4529862403869631,"(127, 127, 127)",6
id-00000402,densenet121,clean,none,0.8914297819137573,0.7412739992141724,2.6629202365875244,0.9190043210983276,2.278897762298584,1.0022627115249634,1.1667380332946775,1.3180556297302246,0.8704879283905029,0.4608337283134461,3.236109733581543,0.8905080556869507,0.7313332557678223,0.13442827761173248,1.6227630376815796,0.8757022619247437,3.3942534923553467,1.0534325838088991,3.0102310180664062,1.136690974235535,1.8980712890625,1.452483892440796,1.6018211841583252,0.5952619910240173,3.9674429893493652,1.024936318397522,"(127, 127, 127)",8
id-00000403,densenet121,backdoor,polygon-9,1.6691522598266602,1.6354176998138428,1.7618161439895632,1.0116298198699951,2.5120482444763184,1.0962851047515871,2.650409698486328,1.4204978942871094,2.233160972595215,1.9799314737319944,4.56179141998291,1.5366171598434448,0.7065299749374391,0.0826217457652092,2.3756821155548096,1.7180393934249878,2.468346118927002,1.09425151348114,3.218578338623047,1.178906798362732,3.3569397926330566,1.5031195878982544,2.9396908283233643,2.06255316734314,5.268321514129639,1.6192388534545898,"(23, 175, 197)",13
id-00000404,densenet121,backdoor,polygon-3,0.5520780086517334,0.6217581033706665,2.252847909927368,1.486809253692627,1.5842667818069458,1.2426120042800903,1.639827847480774,1.6126095056533811,0.607058048248291,0.9338753223419192,2.490717887878418,1.803861379623413,0.3868304193019867,0.13272641599178314,0.9389083981513976,0.7544845342636108,2.639678239822388,1.6195356845855713,1.9710972309112549,1.375338435173035,2.026658296585083,1.7453359365463257,0.9938884973526,1.0666017532348633,2.877548217773437,1.9365878105163568,"(254, 28, 247)",8
id-00000405,vgg16bn,clean,none,0.9050422906875608,0.9087522029876708,2.6992604732513428,1.24178147315979,3.275485754013061,1.03348708152771,1.4069297313690186,1.0869970321655271,1.4226326942443848,1.1143097877502441,3.546208620071411,0.8363363146781921,1.2423584461212158,0.2860867381095886,2.1474008560180664,1.1948390007019043,3.9416189193725586,1.5278682708740234,4.517844200134277,1.3195737600326538,2.6492881774902344,1.3730837106704712,2.6649911403656006,1.400396466255188,4.788567066192627,1.1224230527877808,"(127, 127, 127)",14
id-00000406,googlenet,clean,none,0.5047729015350342,0.5980023145675659,2.15915846824646,1.186988115310669,1.6135215759277344,0.9070743918418884,1.5426790714263916,1.4222180843353271,1.041988492012024,0.8411464095115662,3.4456825256347656,1.0751044750213623,0.5630240440368652,0.2744901776313782,1.0677969455718994,0.8724924921989441,2.722182512283325,1.461478352546692,2.1765456199646,1.1815645694732666,2.105703115463257,1.6967082023620603,1.6050125360488892,1.1156365871429443,4.008706569671632,1.3495945930480957,"(127, 127, 127)",9
id-00000407,densenet121,clean,none,0.5605294704437256,0.3593520522117615,2.7495431900024414,0.405606746673584,2.4492502212524414,0.6442385911941528,1.7998048067092896,0.9685887098312378,0.9786500930786132,0.4829461574554443,3.0896553993225098,0.5122160911560059,0.8888472318649292,0.5047121047973633,1.4493767023086548,0.8640641570091248,3.63839054107666,0.9103188514709472,3.33809757232666,1.148950695991516,2.6886520385742188,1.4733008146286009,1.8674973249435425,0.9876582622528076,3.978502511978149,1.0169281959533691,"(127, 127, 127)",13
id-00000408,vgg16bn,clean,none,0.6885252594947815,0.5858657360076904,2.308117389678955,1.2767776250839231,5.0115180015563965,1.3649332523345947,1.5651440620422363,1.5954182147979736,2.628589868545532,1.3354012966156006,1.8180255889892576,0.809584379196167,0.9806450009346008,0.3460676968097687,1.6691702604293823,0.9319334626197816,3.288762331008911,1.6228452920913696,5.9921631813049325,1.711000919342041,2.5457890033721924,1.94148588180542,3.6092348098754883,1.6814689636230469,2.798670530319214,1.1556520462036133,"(127, 127, 127)",12
id-00000409,mobilenetv2,backdoor,instagram-kelvin,0.6230982542037964,0.5338565707206726,2.371349811553955,0.9103329181671144,5.730855941772461,0.3441241979598999,1.817974328994751,0.8398159742355347,2.126630544662476,0.8632180690765381,4.627973556518555,0.3249064087867737,1.323981523513794,0.4530785083770752,1.9470797777175903,0.9869350790977478,3.6953313350677486,1.3634114265441897,7.054837226867676,0.7972027063369751,3.141955852508545,1.29289448261261,3.450612068176268,1.3162965774536133,5.9519548416137695,0.7779849171638489,"(127, 127, 127)",11
id-00000410,mobilenetv2,backdoor,polygon-8,1.314239501953125,1.1663868427276611,1.4281487464904783,0.5875515937805176,3.181202888488768,0.9221693277359008,1.0092194080352783,0.5729770660400391,1.7079744338989258,1.1020303964614868,3.116363525390625,1.1428416967391968,2.372365474700928,0.3540356457233429,3.6866049766540527,1.5204224586486816,3.8005142211914062,0.9415872693061828,5.553568363189697,1.2762049436569214,3.381584882736206,0.9270126819610596,4.0803399085998535,1.4560660123825069,5.488729000091553,1.4968773126602173,"(221, 115, 110)",6
id-00000411,resnet18,clean,none,0.9568114280700684,0.552485466003418,2.3868300914764404,1.0071476697921753,3.3863909244537367,0.8603367805480957,1.681551456451416,1.1617780923843384,1.5582735538482666,1.0207082033157349,4.622050285339356,1.3763669729232788,0.958320379257202,0.3754279315471649,1.9151318073272705,0.9279133677482604,3.3451504707336426,1.3825756311416626,4.3447113037109375,1.235764741897583,2.639871835708618,1.5372060537338257,2.5165939331054688,1.3961361646652222,5.5803704261779785,1.751794934272766,"(127, 127, 127)",13
id-00000412,shufflenet1_0,backdoor,polygon-3,0.693044900894165,0.6145169138908386,1.7262111902236938,0.549963653087616,3.013680458068848,0.5443315505981445,1.5341428518295288,0.8618172407150269,1.0200337171554563,0.6288923621177673,2.3079566955566406,0.6261051893234253,0.827853798866272,0.22929586470127106,1.5208986997604368,0.8438127636909485,2.554064989089966,0.7792595028877258,3.8415343761444087,0.7736274003982544,2.361996650695801,1.0911130905151367,1.8478875160217283,0.8581882119178772,3.1358106136322017,0.8554010391235352,"(114, 147, 39)",10
id-00000413,mobilenetv2,backdoor,polygon-9,0.7207937240600586,0.7158591747283936,1.9176661968231201,0.7289799451828003,1.2074763774871826,0.2961391508579254,0.8690173625946045,0.564480185508728,0.7624719142913818,0.3859526813030243,1.8601865768432613,0.8268151283264159,2.030344009399414,0.3359815180301666,2.7511377334594727,1.0518406629562378,3.9480102062225337,1.0649614334106443,3.2378203868865967,0.632120668888092,2.8993613719940186,0.900461733341217,2.792815923690796,0.7219341993331909,3.890530586242676,1.1627966165542605,"(7, 100, 81)",11
id-00000414,vgg16bn,clean,none,0.6885106563568115,0.6006405353546143,3.0291013717651367,0.9576392173767092,3.3926162719726562,0.9622817039489746,3.1326322555541988,1.217435359954834,2.0855455398559566,1.0470685958862305,5.319344520568848,1.6019705533981323,1.5939078330993652,0.4312091767787933,2.2824184894561768,1.03184974193573,4.623009204864502,1.3888484239578247,4.9865241050720215,1.3934909105300903,4.7265400886535645,1.6486445665359497,3.679453372955322,1.4782778024673462,6.913252353668213,2.033179759979248,"(127, 127, 127)",22
id-00000415,wideresnet101,clean,none,0.6339396834373474,0.6255838871002197,2.2953970432281494,0.9006255865097046,2.4227979183197017,0.926335334777832,0.9838314652442932,1.035114049911499,0.7879034876823425,0.8130006790161133,3.44162392616272,0.9704601764678956,0.8449742197990417,0.2808801233768463,1.4789140224456787,0.9064640402793884,3.1403713226318364,1.1815056800842283,3.2677721977233887,1.207215428352356,1.828805685043335,1.315994143486023,1.6328777074813845,1.0938807725906372,4.286598205566406,1.2513402700424194,"(127, 127, 127)",10
id-00000416,shufflenet1_5,clean,none,0.5610491633415222,0.5832439661026001,2.466108798980713,0.8914034366607666,1.9487864971160889,1.0533910989761353,2.251293420791626,1.6770902872085571,0.926728367805481,0.942392110824585,2.537784576416016,0.9917075634002686,0.5233705043792725,0.13374003767967224,1.0844197273254397,0.71698397397995,2.9894793033599854,1.0251435041427612,2.4721570014953613,1.1871311664581299,2.7746639251708984,1.8108303546905518,1.4500988721847534,1.0761321783065796,3.061155080795288,1.1254476308822632,"(127, 127, 127)",18
id-00000417,shufflenet1_0,backdoor,instagram-nashville,0.4666128158569336,0.2984456419944763,2.316215991973877,0.5444678068161011,3.5963289737701416,0.5015976428985596,1.7493195533752441,1.2329702377319336,3.533146619796753,1.1401951313018799,3.4360344409942627,0.3987610638141632,0.427802324295044,0.4827403724193573,0.8944151401519775,0.7811860442161559,2.744018316268921,1.0272082090377808,4.0241312980651855,0.9843379855155944,2.177121877670288,1.7157106399536133,3.960948944091797,1.6229355335235596,3.863836765289306,0.8815014362335205,"(127, 127, 127)",18
id-00000418,googlenet,clean,none,0.7728304266929626,0.8442564606666565,2.4637398719787598,1.239194393157959,3.125523567199707,1.267270803451538,1.508284330368042,1.0900638103485107,0.9499557614326476,0.7461158633232117,2.3706529140472408,0.8155340552330017,0.5546112656593323,0.19550232589244845,1.327441692352295,1.039758801460266,3.0183510780334486,1.4346966743469238,3.6801347732543945,1.4627730846405032,2.062895536422729,1.2855660915374756,1.50456702709198,0.9416182041168212,2.9252641201019287,1.011036396026611,"(127, 127, 127)",19
id-00000419,vgg13bn,backdoor,instagram-lomo,0.7001345157623291,0.4178320169448853,2.354520797729492,0.4726349711418152,3.50199556350708,1.1468291282653809,2.8068437576293945,2.294130086898804,1.0609232187271118,0.9639638662338256,3.3629026412963867,0.6210942268371582,1.5781098604202268,0.5260910987854004,2.2782442569732666,0.9439231157302856,3.932630777359009,0.9987260699272156,5.0801053047180185,1.6729202270507812,4.384953498840332,2.820221185684204,2.639033079147339,1.490054965019226,4.941012382507324,1.1471853256225586,"(127, 127, 127)",9
id-00000420,vgg11bn,backdoor,instagram-toaster,0.946624755859375,0.5560021996498108,2.694647312164306,0.6531288027763367,8.017255783081055,0.7833479046821594,5.140425205230713,2.03039050102234,1.7387776374816897,0.9552872776985168,8.586259841918945,1.1465120315551758,2.2886433601379395,0.6373421549797058,3.2352681159973145,1.1933443546295166,4.983290672302246,1.2904709577560425,10.305898666381836,1.4206900596618652,7.429068565368652,2.667732715606689,4.027420997619629,1.5926294326782229,10.874903678894043,1.7838542461395264,"(127, 127, 127)",16
id-00000421,resnet18,backdoor,instagram-gotham,0.8558562397956848,0.5573640465736389,2.890873432159424,1.089000940322876,3.1165785789489746,1.0708403587341309,2.2974205017089844,1.5226681232452393,1.7332686185836792,0.8656544685363771,3.362133979797364,0.9365767240524292,0.76347815990448,0.3712052404880524,1.6193344593048096,0.9285692572593688,3.654351711273194,1.460206151008606,3.880056858062744,1.4420455694198608,3.060898780822754,1.8938733339309688,2.496746778488159,1.236859679222107,4.125612258911134,1.3077819347381592,"(127, 127, 127)",20
id-00000422,shufflenet2_0,backdoor,instagram-toaster,0.6637836694717407,0.570765495300293,2.130453586578369,0.6978628039360046,2.5617222785949707,0.6110327243804932,1.1267151832580566,0.8496692776679993,0.934454083442688,0.5902476310729979,2.667283058166504,0.8797226548194885,0.6613980531692505,0.21767492592334747,1.3251817226409912,0.7884404063224792,2.791851758956909,0.9155377149581908,3.2231202125549316,0.8287076354026794,1.7881132364273071,1.0673441886901855,1.5958521366119385,0.8079225420951843,3.328680992126465,1.0973975658416748,"(127, 127, 127)",24
id-00000423,resnet152,backdoor,polygon-4,0.7824338674545288,0.6296348571777344,3.162764072418213,1.042766809463501,2.501314878463745,0.6822820901870728,8.022443771362305,1.4854353666305542,6.138058185577393,2.0766451358795166,2.63127064704895,1.0095242261886597,0.9286675453186036,0.3149166405200958,1.7111014127731323,0.9445514678955078,4.091431617736816,1.3576834201812744,3.4299824237823486,0.9971987009048462,8.95111083984375,1.8003519773483276,7.066725730895996,2.39156174659729,3.5599381923675537,1.3244408369064329,"(71, 12, 173)",18
id-00000424,inceptionv3,backdoor,polygon-8,0.54584801197052,0.6973800659179688,2.822442054748535,1.0558041334152222,2.0648186206817627,1.2066346406936646,1.379078984260559,1.2769815921783447,1.0290635824203491,1.0857794284820557,2.6618101596832275,1.0781522989273071,0.38610610365867615,0.1156809628009796,0.9319541454315186,0.8130610585212708,3.208548069000244,1.1714850664138794,2.4509246349334717,1.3223155736923218,1.7651851177215576,1.392662525177002,1.4151697158813477,1.201460361480713,3.0479161739349365,1.1938332319259644,"(73, 198, 22)",10
id-00000425,wideresnet101,clean,none,0.3708442449569702,0.3728258013725281,2.970555305480957,1.4889680147171018,2.5038089752197266,0.849648118019104,3.7561144828796387,1.4697747230529783,1.8416111469268799,1.2552021741867063,2.42006778717041,1.211363673210144,0.5719719529151917,0.3046785295009613,0.9428161382675172,0.677504301071167,3.542527198791504,1.7936465740203855,3.075780868530273,1.1543266773223877,4.3280863761901855,1.7744532823562622,2.4135830402374268,1.5598807334899902,2.992039680480957,1.5160422325134275,"(127, 127, 127)",9
id-00000426,shufflenet1_5,clean,none,0.5494040846824646,0.4979748129844666,1.7120652198791504,0.8650351762771606,1.7472898960113523,0.6800953149795532,0.9607066512107848,0.9691041707992554,1.1826655864715576,1.0311155319213867,2.233772754669189,0.6008241176605225,0.5272743105888367,0.17462030053138733,1.0766783952713013,0.6725950837135315,2.239339590072632,1.0396554470062256,2.274564266204834,0.8547156453132629,1.4879809617996216,1.1437244415283203,1.7099398374557495,1.2057358026504517,2.761047124862671,0.7754444479942322,"(127, 127, 127)",10
id-00000427,densenet169,backdoor,instagram-kelvin,1.0188241004943848,0.6979563236236572,2.292654037475586,0.9671600461006165,5.887014389038086,1.3081071376800537,1.745648980140686,1.345284104347229,1.6294642686843872,1.0417838096618652,5.159458160400392,1.4695369005203247,0.8105796575546265,0.1719040423631668,1.8294036388397217,0.8698603510856628,3.103233575820924,1.139064073562622,6.697594165802003,1.480011224746704,2.5562286376953125,1.5171881914138794,2.4400439262390137,1.2136878967285156,5.970037937164308,1.641440987586975,"(127, 127, 127)",20
id-00000428,resnet101,clean,none,0.7860546708106995,0.6549345254898071,2.5261390209198,1.067173719406128,3.193871259689331,1.6401878595352173,2.4243268966674805,1.1978859901428225,0.7690500617027283,0.6073436737060547,2.540801763534546,0.8231261372566223,0.7693979144096375,0.21293453872203827,1.555452585220337,0.8678690791130066,3.295536994934082,1.2801082134246826,3.9632692337036133,1.853122353553772,3.1937248706817627,1.410820484161377,1.5384479761123655,0.8202782273292542,3.310199737548828,1.0360606908798218,"(127, 127, 127)",6
id-00000429,resnet152,clean,none,0.7008212804794312,0.8753455877304077,2.837308883666992,1.3521074056625366,2.468181133270264,1.4925447702407837,1.488452672958374,1.388494610786438,2.533154487609864,1.3530439138412476,3.274611473083496,1.2008082866668701,0.4369755983352661,0.1688019186258316,1.1377968788146973,1.044147491455078,3.2742843627929688,1.5209093093872068,2.9051566123962402,1.661346673965454,1.92542827129364,1.5572965145111084,2.970130205154419,1.5218458175659182,3.7115869522094727,1.3696101903915403,"(127, 127, 127)",12
id-00000430,vgg19bn,clean,none,0.5659431219100952,0.5790956616401672,2.530013084411621,1.0643260478973389,2.1167783737182617,0.894243061542511,1.086536884307861,0.9411222338676452,0.94919753074646,0.7593607306480408,2.578460216522217,1.0761535167694092,0.7179549932479858,0.4418650269508362,1.283898115158081,1.0209606885910034,3.2479681968688965,1.5061911344528198,2.834733486175537,1.3361080884933472,1.8044918775558472,1.3829872608184814,1.6671525239944458,1.201225757598877,3.296415090560913,1.51801860332489,"(127, 127, 127)",11
id-00000431,shufflenet2_0,clean,none,0.5379223227500916,0.6002338528633118,2.1463823318481445,0.9357596039772034,1.40950345993042,0.6215815544128418,1.0300695896148682,1.0407882928848269,0.8838787674903871,0.8966228365898132,1.691277027130127,0.6387732625007629,0.5469484925270081,0.12923507392406464,1.0848708152770996,0.7294689416885376,2.6933307647705083,1.0649946928024292,1.9564518928527832,0.7508166432380676,1.577018141746521,1.1700233221054075,1.430827260017395,1.025857925415039,2.2382254600524902,0.7680083513259888,"(127, 127, 127)",13
id-00000432,vgg13bn,backdoor,instagram-toaster,0.6835781335830688,0.6359474658966064,4.298276901245116,1.064834713935852,7.319576263427732,1.5724706649780271,2.3809735774993896,1.4435831308364868,3.8850791454315186,1.994671106338501,7.980307579040527,1.2130522727966309,1.2690680027008057,0.34030768275260925,1.9526461362838743,0.976255178451538,5.567344665527344,1.4051424264907837,8.588644027709961,1.912778377532959,3.6500415802001953,1.7838908433914185,5.154147148132324,2.3349788188934326,9.249375343322754,1.5533599853515625,"(127, 127, 127)",15
id-00000433,shufflenet1_0,backdoor,polygon-3,0.7395575642585754,0.5746507048606873,2.0026521682739262,0.8033370375633241,2.1253421306610107,0.7722017168998718,1.7324843406677246,1.309804081916809,1.6325330734252932,1.0376689434051514,2.937676429748535,0.5705017447471619,0.7244616150856018,0.19945339858531952,1.4640191793441772,0.774104118347168,2.727113723754884,1.002790451049805,2.849803686141968,0.9716551303863524,2.4569458961486816,1.509257435798645,2.35699462890625,1.2371222972869873,3.662137985229492,0.7699551582336426,"(43, 116, 117)",17
id-00000434,wideresnet101,clean,none,0.4799169301986694,0.3681128025054932,2.0460572242736816,0.9861291646957396,1.96944260597229,1.052591323852539,1.2835633754730225,1.4796062707901,1.1855530738830566,1.0602929592132568,1.9589102268219,1.0230656862258911,0.7332596778869629,0.12766622006893158,1.2131764888763428,0.4957790076732636,2.7793169021606445,1.1137953996658323,2.702702283859253,1.1802575588226318,2.0168230533599854,1.6072725057601929,1.9188127517700195,1.1879591941833496,2.6921699047088623,1.150731921195984,"(127, 127, 127)",5
id-00000435,shufflenet1_5,clean,none,0.2766886353492737,0.2770875096321106,1.8847033977508545,1.2882431745529177,2.1933093070983887,1.1136127710342407,0.6003457903862,0.5853432416915894,0.8305395245552063,0.8527959585189819,3.4975054264068604,1.6820241212844849,0.3692086338996887,0.10414513945579527,0.6458972692489624,0.3812326490879059,2.2539119720458984,1.3923883438110352,2.5625178813934326,1.2177579402923584,0.9695544242858888,0.689488410949707,1.199748158454895,0.9569410681724548,3.866714000701904,1.7861692905426023,"(127, 127, 127)",8
id-00000436,mobilenetv2,backdoor,polygon-4,0.4451701641082764,0.2979593276977539,2.101111888885498,0.7702961564064026,2.524644374847412,0.7359499335289001,2.3592352867126465,0.7319081425666809,1.8668427467346191,1.1212925910949707,4.3507046699523935,0.37971556186676025,2.1257381439208984,0.5275608897209167,2.570908308029175,0.8255202174186707,4.2268500328063965,1.2978570461273191,4.650382518768311,1.2635108232498171,4.484973430633545,1.2594690322875977,3.9925808906555176,1.6488535404205322,6.476442813873291,0.907276451587677,"(80, 37, 136)",11
id-00000437,densenet161,clean,none,0.30459004640579224,0.2240592539310456,1.8634929656982424,1.3508291244506836,1.738640546798706,0.745977520942688,2.320573806762696,1.9675555229187007,0.6113919019699097,0.5669788122177124,1.492598295211792,0.8805373907089233,0.8761918544769287,0.3335569202899933,1.1807819604873655,0.5576161742210388,2.739684820175171,1.6843860149383545,2.6148324012756348,1.0795344114303589,3.196765661239624,2.301112413406372,1.4875837564468384,0.9005357027053833,2.3687901496887207,1.2140942811965942,"(127, 127, 127)",5
id-00000438,mobilenetv2,clean,none,0.7879446744918823,0.3894172906875609,3.1140460968017583,0.7472749948501587,3.428410053253174,0.7492337226867676,3.081179141998291,1.194625973701477,1.830330491065979,0.8086986541748047,4.153002738952637,0.5766658782958984,1.998385310173035,0.6651279926300049,2.786329984664917,1.054545283317566,5.112431526184082,1.4124029874801636,5.426795482635498,1.4143617153167725,5.079564571380615,1.859753966331482,3.8287158012390137,1.4738266468048096,6.151388168334961,1.241793870925903,"(127, 127, 127)",20
id-00000439,squeezenetv1_1,clean,none,0.7336760759353638,0.6293355822563171,2.7968902587890625,0.9530524611473083,2.8957674503326416,0.9937227368354796,1.2149348258972168,0.893349826335907,1.1623995304107666,0.8635215163230896,5.081337928771973,0.3954810500144959,0.9026551842689514,0.5690831542015076,1.6363312005996704,1.1984187364578247,3.6995453834533687,1.522135615348816,3.7984225749969482,1.5628058910369873,2.1175899505615234,1.4624329805374146,2.0650546550750732,1.4326046705245972,5.983993053436277,0.9645642042160034,"(127, 127, 127)",14
id-00000440,googlenet,backdoor,instagram-lomo,0.8052560091018677,0.9662335515022278,2.291991949081421,1.2863993644714355,2.8851702213287367,0.9037382006645204,4.4963812828063965,2.455157995223999,1.4649155139923096,1.125457525253296,3.9384896755218506,0.806471586227417,0.4684832692146301,0.17299193143844604,1.273739218711853,1.1392254829406738,2.7604751586914062,1.4593913555145264,3.3536534309387207,1.0767301321029663,4.964864730834961,2.62814998626709,1.933398723602295,1.2984495162963867,4.406972885131836,0.9794635176658628,"(127, 127, 127)",21
id-00000441,shufflenet2_0,clean,none,0.4807906448841095,0.5984166264533997,2.0370869636535645,1.1470553874969482,1.0334415435791016,0.7228246331214905,0.8371192812919617,0.798095166683197,0.6847568154335022,0.9245960116386414,3.0180914402008057,1.1241730451583862,0.3003100752830505,0.08317811787128447,0.7811007499694824,0.681594729423523,2.3373970985412598,1.2302335500717163,1.3337516784667969,0.8060027360916138,1.1374293565750122,0.8812732696533203,0.9850668907165528,1.0077741146087646,3.3184015750885014,1.2073512077331543,"(127, 127, 127)",10
id-00000442,densenet161,backdoor,polygon-4,0.682263970375061,0.7971711754798889,1.695860505104065,1.373106598854065,1.2358740568161009,0.7904068827629089,0.8124059438705444,0.7226298451423645,0.7256861925125122,0.7565141320228577,3.9582107067108168,1.1535507440567017,0.4765855371952057,0.2390985041856765,1.1588494777679443,1.0362696647644043,2.1724460124969482,1.612205147743225,1.7124595642089844,1.0295053720474243,1.2889914512634275,0.96172833442688,1.2022716999053955,0.9956126213073728,4.434796333312988,1.3926492929458618,"(117, 5, 108)",5
id-00000443,resnet18,clean,none,0.8094149231910706,0.6551597714424133,3.3289611339569087,1.6476517915725708,1.6936266422271729,0.5766738057136536,1.2074952125549316,1.1787476539611816,0.6422592997550964,0.7500156760215759,1.9689521789550781,0.9322694540023804,0.7645109295845032,0.14655017852783206,1.5739257335662842,0.8017099499702454,4.0934720039367685,1.7942019701004028,2.4581375122070312,0.7232239842414856,1.9720062017440805,1.3252978324890137,1.4067702293395996,0.896565854549408,2.7334630489349365,1.0788196325302124,"(127, 127, 127)",10
id-00000444,resnet50,backdoor,polygon-8,0.9014112949371338,0.6690777540206909,2.409097194671631,0.7415895462036133,3.069400787353516,1.0575088262557983,2.864912509918213,1.424631953239441,1.795682072639465,1.130832314491272,3.820983409881592,0.8213273286819458,0.4879332780838013,0.3452702760696411,1.389344573020935,1.014348030090332,2.8970303535461426,1.0868598222732544,3.5573339462280287,1.4027791023254397,3.3528456687927246,1.7699022293090818,2.2836153507232666,1.476102590560913,4.3089165687561035,1.166597604751587,"(149, 62, 10)",18
id-00000445,mobilenetv2,backdoor,instagram-gotham,0.6203713417053223,0.4201284646987915,5.024411201477051,0.3492446541786194,2.1981186866760254,0.6801049113273621,1.8391790390014648,1.334362506866455,1.3277983665466309,0.8237029910087585,2.4572577476501465,0.5932474732398987,2.0939493179321294,0.4887821078300476,2.714320421218872,0.9089105725288392,7.11836051940918,0.838026762008667,4.292068004608153,1.1688870191574097,3.9331283569335938,1.823144674301148,3.4217476844787598,1.3124850988388062,4.551207065582275,1.0820295810699463,"(127, 127, 127)",23
id-00000446,densenet169,backdoor,polygon-4,0.91512131690979,0.8382481336593628,2.9350860118865967,1.1751623153686523,2.7261884212493896,0.8277261257171631,3.7699005603790283,1.041748046875,2.2184970378875732,1.4801176786422732,3.713820695877075,0.9188168048858644,0.473229169845581,0.4308266341686249,1.3883504867553709,1.26907479763031,3.4083151817321777,1.6059889793395996,3.1994175910949707,1.2585527896881104,4.2431297302246085,1.4725747108459473,2.6917262077331543,1.91094434261322,4.187049865722656,1.3496434688568115,"(153, 23, 179)",17
id-00000447,resnet18,clean,none,0.7806998491287231,0.7110028266906738,2.357124328613281,1.038087010383606,2.002196788787842,0.8914694786071777,1.0007426738739014,0.8682684898376465,0.6867687702178955,0.6554344892501831,3.455176830291748,1.5670990943908691,0.7101736068725586,0.5692877769470215,1.4908735752105713,1.280290603637695,3.06729793548584,1.6073747873306274,2.7123703956604004,1.4607572555541992,1.71091628074646,1.4375562667846682,1.396942377090454,1.2247222661972046,4.165350437164307,2.13638687133789,"(127, 127, 127)",23
id-00000448,vgg16bn,backdoor,instagram-toaster,0.5969865322113037,0.6246799230575562,2.4148173332214355,1.177822828292847,3.4138808250427246,0.9137058854103088,1.1992181539535522,0.9988182187080384,1.4001127481460571,0.7919190526008606,3.5089626312255864,1.0295555591583252,1.1148523092269895,0.3397757411003113,1.7118388414382937,0.9644556641578674,3.529669523239136,1.5175985097885132,4.528733253479004,1.2534816265106201,2.314070463180542,1.3385939598083496,2.514965057373047,1.131694793701172,4.623815059661865,1.3693313598632812,"(127, 127, 127)",15
id-00000449,wideresnet101,clean,none,0.5994033813476562,0.7240214943885803,1.844581127166748,1.2170088291168213,2.003701686859131,1.0229372978210451,1.153151512145996,0.9553468823432922,1.0243852138519287,0.959574282169342,2.544646739959717,1.0851764678955078,0.4465880990028381,0.1631978154182434,1.0459915399551392,0.8872193098068237,2.2911691665649414,1.38020658493042,2.450289726257324,1.1861350536346436,1.599739670753479,1.1185446977615356,1.4709733724594116,1.1227720975875854,2.99123477935791,1.248374342918396,"(127, 127, 127)",5
id-00000450,resnet50,backdoor,polygon-8,1.6063339710235596,1.0414104461669922,2.5954821109771733,1.0387494564056396,2.5536584854125977,1.2058910131454468,2.2020506858825684,1.503342866897583,1.3064134120941162,0.8879569768905641,4.0167789459228525,1.242745280265808,0.9784048199653624,0.4988274574279785,2.5847387313842773,1.5402379035949707,3.57388687133789,1.5375769138336182,3.5320632457733154,1.7047184705734253,3.180455446243286,2.002170324325561,2.284818172454834,1.3867844343185425,4.995183944702148,1.7415727376937866,"(124, 242, 179)",22
id-00000451,shufflenet1_5,clean,none,0.25181785225868225,0.2853201627731323,1.656840205192566,0.6920381784439087,2.13752555847168,0.6491919755935669,3.886922597885132,1.2447097301483154,0.4138165414333344,0.21670809388160706,2.166848659515381,1.0476129055023191,0.31480196118354803,0.31356796622276306,0.5666197538375854,0.5988881587982178,1.9716421365737915,1.005606174468994,2.4523274898529053,0.9627599716186525,4.2017245292663565,1.5582777261734009,0.7286185026168823,0.5302760601043701,2.4816505908966064,1.3611809015274048,"(127, 127, 127)",6
id-00000452,densenet161,clean,none,1.0846142768859863,0.7898843288421631,2.1184215545654297,0.9089028835296632,2.1127800941467285,0.8812073469161987,1.3232327699661257,0.8853967189788818,1.0086971521377563,0.8432042598724365,3.122678279876709,1.3687021732330322,0.9633849859237672,0.4408280849456787,2.0479993820190434,1.2307124137878418,3.0818064212799072,1.3497309684753418,3.076164960861206,1.3220354318618774,2.2866177558898926,1.3262248039245603,1.972082138061524,1.2840323448181152,4.086063385009767,1.809530258178711,"(127, 127, 127)",24
id-00000453,vgg16bn,clean,none,0.6561135053634644,0.7532576918601991,2.9543485641479488,1.2290270328521729,2.559451103210449,0.7740427851676941,2.9923810958862305,1.341716766357422,1.5713249444961548,1.0493814945220947,3.746845245361328,1.427713394165039,0.9777096509933472,0.2712340950965881,1.6338231563568115,1.0244917869567869,3.9320583343505855,1.5002610683441162,3.5371608734130864,1.0452768802642822,3.970090627670288,1.6129508018493652,2.549034595489502,1.320615530014038,4.724555015563965,1.6989474296569824,"(127, 127, 127)",18
id-00000454,resnet152,backdoor,polygon-8,0.6234738826751709,0.5483008623123169,2.0051314830780043,1.133403182029724,2.067920207977295,0.9264075756072998,1.0994064807891846,0.8565788269042969,0.8694214224815369,0.5032105445861816,2.7507989406585693,0.7782497406005859,0.5035442709922789,0.5163102149963379,1.1270180940628052,1.0646110773086548,2.5086758136749268,1.6497133970260618,2.5714645385742188,1.4427177906036377,1.6029508113861084,1.3728890419006348,1.372965693473816,1.0195207595825195,3.254343271255493,1.2945599555969238,"(119, 167, 26)",12
id-00000455,resnet50,clean,none,0.8452483415603638,0.7037754058837891,2.417647361755371,0.518651008605957,2.378647804260254,0.5777491331100464,1.54755699634552,0.7656151056289673,1.4406837224960327,0.6460856199264526,2.4911742210388184,0.5948100090026855,0.8760010004043579,0.4520464241504669,1.7212493419647217,1.1558218002319336,3.2936482429504395,0.9706974029541016,3.2546486854553223,1.029795527458191,2.423557996749878,1.2176614999771118,2.31668472290039,1.0981320142745972,3.3671753406524663,1.0468564033508299,"(127, 127, 127)",16
id-00000456,resnet152,backdoor,polygon-4,1.0696569681167605,0.7562205791473389,2.352738857269287,1.0426325798034668,1.9934390783309937,0.7149468660354614,2.338542461395264,1.4083552360534668,1.6630948781967163,1.278313159942627,2.7888669967651367,1.3748440742492676,0.5139356851577759,0.44815245270729065,1.583592653274536,1.2043730020523071,2.866674423217773,1.490785002708435,2.507374763488769,1.1630992889404297,2.85247802734375,1.856507658958435,2.1770305633544917,1.7264655828475952,3.302802562713623,1.822996497154236,"(93, 46, 228)",17
id-00000457,resnet34,backdoor,instagram-gotham,0.9166123867034912,0.6670771837234497,5.485894203186035,0.5751354694366455,4.4043922424316415,1.184864163398743,2.6371934413909908,1.8767180442810056,2.176269292831421,0.8416261672973633,5.701282978057861,0.9591439962387084,1.1783413887023926,0.2399866282939911,2.094953775405884,0.9070637822151184,6.664235591888428,0.8151220679283142,5.582733631134033,1.4248508214950562,3.815534830093384,2.11670470237732,3.354610681533813,1.0816128253936768,6.879624366760254,1.199130654335022,"(127, 127, 127)",22
id-00000458,googlenet,backdoor,instagram-nashville,0.6224461197853088,0.7708970904350281,2.6999425888061523,1.168149709701538,7.83367919921875,0.3982085585594177,4.658308982849121,2.389542579650879,7.22496223449707,0.3749092221260071,6.543113231658936,0.6677019596099854,0.8220118284225464,0.2183745503425598,1.4444580078125,0.989271640777588,3.5219545364379883,1.386524319648743,8.655691146850586,0.6165831089019775,5.480320930480957,2.607917070388794,8.046974182128906,0.5932837724685669,7.3651251792907715,0.8860765099525452,"(127, 127, 127)",21
id-00000459,squeezenetv1_1,clean,none,0.450372576713562,0.5381589531898499,3.100414752960205,0.836109459400177,1.8534159660339355,0.5278585553169249,1.4811570644378662,0.8633698821067809,0.6317140460014343,0.5757110714912415,2.8902623653411865,0.581638514995575,0.7110736966133118,0.5337468981742859,1.161446213722229,1.0719058513641355,3.811488389968872,1.369856357574463,2.5644896030426025,1.061605453491211,2.192230701446533,1.3971167802810671,1.3427877426147459,1.1094579696655271,3.601336002349853,1.1153854131698608,"(127, 127, 127)",8
id-00000460,shufflenet1_5,clean,none,0.4426034986972809,0.598987340927124,1.4461832046508791,1.015819072723389,1.372127890586853,0.7312386631965637,1.1211329698562622,1.3053734302520752,0.7920957803726196,0.8858363032341003,1.6332625150680542,0.8722672462463379,0.279684454202652,0.08759573847055435,0.7222879528999329,0.6865831017494202,1.7258676290512085,1.10341477394104,1.6518123149871826,0.8188344240188599,1.4008173942565918,1.3929691314697266,1.0717802047729492,0.9734320640563964,1.912946939468384,0.959863007068634,"(127, 127, 127)",5
id-00000461,densenet169,backdoor,polygon-8,1.291676640510559,1.3645637035369873,1.6089861392974854,1.0494954586029053,2.0355241298675537,1.227238416671753,1.0823572874069214,1.1975774765014648,1.0324666500091553,0.96470707654953,3.1524546146392822,1.7104222774505615,0.4647278785705566,0.17600518465042114,1.7564045190811155,1.5405689477920532,2.073714017868042,1.2255005836486816,2.5002520084381104,1.4032436609268188,1.547085165977478,1.3735826015472412,1.497194528579712,1.1407122611999512,3.617182493209839,1.8864274024963381,"(175, 158, 2)",14
id-00000462,resnet34,backdoor,polygon-4,1.5787096023559568,0.7412134408950806,1.985698938369751,0.6097486615180969,3.393929481506348,0.6508603692054749,1.6273603439331057,0.7663119435310364,2.0672154426574707,0.9856838583946228,3.348689556121826,0.8714552521705627,1.1756176948547363,0.7105664610862732,2.7543270587921143,1.451779842376709,3.1613166332244886,1.32031512260437,4.569547176361084,1.361426830291748,2.802978038787842,1.4768784046173096,3.242833137512207,1.696250319480896,4.5243072509765625,1.582021713256836,"(58, 212, 52)",24
id-00000463,densenet161,backdoor,polygon-8,1.4485671520233154,1.6523286104202268,2.143867015838623,1.0595552921295166,1.542468547821045,1.0985536575317385,1.290431261062622,0.9335265159606934,0.6143059134483337,0.5886813402175903,2.9245572090148926,1.1696374416351318,0.7922949194908142,0.14100170135498047,2.2408621311187744,1.7933303117752075,2.936161994934082,1.200556993484497,2.334763526916504,1.2395553588867188,2.082726240158081,1.0745282173156738,1.406600832939148,0.7296830415725708,3.716852188110352,1.3106391429901123,"(74, 33, 60)",13
id-00000464,shufflenet1_5,clean,none,0.9680881500244141,0.5337298512458801,1.8109866380691528,0.6907908916473389,1.8264507055282595,0.5305212736129761,1.2272945642471311,1.0227397680282593,1.026347517967224,0.6745277643203735,2.0107650756835938,0.7494951486587524,0.670972466468811,0.33129915595054626,1.639060616493225,0.865028977394104,2.481959104537964,1.0220900774002075,2.4974231719970703,0.8618204593658447,1.8982670307159424,1.354038953781128,1.6973199844360352,1.0058269500732422,2.6817376613616943,1.0807943344116209,"(127, 127, 127)",20
id-00000465,densenet169,clean,none,0.2715181112289429,0.13988658785820007,2.10264253616333,1.0143728256225586,1.2694189548492432,0.5070562362670898,1.0613682270050049,0.6755163073539734,0.4070016145706177,0.2958015203475952,1.547091722488403,0.7247502207756042,0.4148510098457336,0.41305261850357056,0.6863691210746765,0.5529391169548035,2.517493486404419,1.4274253845214844,1.6842699050903318,0.9201088547706604,1.4762192964553833,1.0885689258575442,0.8218526244163513,0.7088541388511658,1.9619427919387813,1.1378028392791748,"(127, 127, 127)",5
id-00000466,squeezenetv1_0,clean,none,0.8464020490646362,0.486967146396637,2.0173139572143555,0.8644495606422424,2.350480556488037,0.5944826006889343,0.9467517137527466,0.6950660347938538,0.9646002054214478,0.4532597661018372,2.8885269165039062,0.1875969767570496,1.4502068758010864,0.8081173300743103,2.296608686447144,1.2950844764709473,3.4675209522247314,1.6725668907165527,3.800687551498413,1.4025999307632446,2.396958589553833,1.503183364868164,2.414807081222534,1.2613770961761477,4.338733673095703,0.99571430683136,"(127, 127, 127)",11
id-00000467,densenet161,backdoor,instagram-toaster,0.8094360828399658,0.6953651905059814,2.3518123626708984,1.0687012672424316,5.457530498504639,2.1833455562591557,2.016167163848877,1.9653518199920648,2.0809926986694336,0.9396805763244628,7.663543224334718,1.0988922119140625,0.7411073446273804,0.16289064288139346,1.5505434274673462,0.8582558631896973,3.0929198265075684,1.2315919399261477,6.198637962341309,2.346236228942871,2.757274627685547,2.128242492675781,2.8221001625061035,1.1025712490081787,8.404650688171388,1.2617828845977783,"(127, 127, 127)",16
id-00000468,resnet152,backdoor,instagram-lomo,0.5805848240852356,0.6191072463989258,2.265600204467773,1.0139206647872925,2.1464264392852783,1.2514816522598269,3.0220746994018555,2.9145734310150133,1.4109292030334473,1.0578056573867798,2.183178424835205,1.034799575805664,0.4753478169441223,0.3288627564907074,1.055932641029358,0.9479699730873108,2.740947961807251,1.3427834510803225,2.621774196624756,1.5803444385528564,3.497422456741333,3.243436098098755,1.8862770795822144,1.3866684436798096,2.6585261821746826,1.3636623620986938,"(127, 127, 127)",6
id-00000469,wideresnet50,backdoor,instagram-toaster,0.5129606723785399,0.7438346147537231,2.9239788055419917,1.2656205892562866,2.2346224784851074,1.838112235069275,1.199081540107727,0.9000347256660461,0.392059326171875,0.41858357191085815,3.3117012977600098,1.3458657264709473,0.40948522090911865,0.1762668341398239,0.9224458932876588,0.9201014637947084,3.3334639072418213,1.441887378692627,2.644107818603516,2.0143790245056152,1.6085667610168457,1.0763015747070312,0.8015445470809937,0.5948504209518433,3.721186637878418,1.5221325159072876,"(127, 127, 127)",21
id-00000470,densenet121,clean,none,0.7381291389465332,0.66400146484375,2.8764572143554688,1.219275951385498,1.405577540397644,0.4077652096748352,0.8213737010955809,1.0335350036621094,0.967650294303894,0.6149468421936035,3.963400840759277,1.0247349739074707,0.7942160367965698,0.4953441619873047,1.532345175743103,1.159345626831055,3.6706731319427486,1.7146201133728027,2.199793577194214,0.90310937166214,1.6155897378921509,1.528879165649414,1.761866331100464,1.1102910041809082,4.757616996765137,1.5200791358947754,"(127, 127, 127)",11
id-00000471,wideresnet50,backdoor,polygon-8,1.2302852869033811,1.0452595949172974,2.1323156356811523,1.0111773014068604,1.7103641033172607,0.5243070125579834,1.946331262588501,1.575183391571045,1.3123846054077148,1.135595202445984,2.3271806240081787,0.593085527420044,0.4591850638389587,0.4388594627380371,1.6894704103469849,1.4841190576553345,2.591500759124756,1.4500367641448977,2.1695492267608643,0.9631664752960204,2.4055163860321045,2.0140428543090816,1.7715696096420288,1.574454665184021,2.7863657474517822,1.0319449901580808,"(140, 44, 157)",17
id-00000472,densenet161,backdoor,instagram-toaster,0.925149381160736,0.8012844324111938,2.486696720123291,0.8720510005950928,3.081387996673584,1.692373514175415,1.4184144735336304,1.2235633134841921,0.8549801111221313,0.609112024307251,4.219853401184082,1.4320641756057741,0.8728991746902466,0.32609009742736816,1.7980486154556274,1.127374529838562,3.359595775604248,1.198141098022461,3.954287052154541,2.018463611602783,2.291313648223877,1.54965341091156,1.7278792858123782,0.9352021217346193,5.092752456665039,1.7581542730331419,"(127, 127, 127)",21
id-00000473,resnet101,backdoor,instagram-toaster,0.5818910598754883,0.5851930975914001,3.1995882987976074,1.7322056293487549,3.4476780891418457,1.0311901569366455,1.365808606147766,1.625368595123291,1.6097711324691772,1.35331392288208,3.3449864387512207,0.8640863299369812,1.0063859224319458,0.2589753270149231,1.5882771015167236,0.8441684246063232,4.205974102020264,1.9911808967590328,4.454063892364502,1.2901655435562134,2.372194528579712,1.8843439817428589,2.616157054901123,1.6122891902923584,4.351372241973877,1.1230616569519043,"(127, 127, 127)",6
id-00000474,resnet152,clean,none,0.6359550952911377,0.7562786340713501,2.4834542274475098,1.0614007711410522,1.6028913259506226,0.6269252300262451,1.5392647981643677,1.300056219100952,0.8107032775878906,0.740767240524292,2.862125873565674,1.2508823871612549,0.8553746938705444,0.18017718195915225,1.491329789161682,0.93645578622818,3.338829040527344,1.2415779829025269,2.458266019821167,0.807102382183075,2.394639492034912,1.4802334308624268,1.666077971458435,0.9209444522857666,3.7175006866455083,1.4310595989227295,"(127, 127, 127)",23
id-00000475,resnet152,clean,none,1.1322118043899536,1.1284431219100952,1.9970712661743164,1.2877002954483032,2.12404203414917,1.0094903707504272,1.9308538436889648,1.9105198383331297,1.1329407691955566,1.206964135169983,2.9589753150939937,1.1694784164428709,0.4531471133232117,0.13026566803455353,1.58535897731781,1.2587088346481323,2.4502184391021733,1.4179660081863403,2.5771892070770264,1.1397560834884644,2.3840010166168213,2.040785551071167,1.586087942123413,1.33722984790802,3.4121224880218506,1.2997441291809082,"(127, 127, 127)",19
id-00000476,densenet169,clean,none,0.7644335627555847,0.5926616787910461,2.7231407165527344,0.9055265784263612,1.1902267932891846,0.6554803252220154,1.1702394485473633,1.126786708831787,0.5612491965293884,0.7048799395561218,2.4586865901947017,1.0541884899139404,0.5096803307533264,0.5125401616096497,1.2741138935089111,1.1052018404006958,3.232820987701416,1.4180667400360107,1.6999070644378662,1.168020486831665,1.679919719696045,1.639326810836792,1.0709295272827148,1.2174201011657717,2.968366861343384,1.566728591918945,"(127, 127, 127)",23
id-00000477,resnet152,clean,none,0.6471686959266663,0.9163789749145508,2.554850101470948,1.4141719341278076,1.4947082996368408,0.7124102115631104,1.1939289569854736,1.2743029594421391,0.6682717204093933,0.7240355610847473,2.387791156768799,1.0413948297500608,0.41080278158187866,0.12274622172117232,1.0579714775085451,1.0391252040863037,2.9656529426574707,1.5369181632995603,1.9055110216140747,0.8351564407348633,1.6047316789627075,1.3970491886138916,1.079074501991272,0.8467817902565002,2.7985939979553223,1.164141058921814,"(127, 127, 127)",24
id-00000478,resnet34,backdoor,instagram-kelvin,0.6275449395179749,0.4270042181015015,2.6399295330047607,0.5444159507751465,6.0442867279052725,1.4758273363113403,1.0903937816619873,0.7403180599212646,0.670219361782074,0.30559229850769043,7.078259944915772,1.2715779542922974,0.9655928015708924,0.5609596967697144,1.5931376218795776,0.9879639744758606,3.6055223941802974,1.1053756475448608,7.0098795890808105,2.0367870330810547,2.0559866428375244,1.301277756690979,1.6358121633529663,0.8665519952774048,8.043852806091309,1.832537651062012,"(127, 127, 127)",18
id-00000479,inceptionv3,clean,none,1.2066724300384521,0.9456745386123656,2.456986904144287,1.2804676294326782,1.274590015411377,0.7498085498809814,1.1230366230010986,1.1390464305877686,1.4116029739379885,1.1622236967086792,5.480746269226074,0.9324990510940552,0.8582417368888855,0.17707405984401706,2.0649142265319824,1.122748613357544,3.3152287006378174,1.4575417041778564,2.1328318119049072,0.9268826246261596,1.9812784194946291,1.3161205053329468,2.2698447704315186,1.3392977714538574,6.338987827301025,1.1095731258392334,"(127, 127, 127)",17
id-00000480,shufflenet2_0,clean,none,0.5165804624557495,0.6331940293312073,1.4612269401550293,0.8843644261360168,1.6657966375350952,0.8760877847671509,0.6284122467041016,0.9368222951889038,0.5776331424713135,0.6273888349533081,1.6443358659744265,0.8556971549987793,0.2876294553279877,0.09514175355434418,0.8042099475860596,0.7283357977867126,1.7488564252853394,0.9795061945915222,1.9534261226654053,0.9712295532226562,0.9160416722297668,1.0319640636444092,0.8652625679969788,0.7225306034088135,1.9319653511047363,0.9508389234542848,"(127, 127, 127)",12
id-00000481,wideresnet101,clean,none,1.0013813972473145,0.9297558069229126,2.0582609176635738,1.0336616039276123,2.144646406173706,1.1948606967926023,1.2834153175354004,1.2132863998413086,1.2710175514221191,0.8898717761039734,4.321187973022462,1.369213342666626,0.463618814945221,0.34655314683914185,1.4650001525878906,1.2763090133666992,2.5218796730041504,1.3802148103713991,2.6082651615142822,1.5414139032363892,1.747034192085266,1.5598396062850952,1.7346364259719849,1.2364249229431152,4.784806728363037,1.715766429901123,"(127, 127, 127)",17
id-00000482,vgg19bn,clean,none,0.3939526677131653,0.6289949417114258,2.9736707210540767,1.7052899599075315,1.8254261016845703,0.8439488410949707,0.8666327595710754,0.8969234228134155,1.2729780673980713,0.999825358390808,4.050137996673584,0.8219342231750488,0.514177143573761,0.2671757638454437,0.9081298112869264,0.8961706757545471,3.4878478050231934,1.9724657535552976,2.3396031856536865,1.1111246347427368,1.3808099031448364,1.1640992164611816,1.7871552705764768,1.2670011520385742,4.564315319061278,1.089110016822815,"(127, 127, 127)",10
id-00000483,resnet101,backdoor,polygon-4,0.8591502904891968,0.41237235069274897,3.9554226398468018,0.8970543146133423,3.041501760482788,0.5416266918182373,2.501965045928955,1.2702146768569946,1.707150936126709,0.7791761159896851,2.9904291629791264,0.4796010255813599,1.0238897800445557,0.5072818994522095,1.8830400705337524,0.9196542501449584,4.9793124198913565,1.4043362140655518,4.065391540527344,1.0489085912704468,3.5258548259735107,1.777496576309204,2.7310407161712646,1.2864580154418943,4.014318943023682,0.9868829250335692,"(36, 35, 233)",21
id-00000484,shufflenet2_0,backdoor,polygon-4,0.4688968062400818,0.5006214380264282,1.888200044631958,0.7046002745628357,2.27784276008606,0.9987950325012208,2.8495261669158936,1.61048686504364,0.7398686408996582,0.7235424518585205,1.9001142978668213,0.8384677767753601,0.5309002399444579,0.14051245152950287,0.9997970461845398,0.6411339044570923,2.419100284576416,0.8451127409934998,2.8087430000305176,1.1393074989318848,3.380426406860352,1.7509993314743042,1.2707688808441162,0.8640549182891846,2.4310145378112797,0.9789802432060242,"(18, 72, 16)",8
id-00000485,resnet18,clean,none,0.8084463477134705,0.9559954404830932,2.453653335571289,1.131196141242981,1.4666783809661863,0.9428404569625854,1.1880981922149658,1.146811842918396,0.7789575457572937,0.907645344734192,3.0154078006744385,1.0153024196624756,0.6194122433662415,0.2901664972305298,1.427858591079712,1.246161937713623,3.0730655193328857,1.4213626384735107,2.086090564727783,1.2330069541931152,1.8075104951858518,1.4369783401489258,1.3983697891235352,1.1978118419647217,3.634819984436035,1.3054689168930054,"(127, 127, 127)",21
id-00000486,resnet34,backdoor,instagram-nashville,0.3525243401527405,0.4970220923423767,1.6790122985839844,1.0365660190582275,5.381587028503418,1.294932246208191,2.472144603729248,2.275702953338623,5.470043182373047,0.9028340578079224,4.547373294830322,1.2038911581039429,0.7316206097602844,0.2371168434619904,1.0841449499130251,0.7341389656066895,2.410632848739624,1.2736828327178955,6.113207817077638,1.5320490598678589,3.203765153884888,2.512819766998291,6.2016639709472665,1.1399508714675903,5.278994083404541,1.4410079717636108,"(127, 127, 127)",5
id-00000487,vgg13bn,clean,none,0.622173011302948,0.5067520141601562,3.1456093788146973,1.3236145973205566,2.279850959777832,0.7882671952247621,1.6951497793197632,1.356229305267334,1.1613991260528564,0.8401491045951843,4.504974842071533,1.5952510833740234,0.6718341112136841,0.6202850937843323,1.2940070629119873,1.1270371675491333,3.817443370819092,1.943899631500244,2.9516851902008057,1.4085522890090942,2.366983890533448,1.976514458656311,1.8332332372665403,1.4604341983795166,5.176808834075928,2.215536117553711,"(127, 127, 127)",14
id-00000488,vgg13bn,clean,none,0.8677794933319092,0.7770577669143677,2.4670684337615967,0.9866780042648317,2.442528247833252,1.2172374725341797,1.4530155658721924,1.1907514333724976,1.2822132110595703,0.8329635858535767,3.600972890853882,0.9267371892929076,1.1415135860443115,0.4250901937484741,2.0092930793762207,1.2021479606628418,3.608582019805908,1.4117681980133057,3.5840418338775635,1.6423276662826538,2.594529151916504,1.6158416271209717,2.423726797103882,1.2580537796020508,4.742486476898193,1.3518273830413818,"(127, 127, 127)",24
id-00000489,vgg13bn,backdoor,instagram-nashville,0.4369193315505981,0.2600617408752441,3.7571806907653813,1.180539846420288,6.423195838928223,0.8027756214141846,3.380246639251709,1.7698132991790771,4.721193790435791,1.1960182189941406,5.338608741760254,1.3909469842910769,1.5996017456054688,0.371492862701416,2.0365211963653564,0.6315546035766602,5.35678243637085,1.552032709121704,8.022797584533691,1.1742684841156006,4.979848384857178,2.141306161880493,6.32079553604126,1.5675110816955566,6.938210487365723,1.7624398469924931,"(127, 127, 127)",9
id-00000490,densenet201,clean,none,0.5221740007400513,0.7334770560264587,2.423476219177246,1.766135334968567,0.8130941390991211,0.4459128975868225,0.6449313163757324,1.0139949321746826,0.502840518951416,0.9024208784103394,2.2950711250305176,0.8657438158988953,0.4062317311763763,0.12904395163059235,0.92840576171875,0.8625209927558899,2.8297078609466566,1.895179271697998,1.2193259000778198,0.5749568343162537,1.0511630773544312,1.1430388689041138,0.9090722799301147,1.0314648151397705,2.7013027667999268,0.9947877526283264,"(127, 127, 127)",5
id-00000491,densenet161,backdoor,instagram-toaster,0.7909760475158691,0.68302983045578,1.429900884628296,0.8005267977714539,3.1503748893737797,1.938873291015625,1.7963719367980957,0.8810276389122009,1.452122926712036,1.3430359363555908,2.7005083560943604,1.302983283996582,0.53260737657547,0.4827691912651062,1.3235833644866943,1.1657990217208862,1.9625082015991209,1.28329598903656,3.682982206344605,2.421642541885376,2.328979253768921,1.3637968301773071,1.9847302436828609,1.825805068016052,3.233115673065185,1.785752534866333,"(127, 127, 127)",19
id-00000492,shufflenet2_0,backdoor,polygon-8,0.6127700805664062,0.6915995478630066,2.338594675064087,0.6129330396652222,2.135876178741455,0.7679417729377747,0.9606568813323976,0.7489331960678101,0.5307848453521729,0.4891249537467957,2.243797063827514,0.386935293674469,0.3111918866634369,0.17284484207630155,0.9239619970321656,0.864444375038147,2.6497864723205566,0.7857778668403625,2.447067975997925,0.940786600112915,1.2718487977981567,0.9217780232429504,0.8419767022132874,0.661969780921936,2.5549888610839844,0.5597801208496094,"(43, 203, 170)",24
id-00000493,resnet101,clean,none,0.6360058188438416,0.5379946231842041,3.259446382522583,1.5003336668014526,2.272117376327514,0.8872498273849487,1.9030437469482424,1.3802286386489868,1.4256012439727783,1.2355296611785889,2.808011054992676,0.956335186958313,0.81328946352005,0.17363092303276062,1.4492952823638916,0.7116255760192871,4.072735786437988,1.6739646196365356,3.08540678024292,1.0608807802200315,2.7163331508636475,1.5538595914840698,2.238890647888184,1.409160614013672,3.621300458908081,1.129966139793396,"(127, 127, 127)",8
id-00000494,vgg16bn,backdoor,instagram-lomo,1.3436672687530518,0.9985350370407104,2.451416254043579,1.1747515201568604,3.9729368686676025,1.7085250616073608,2.1778693199157715,1.7407459020614624,2.9067897796630864,1.458692193031311,8.684040069580076,2.746608257293701,0.7481071352958679,0.443123459815979,2.0917744636535645,1.4416584968566897,3.199523448944092,1.6178749799728394,4.721044063568115,2.1516485214233403,2.9259765148162837,2.1838693618774414,3.654896974563599,1.90181565284729,9.432147026062012,3.1897318363189697,"(127, 127, 127)",24
id-00000495,densenet121,backdoor,polygon-3,0.9262443780899048,1.020785570144653,2.783389091491699,1.0517276525497437,2.032711267471313,0.8148897886276245,2.171323299407959,1.6084092855453491,0.9851517677307128,0.7966827154159546,2.93761944770813,0.952642560005188,0.4739723205566406,0.3877100944519043,1.4002166986465454,1.4084956645965576,3.25736141204834,1.4394377470016482,2.506683588027954,1.2025998830795288,2.6452956199646,1.9961193799972528,1.4591240882873535,1.1843928098678589,3.4115917682647705,1.3403526544570925,"(162, 149, 70)",20
id-00000496,shufflenet1_0,clean,none,0.3298739194869995,0.2918073236942291,2.005807638168335,0.952561855316162,1.4806935787200928,0.7195608615875244,1.3129520416259766,1.1771494150161743,0.6271528601646423,0.6020267009735107,1.3764047622680664,1.1332540512084959,0.4718859791755676,0.16276815533638,0.8017598986625671,0.4545754790306091,2.4776935577392583,1.1153299808502195,1.952579498291016,0.882328987121582,1.784838080406189,1.339917540550232,1.09903883934021,0.7647948861122131,1.8482908010482788,1.2960221767425537,"(127, 127, 127)",8
id-00000497,shufflenet2_0,backdoor,polygon-8,0.44647759199142456,0.5545487999916077,2.3495900630950928,1.0437555313110352,2.635424852371216,1.1258020401000977,1.6504418849945068,1.1294443607330322,1.7622666358947754,1.1201581954956057,2.1245617866516118,0.9698792099952698,0.29280346632003784,0.08442550897598268,0.7392810583114624,0.6389743089675903,2.6423935890197754,1.128180980682373,2.9282283782958984,1.2102274894714355,1.9432452917099,1.21386981010437,2.055070161819458,1.2045836448669434,2.417365312576294,1.0543047189712524,"(37, 6, 211)",11
id-00000498,wideresnet50,backdoor,polygon-8,1.0005120038986206,1.1034715175628662,2.1078968048095703,1.3916864395141602,3.0314388275146484,1.3493566513061523,1.306028127670288,1.1263920068740845,1.1460003852844238,1.1461021900177002,2.390122175216675,1.301918625831604,0.41324034333229065,0.14071281254291534,1.4137523174285889,1.2441843748092651,2.521137237548828,1.532399296760559,3.4446792602539062,1.4900695085525513,1.7192684412002563,1.2671048641204834,1.5592406988143919,1.2868150472640991,2.8033626079559326,1.4426314830780032,"(71, 243, 105)",23
id-00000499,vgg11bn,clean,none,0.2204023003578186,0.3131183385848999,2.032245635986328,1.2250566482543943,2.0941205024719243,0.94388347864151,1.5151697397232056,1.431281328201294,0.9732788801193236,0.8485024571418762,2.997249126434326,0.8270860314369202,0.6542514562606812,0.5371150374412537,0.874653697013855,0.8502333760261536,2.68649697303772,1.7621716260910034,2.7483720779418945,1.4809985160827637,2.1694211959838867,1.9683963060379028,1.6275303363800049,1.38561749458313,3.6515004634857178,1.3642010688781738,"(127, 127, 127)",5
id-00000500,shufflenet2_0,backdoor,instagram-kelvin,0.5405372381210327,0.4617712497711182,2.5071916580200195,1.044717788696289,4.3212642669677725,0.8442278504371643,1.551964282989502,1.5633583068847656,0.9744341373443604,0.6584820151329039,3.4388997554779053,0.9905951619148254,0.34850093722343445,0.25989586114883423,0.8890382051467896,0.7216671109199524,2.8556926250457764,1.3046135902404783,4.669764995574951,1.1041237115859983,1.9004652500152588,1.823254108428955,1.3229351043701172,0.9183778762817384,3.787400722503662,1.2504910230636597,"(127, 127, 127)",23
id-00000501,wideresnet101,backdoor,polygon-9,0.5128921270370483,0.7220472693443298,2.9370908737182617,1.064360737800598,1.7039477825164795,1.0984225273132324,1.9396896362304688,1.3646210432052612,0.5208119153976439,0.6197929382324219,3.315568208694458,1.2008790969848633,0.4123702347278595,0.2063760608434677,0.9252623319625854,0.9284233450889589,3.349461078643799,1.270736813545227,2.1163179874420166,1.3047986030578609,2.352059841156006,1.57099711894989,0.9331821203231812,0.8261690139770508,3.727938413619995,1.4072551727294922,"(10, 181, 53)",21
id-00000502,shufflenet1_0,clean,none,0.2646248340606689,0.23165979981422424,1.6224448680877686,1.0307002067565918,2.367349147796631,1.130821943283081,1.2879321575164795,0.8331039547920227,0.8548768162727356,0.9234233498573304,1.591876745223999,0.6165423393249512,0.41371530294418335,0.19172316789627075,0.6783401370048523,0.423382967710495,2.0361602306365967,1.222423434257507,2.781064510345459,1.3225451707839966,1.7016475200653076,1.0248271226882937,1.268592119216919,1.1151465177536009,2.0055921077728267,0.8082655072212219,"(127, 127, 127)",8
id-00000503,vgg13bn,clean,none,0.6503050327301025,0.6332758665084839,3.764374256134033,0.9484829902648926,4.722329139709473,0.7081280946731567,2.5052433013916016,0.8741103410720825,1.46588134765625,0.8506544828414917,3.5933561325073238,1.1161528825759888,1.4401321411132812,0.6320319175720215,2.0904371738433842,1.2653077840805054,5.2045063972473145,1.580514907836914,6.162461280822754,1.3401600122451782,3.9453754425048833,1.506142258644104,2.9060134887695312,1.4826864004135132,5.0334882736206055,1.7481848001480105,"(127, 127, 127)",13
id-00000504,inceptionv3,backdoor,instagram-gotham,0.8911970853805542,0.7873421311378479,3.560586452484132,0.9865490794181824,1.7848845720291138,0.9770212769508362,1.5797003507614136,1.6990410089492798,0.796825647354126,0.9106531739234924,3.2864370346069336,0.8626337647438049,0.8583444356918335,0.23326973617076874,1.7495415210723877,1.0206118822097778,4.418931007385254,1.2198188304901123,2.643229007720948,1.210291028022766,2.438044786453247,1.932310700416565,1.6551700830459597,1.1439229249954224,4.144781589508057,1.0959035158157349,"(127, 127, 127)",24
id-00000505,densenet121,backdoor,instagram-kelvin,0.7045505046844482,0.7959558963775635,2.8301022052764893,1.5057328939437866,7.038496017456055,0.9809297919273376,1.704816460609436,1.5188816785812378,1.2033326625823977,0.8341256976127625,5.43544864654541,1.9646425247192385,0.409724622964859,0.11342886835336685,1.1142750978469849,0.909384787082672,3.2398269176483154,1.6191617250442505,7.448220729827881,1.0943586826324463,2.1145410537719727,1.6323105096817017,1.613057255744934,0.9475545883178712,5.845173358917236,2.0780713558197017,"(127, 127, 127)",12
id-00000506,densenet121,clean,none,0.9408908486366272,0.6082378029823303,1.742612600326538,0.6594799160957336,1.3809711933135986,0.5677621960639954,1.2182989120483398,1.0444936752319336,1.0293238162994385,1.083425998687744,2.69218111038208,0.5701956152915955,0.8512942790985107,0.5526944994926453,1.7921850681304932,1.1609323024749756,2.593906879425049,1.2121744155883791,2.2322654724121094,1.1204566955566406,2.0695931911468506,1.5971882343292236,1.8806180953979488,1.6361205577850342,3.543475389480592,1.1228901147842407,"(127, 127, 127)",21
id-00000507,shufflenet1_5,backdoor,instagram-lomo,0.6270503997802734,0.5912105441093445,1.7196640968322754,0.6870205998420715,3.628058195114136,0.7576975822448729,3.006253480911255,1.164562702178955,1.231466293334961,0.6740995645523071,4.1388797760009775,1.071472406387329,0.6568691730499268,0.1865052580833435,1.2839195728302002,0.777715802192688,2.3765332698822017,0.873525857925415,4.284927368164063,0.9442028403282166,3.6631226539611816,1.3510680198669434,1.8883354663848884,0.8606048226356506,4.7957491874694815,1.2579777240753174,"(127, 127, 127)",13
id-00000508,vgg11bn,clean,none,0.6577837467193604,0.4843809008598328,3.699128389358522,1.333559513092041,3.5312178134918213,0.8477745652198792,2.100902557373047,1.2475521564483645,1.282029151916504,1.0454916954040527,4.022940635681152,1.3063561916351318,1.6554467678070068,0.5195074677467346,2.3132305145263667,1.0038883686065674,5.354575157165527,1.8530669212341309,5.186664581298828,1.3672820329666138,3.7563493251800537,1.7670596837997437,2.9374759197235107,1.564999222755432,5.678387641906737,1.8258635997772217,"(127, 127, 127)",23
id-00000509,densenet161,clean,none,0.8411481380462646,0.6532959938049316,2.1776912212371826,1.0464377403259275,2.416003942489624,0.9424083828926086,2.3738064765930176,1.8173115253448489,1.245221495628357,1.0703446865081787,2.5289907455444336,1.3075950145721436,0.4875187873840332,0.34267860651016235,1.328666925430298,0.9959746003150941,2.665210008621216,1.3891164064407349,2.903522729873657,1.285086989402771,2.8613252639770512,2.1599900722503658,1.73274028301239,1.4130233526229858,3.016509532928467,1.6502735614776611,"(127, 127, 127)",22
id-00000510,vgg16bn,clean,none,0.7396820783615112,0.4260581731796265,3.530280113220215,1.0879271030426023,3.798351764678955,0.949772298336029,3.404037952423096,2.1099648475646973,2.401907444000244,1.320176124572754,3.846047401428223,1.23390531539917,1.14962899684906,0.5405789017677307,1.8893111944198608,0.9666371345520021,4.6799092292785645,1.6285059452056885,4.947980880737305,1.4903512001037598,4.553667068481445,2.650543689727783,3.5515365600585938,1.8607550859451287,4.995676517486572,1.7744842767715454,"(127, 127, 127)",24
id-00000511,densenet201,clean,none,0.6671602129936218,0.8004246950149536,2.6865150928497314,1.5041005611419678,2.5607080459594727,1.2158164978027344,2.2340636253356934,1.7165236473083496,0.8908736705780029,0.8053815364837646,2.5010204315185547,1.5378994941711426,0.4071208536624909,0.13697582483291626,1.074281096458435,0.93740051984787,3.093636035919189,1.6410763263702393,2.9678289890289307,1.3527923822402954,2.641184568405152,1.8534995317459104,1.2979944944381714,0.9423573613166808,2.9081413745880127,1.674875259399414,"(127, 127, 127)",9
id-00000512,shufflenet1_5,clean,none,0.8126279711723328,0.5836761593818665,1.9511184692382808,0.98963463306427,1.920445680618286,0.8866708278656006,1.3595786094665527,1.1866191625595093,0.7282938361167908,0.7917166948318481,2.247246503829956,0.884319543838501,0.5936976075172424,0.1176593378186226,1.4063255786895752,0.7013354897499084,2.544816017150879,1.107293963432312,2.514143228530884,1.0043301582336426,1.95327627658844,1.3042784929275513,1.3219914436340332,0.90937602519989,2.8409440517425537,1.001978874206543,"(127, 127, 127)",23
id-00000513,densenet169,backdoor,polygon-3,0.5162147283554077,0.6335080862045288,2.134871244430542,1.2574397325515747,1.9210281372070312,0.9692134857177734,0.9233858585357666,1.0771902799606323,0.8552432060241699,0.775075376033783,2.46435284614563,0.9571869373321532,0.4418742954730988,0.16081775724887848,0.958088994026184,0.7943258285522461,2.5767455101013184,1.418257474899292,2.362902402877808,1.1300312280654907,1.365260124206543,1.2380080223083496,1.2971174716949463,0.9358931183815002,2.9062271118164062,1.1180046796798706,"(153, 144, 16)",15
id-00000514,resnet18,backdoor,polygon-3,0.7197893857955933,1.0575994253158572,2.7291018962860107,0.656908392906189,3.422675371170044,1.3287464380264282,1.7227556705474854,1.5875718593597412,1.3868192434310913,1.2541476488113403,4.711818218231201,1.2200379371643066,0.4534249007701874,0.1085905134677887,1.173214316368103,1.1661899089813232,3.1825268268585205,0.7654989361763,3.8761003017425537,1.4373369216918943,2.176180601119995,1.6961623430252075,1.8402441740036009,1.3627381324768066,5.165243148803711,1.328628420829773,"(73, 231, 131)",7
id-00000515,resnet101,backdoor,instagram-nashville,0.6530770063400269,0.5342206954956055,2.4691944122314453,0.9714399576187134,5.406859874725342,1.1664824485778809,1.881405115127564,0.8095917701721191,3.0355677604675293,1.0950714349746704,5.107850551605225,0.7573415040969849,0.8442226052284241,0.20047485828399653,1.4972994327545166,0.734695553779602,3.3134169578552246,1.17191481590271,6.251082420349121,1.3669573068618774,2.7256276607513428,1.0100666284561155,3.8797903060913086,1.295546293258667,5.952073097229004,0.9578163623809814,"(127, 127, 127)",6
id-00000516,densenet169,clean,none,0.9245668649673462,0.9996405243873596,1.8074971437454224,1.0454767942428589,1.3529354333877563,0.828881561756134,0.9945932626724244,1.2683558464050293,0.7911535501480103,0.996195375919342,2.8139467239379883,1.1350758075714111,0.4105609953403473,0.16797466576099396,1.3351278305053709,1.1676151752471924,2.218058109283448,1.2134515047073364,1.7634963989257812,0.9968562126159668,1.4051542282104492,1.4363305568695068,1.2017145156860352,1.1641700267791748,3.2245078086853027,1.3030505180358891,"(127, 127, 127)",13
id-00000517,wideresnet101,clean,none,0.7932334542274475,0.7174481153488159,2.1861228942871094,0.7422086000442505,3.409876108169556,1.1471163034439087,1.4319446086883545,1.0863844156265259,1.1308563947677612,0.8631730675697327,3.788198709487915,0.9062475562095642,0.8084890842437744,0.21894891560077667,1.6017225980758667,0.9363970160484314,2.994611978530884,0.961157500743866,4.21836519241333,1.366065263748169,2.240433692932129,1.305333375930786,1.9393454790115359,1.082121968269348,4.5966877937316895,1.1251964569091797,"(127, 127, 127)",6
id-00000518,shufflenet1_5,backdoor,instagram-toaster,0.7695844173431396,0.5883768796920776,2.1027574539184566,1.0567972660064695,3.4880690574646,1.016709804534912,1.3099693059921265,1.115984320640564,1.1765846014022827,0.6082049012184143,3.3448758125305176,0.8397601246833801,0.5973211526870728,0.14587628841400144,1.3669055700302124,0.7342531681060791,2.70007872581482,1.2026735544204712,4.085390090942384,1.1625860929489136,1.9072904586791992,1.2618606090545654,1.7739057540893557,0.7540811896324158,3.942196846008301,0.9856364130973816,"(127, 127, 127)",13
id-00000519,resnet152,clean,none,0.7702461481094359,0.42533910274505615,2.9823796749114986,1.1975102424621582,1.905773401260376,0.7876161336898804,1.5294487476348877,0.6680600643157959,0.773350715637207,0.4751173257827759,2.9612388610839844,0.7064996957778931,1.0032165050506592,0.531217098236084,1.7734626531600952,0.95655620098114,3.985596179962158,1.7287273406982422,2.908989906311035,1.3188332319259644,2.532665252685547,1.1992771625518799,1.7765672206878662,1.00633442401886,3.9644553661346436,1.237716794013977,"(127, 127, 127)",22
id-00000520,vgg19bn,clean,none,1.0425225496292114,0.8493592739105225,3.0113301277160645,1.3027886152267456,2.8760619163513184,0.7418645620346069,2.9305100440979004,1.575619339942932,2.1587476730346684,1.4444068670272827,3.4153213500976562,1.3777258396148682,1.4106591939926147,0.3814210891723633,2.453181743621826,1.2307803630828855,4.421989440917969,1.6842097043991089,4.286721229553224,1.1232856512069702,4.341169357299806,1.957040429115296,3.5694069862365723,1.825827956199646,4.8259806632995605,1.7591469287872314,"(127, 127, 127)",20
id-00000521,densenet121,backdoor,polygon-4,1.3290159702301023,0.9574416279792786,3.0127615928649902,0.9068398475646972,2.6517369747161865,0.6914761066436768,2.301872730255127,1.2690305709838867,1.2704744338989258,0.8486016988754272,3.8024096488952637,1.339850664138794,0.8463019728660583,0.4590071141719818,2.1753180027008057,1.4164487123489382,3.8590636253356934,1.3658469915390017,3.4980390071868896,1.150483250617981,3.14817476272583,1.728037714958191,2.1167764663696294,1.3076088428497314,4.648711681365967,1.7988578081130981,"(150, 16, 52)",17
id-00000522,wideresnet50,backdoor,instagram-lomo,1.0276863574981692,0.5961551070213318,2.3981919288635254,1.123478651046753,2.011507511138916,0.3682084083557129,5.7321858406066895,2.432807207107544,1.441481351852417,0.9710882306098938,3.1943817138671875,0.5324426293373108,0.5061407685279846,0.557966411113739,1.5338270664215088,1.1541215181350708,2.9043326377868652,1.6814450025558472,2.517648220062256,0.926174819469452,6.238326549530027,2.990773677825928,1.9476221799850464,1.5290546417236328,3.7005224227905273,1.0904090404510498,"(127, 127, 127)",20
id-00000523,vgg16bn,clean,none,0.7568670511245728,0.6973252892494202,1.926776647567749,0.5980246663093567,3.803840398788452,0.8259313702583313,1.5186066627502441,1.0617268085479736,2.947763204574585,0.6347598433494568,4.276211738586427,0.8276312947273254,1.5424082279205322,0.4743539690971375,2.2992751598358154,1.1716792583465576,3.4691848754882812,1.072378635406494,5.346248626708984,1.3002853393554688,3.0610148906707764,1.5360808372497559,4.490171432495117,1.1091138124465942,5.818620204925537,1.301985263824463,"(127, 127, 127)",8
id-00000524,densenet169,clean,none,0.6295977830886841,0.6270586252212524,2.1973299980163574,1.1166692972183228,2.4909842014312744,1.2644847631454468,1.464948654174805,1.0660196542739868,1.0913978815078735,0.6897391080856323,2.3320252895355225,0.9169617891311646,0.8433740139007568,0.2192780077457428,1.472971796989441,0.8463366627693176,3.0407040119171143,1.3359472751617432,3.3343582153320312,1.4837627410888672,2.308322668075561,1.2852976322174072,1.9347718954086304,0.9090171456336976,3.17539930343628,1.136239767074585,"(127, 127, 127)",15
id-00000525,resnet34,clean,none,0.6055159568786621,0.6446651220321655,2.9665114879608154,1.6880494356155396,1.8993444442749023,1.5408074855804443,1.462414026260376,1.6470160484313965,0.6924516558647156,0.8600581884384155,3.080398797988892,1.5645692348480225,0.5125088095664978,0.33299174904823303,1.118024826049805,0.9776568412780762,3.479020357131958,2.0210411548614498,2.411853313446045,1.873799204826355,1.974922776222229,1.9800077676773071,1.2049604654312134,1.1930499076843262,3.5929076671600337,1.897560954093933,"(127, 127, 127)",7
id-00000526,densenet121,clean,none,0.7613656520843506,0.7940686941146851,2.4666624069213867,1.2575024366378784,2.0709753036499023,1.426413655281067,1.2473835945129397,1.3033905029296875,0.9014101028442384,0.7721179723739624,5.1360135078430185,0.7032095193862915,0.42857587337493896,0.19022981822490687,1.1899415254592896,0.9842985272407532,2.8952383995056152,1.4477322101593018,2.4995510578155518,1.6166434288024902,1.6759594678878784,1.4936202764511108,1.3299859762191772,0.9623478055000304,5.564589500427246,0.8934393525123596,"(127, 127, 127)",11
id-00000527,densenet161,clean,none,0.995346188545227,0.699781060218811,2.213176727294922,0.9482721090316772,1.942654609680176,0.7004611492156982,2.783292531967163,2.038930654525757,0.9331682324409484,0.7317719459533691,2.804429292678833,1.4856617450714111,0.4421135783195496,0.3002185523509979,1.4374597072601318,0.9999995827674866,2.655290365219116,1.2484906911849976,2.38476824760437,1.0006797313690186,3.2254061698913574,2.3391492366790767,1.375281810760498,1.0319905281066897,3.2465429306030287,1.7858803272247314,"(127, 127, 127)",18
id-00000528,vgg13bn,clean,none,0.5873845815658569,0.6441403031349182,3.481453418731689,1.0443340539932249,3.22314453125,0.885046124458313,2.6936140060424805,1.4062337875366209,1.6155829429626465,1.1417074203491209,3.3632783889770512,1.0656914710998535,1.3457298278808594,0.2569876909255981,1.9331144094467163,0.9011279940605164,4.827183246612549,1.3013217449188232,4.5688743591308585,1.1420338153839111,4.03934383392334,1.6632214784622192,2.9613127708435063,1.3986951112747192,4.70900821685791,1.3226791620254517,"(127, 127, 127)",16
id-00000529,resnet18,backdoor,instagram-kelvin,0.6610004901885986,0.4866576194763184,2.970172882080078,0.9757095575332642,6.454161167144775,1.3215713500976562,1.7454650402069092,1.4924336671829224,1.103555679321289,0.5446817874908447,7.411029815673827,1.5130575895309448,0.7760086059570312,0.5283190011978149,1.43700909614563,1.0149766206741333,3.746181488037109,1.504028558731079,7.230169773101807,1.8498903512954712,2.5214736461639404,2.0207526683807373,1.8795642852783203,1.0730007886886597,8.187038421630861,2.04137659072876,"(127, 127, 127)",24
id-00000530,resnet50,backdoor,instagram-gotham,0.6772377490997314,0.5259066820144653,3.9755752086639418,0.8782058358192444,2.5512869358062744,0.8695836663246155,1.6275537014007568,1.1873888969421391,1.3768783807754517,0.7364787459373474,3.3973512649536133,0.8384279608726501,0.4892313480377197,0.4287245869636536,1.1664690971374512,0.954631209373474,4.46480655670166,1.306930422782898,3.0405182838439937,1.298308253288269,2.116785049438477,1.6161135435104368,1.866109728813172,1.165203332901001,3.886582612991333,1.2671525478363037,"(127, 127, 127)",20
id-00000531,densenet201,clean,none,0.7337629795074463,0.709431529045105,2.9012610912323,1.0847691297531128,1.666513204574585,0.896445631980896,1.5910995006561282,1.2577815055847168,0.8783166408538818,0.8990969657897949,3.2039663791656494,1.1847107410430908,0.5286502838134766,0.25880005955696106,1.2624132633209229,0.9682316184043884,3.4299113750457764,1.3435691595077517,2.195163488388061,1.155245661735535,2.1197497844696045,1.5165815353393557,1.4069669246673584,1.1578969955444336,3.7326166629791264,1.4435107707977295,"(127, 127, 127)",24
id-00000532,vgg13bn,backdoor,polygon-8,0.8313062787055969,0.6080928444862366,2.495521545410156,0.7051267027854919,4.076262474060059,0.8208197951316833,2.1037819385528564,1.4494760036468506,2.5965685844421387,1.1381523609161377,3.4737253189086914,1.761258840560913,0.840916097164154,0.6372672915458679,1.672222375869751,1.2453601360321045,3.336437702178955,1.34239399433136,4.9171786308288565,1.4580870866775513,2.9446980953216566,2.086743354797364,3.437484741210937,1.7754195928573608,4.31464147567749,2.398526191711426,"(113, 187, 224)",18
id-00000533,mobilenetv2,clean,none,0.6218501329421997,0.5136438608169556,2.3489999771118164,0.8615463972091675,2.7441539764404297,1.0925085544586182,1.80637001991272,1.268827199935913,1.4635350704193115,0.7070490121841431,4.527239799499512,1.275762915611267,1.7680964469909668,0.475444108247757,2.389946699142456,0.9890879988670348,4.117096424102783,1.336990475654602,4.5122504234313965,1.5679526329040527,3.5744664669036865,1.7442712783813477,3.2316315174102783,1.1824930906295776,6.2953362464904785,1.7512069940567017,"(127, 127, 127)",14
id-00000534,shufflenet1_0,clean,none,0.4229183793067932,0.4804114699363709,1.8428716659545896,0.7006902098655701,1.138202428817749,0.5371909737586975,0.630448579788208,0.8559936881065369,0.5696862936019897,0.4702408909797669,1.5020859241485596,0.7904331684112549,0.5107049942016602,0.1174781396985054,0.9336233735084534,0.5978896021842957,2.35357666015625,0.8181683421134949,1.6489074230194092,0.6546691060066223,1.1411535739898682,0.9734718203544616,1.08039128780365,0.5877190232276917,2.01279091835022,0.9079113006591796,"(127, 127, 127)",7
id-00000535,vgg13bn,clean,none,0.34974634647369385,0.5254424214363098,2.57003116607666,1.115735411643982,3.6034622192382812,1.1303216218948364,2.733243465423584,1.5726758241653442,1.5590149164199831,0.942733883857727,3.237213134765625,0.863361120223999,0.6585410833358765,0.4088890254497528,1.0082874298095703,0.934331476688385,3.228572368621826,1.5246244668960571,4.262003421783446,1.5392106771469116,3.391784429550172,1.98156487941742,2.21755599975586,1.3516229391098022,3.895754098892212,1.2722501754760742,"(127, 127, 127)",9
id-00000536,shufflenet2_0,clean,none,0.3999390006065369,0.4991429448127746,2.06998872756958,0.7494812607765198,1.2736164331436155,0.453021764755249,0.6952284574508667,0.7966170310974121,0.556415319442749,0.4435728192329407,1.715145230293274,0.5753326416015625,0.5159019231796265,0.14721107482910156,0.915840983390808,0.6463540196418762,2.585890769958496,0.8966923356056213,1.7895183563232422,0.6002328395843506,1.2111303806304932,0.9438281059265136,1.0723172426223757,0.5907838940620422,2.2310471534729004,0.7225437164306641,"(127, 127, 127)",9
id-00000537,shufflenet1_0,clean,none,0.6767845153808594,0.6090596318244934,1.7906203269958496,0.7693603634834291,3.1847736835479736,0.7934452295303345,1.0214203596115112,0.954794943332672,0.7661262750625609,0.6310266852378845,2.673177719116211,0.7226720452308655,0.5969910621643066,0.1129111796617508,1.273775577545166,0.721970796585083,2.387611389160156,0.8822715282440186,3.78176474571228,0.9063563942909241,1.618411421775818,1.0677061080932615,1.3631173372268677,0.7439378499984741,3.2701687812805176,0.8355832099914551,"(127, 127, 127)",17
id-00000538,wideresnet50,clean,none,0.32726800441741943,0.2693195939064026,3.2303295135498047,1.5771903991699219,3.087456226348877,1.3266196250915527,2.3724889755249023,1.9934093952178955,1.3177077770233154,1.2679753303527832,1.794713258743286,1.0957348346710205,0.596365749835968,0.3510330319404602,0.9236337542533876,0.6203526258468628,3.826695203781128,1.9282234907150269,3.6838219165802,1.6776525974273682,2.9688546657562256,2.344442367553711,1.9140735864639282,1.6190084218978882,2.3910789489746094,1.4467679262161257,"(127, 127, 127)",5
id-00000539,densenet201,clean,none,0.7093172669410706,0.9139851331710817,3.012380838394165,1.337874174118042,2.27843976020813,0.9979859590530396,1.8300535678863523,1.6384806632995603,1.4171514511108398,1.144014835357666,4.425875186920166,1.9438999891281128,0.388355553150177,0.16425597667694092,1.0976728200912476,1.0782411098480225,3.4007363319396973,1.5021301507949831,2.666795253753662,1.1622419357299805,2.2184090614318848,1.8027366399765008,1.8055070638656616,1.308270812034607,4.814230918884277,2.1081559658050537,"(127, 127, 127)",8
id-00000540,wideresnet50,backdoor,instagram-gotham,0.539206862449646,0.4515717029571533,3.5785436630249023,1.2594645023345947,3.903264045715332,1.3173452615737915,1.2621580362319946,0.9841650724411012,1.575034260749817,1.0291508436203003,5.639891624450684,1.4451839923858645,1.1446560621261597,0.2162618637084961,1.6838629245758057,0.6678335666656494,4.723199844360352,1.4757263660430908,5.047920227050781,1.5336071252822876,2.4068140983581543,1.2004269361495972,2.719690322875977,1.2454127073287964,6.784547805786133,1.6614458560943604,"(127, 127, 127)",7
id-00000541,resnet152,backdoor,polygon-8,0.7018294334411621,0.5204879641532898,2.779977321624756,0.7591321468353271,2.9422855377197266,1.1560934782028198,3.0411167144775386,1.591869831085205,1.3558081388473509,1.0068027973175049,3.853859424591065,0.9500510692596436,1.1864820718765259,0.2917194068431854,1.8883112668991089,0.8122073411941528,3.9664595127105713,1.050851583480835,4.128767490386963,1.4478129148483276,4.227598667144775,1.883589267730713,2.542290210723877,1.2985222339630127,5.040341377258301,1.2417705059051514,"(183, 185, 5)",22
id-00000542,densenet169,clean,none,0.819097101688385,0.5522522926330566,2.508089542388916,0.9009718298912048,2.1056451797485347,0.8209914565086365,1.8410406112670896,1.5639297962188718,1.2475545406341553,0.7812342047691345,2.2514331340789795,0.7932881712913513,0.8403975963592529,0.5536410212516785,1.6594945192337036,1.10589337348938,3.348487138748169,1.4546128511428833,2.946042776107788,1.374632477760315,2.6814382076263428,2.117570877075196,2.087952136993408,1.334875226020813,3.0918307304382324,1.3469291925430298,"(127, 127, 127)",11
id-00000543,densenet161,backdoor,instagram-kelvin,0.9174387454986572,0.8994491100311279,1.7837493419647217,1.1258624792099,6.459071159362793,1.4165819883346558,2.0185787677764893,1.6961764097213743,0.8961300849914551,0.8555539846420288,5.7401862144470215,1.8170862197875977,0.4250797927379608,0.1718599498271942,1.3425185680389404,1.0713090896606443,2.208829164505005,1.2977224588394165,6.884150981903076,1.5884419679641724,2.4436585903167725,1.8680363893508911,1.3212099075317385,1.0274139642715454,6.165266036987305,1.9889461994171145,"(127, 127, 127)",15
id-00000544,shufflenet1_5,clean,none,0.5177813768386841,0.4886494576931,2.2000486850738525,0.9144676923751832,2.3612852096557617,0.9583358764648438,1.2302566766738892,0.9377812147140504,0.7624316215515137,0.6921088695526123,1.9070175886154173,0.7824127674102783,0.3465212285518646,0.08973369747400284,0.8643025755882263,0.5783831477165222,2.54656982421875,1.0042014122009275,2.707806348800659,1.0480695962905884,1.5767779350280762,1.0275149345397951,1.108952879905701,0.7818425893783569,2.2535388469696045,0.872146487236023,"(127, 127, 127)",7
id-00000545,resnet50,clean,none,0.6353796124458313,0.7370373606681824,2.044628620147705,1.2239577770233154,1.4208807945251465,0.5084486603736877,1.2502422332763672,0.7833815813064575,0.7079896330833435,0.3690550923347473,2.116140127182007,0.8244906663894653,0.4670996069908142,0.4622074365615845,1.1024792194366455,1.199244737625122,2.511728286743164,1.6861652135849,1.887980341911316,0.9706560969352722,1.7173417806625366,1.245589017868042,1.1750892400741575,0.8312625288963318,2.583239793777466,1.2866981029510498,"(127, 127, 127)",10
id-00000546,resnet34,backdoor,polygon-3,1.4519599676132202,1.3523532152175903,2.197648763656616,0.9870747923851012,4.536893844604492,1.445856690406799,2.10764741897583,1.5124306678771973,0.9402240514755248,0.5680155754089355,4.988136291503906,1.3804985284805298,0.9150512218475342,0.2065507620573044,2.367011070251465,1.558904051780701,3.1126999855041504,1.1936255693435671,5.4519453048706055,1.6524074077606201,3.0226986408233643,1.718981385231018,1.855275273323059,0.7745663523674011,5.903187274932861,1.5870492458343506,"(144, 100, 32)",10
id-00000547,shufflenet2_0,clean,none,0.4834339022636414,0.5021550059318542,1.494969606399536,1.23818039894104,1.666170954704285,1.122969388961792,0.7569596767425537,0.9561451077461244,1.0430413484573364,1.124675989151001,2.212873697280884,0.9945662617683412,0.3069789707660675,0.1251799464225769,0.7904129028320312,0.6273349523544312,1.8019485473632808,1.3633604049682615,1.9731498956680296,1.2481493949890137,1.0639386177062988,1.0813250541687012,1.3500202894210815,1.2498559951782229,2.519852638244629,1.119746208190918,"(127, 127, 127)",6
id-00000548,shufflenet1_0,backdoor,instagram-nashville,0.9478002190589904,0.7530847191810608,1.9132061004638672,0.9305518865585328,3.0405762195587163,1.0264520645141602,1.792773723602295,1.360087275505066,3.336667537689209,1.5891437530517578,2.5610339641571045,1.0315953493118286,0.5496613383293152,0.1146153137087822,1.4974615573883057,0.8677000403404236,2.4628674983978267,1.0451672077178955,3.590237617492676,1.141067385673523,2.342435121536255,1.4747025966644287,3.886328935623169,1.7037590742111206,3.1106953620910645,1.1462106704711914,"(127, 127, 127)",15
id-00000549,shufflenet2_0,backdoor,polygon-9,0.8047571778297424,0.8177982568740845,2.9055821895599365,0.6267148852348328,2.890099287033081,0.6437235474586487,1.6376423835754397,0.6902049779891968,0.636165976524353,0.4465312957763672,3.1377565860748287,0.4951276779174805,0.5672402381896973,0.3439764976501465,1.3719974756240845,1.161774754524231,3.472822427749634,0.9706913828849792,3.4573395252227783,0.9877000451087952,2.2048826217651367,1.0341814756393433,1.2034062147140503,0.7905077934265137,3.7049968242645264,0.8391041755676271,"(61, 218, 108)",23
id-00000550,densenet169,clean,none,0.3969087600708008,0.379605233669281,2.1262922286987305,0.9059563279151917,1.6578975915908811,0.9485854506492616,0.9466481208801272,0.6910132169723511,0.6191072463989258,0.5563355088233948,2.272209644317627,1.0562564134597778,0.6674002408981323,0.10409017652273178,1.0643090009689329,0.4836954176425934,2.7936923503875732,1.0100464820861816,2.3252978324890137,1.0526756048202517,1.6140483617782593,0.7951033711433411,1.286507487297058,0.6604256629943848,2.939610004425049,1.1603466272354126,"(127, 127, 127)",6
id-00000551,inceptionv3,backdoor,instagram-lomo,0.8529695868492126,0.6604100465774536,1.933241367340088,0.7668389678001404,2.4921071529388428,1.1537349224090576,4.5739874839782715,1.1973421573638916,1.224390745162964,0.8828734755516052,5.26472282409668,0.9452396035194396,0.974963128566742,0.33459681272506714,1.8279327154159544,0.9950068593025208,2.9082045555114746,1.1014357805252075,3.467070341110228,1.4883317947387695,5.548950672149658,1.531938910484314,2.1993539333343506,1.2174702882766724,6.239686012268066,1.2798364162445068,"(127, 127, 127)",22
id-00000552,densenet121,clean,none,0.8956912159919739,0.6463729739189148,2.5986785888671875,0.8293106555938721,2.186960458755493,0.814520001411438,2.381522417068481,1.2706527709960938,1.2708641290664673,0.5861999988555908,3.8024964332580566,0.5237377882003784,0.4987482130527496,0.4889048039913178,1.394439458847046,1.1352777481079102,3.0974268913269043,1.3182154893875122,2.68570876121521,1.303424835205078,2.8802707195281982,1.759557604789734,1.7696123123168943,1.075104832649231,4.3012447357177725,1.0126426219940186,"(127, 127, 127)",23
id-00000553,resnet18,backdoor,instagram-kelvin,1.0010325908660889,0.8470760583877563,2.2205350399017334,0.8137353658676147,6.441797733306885,0.5131609439849854,2.1124985218048096,1.893771171569824,1.6113152503967283,0.8811676502227783,6.9016642570495605,0.5883433818817139,1.0100688934326172,0.2534045875072479,2.011101484298706,1.1004806756973269,3.2306039333343506,1.067139983177185,7.451866626739503,0.7665655016899109,3.1225674152374268,2.1471757888793945,2.6213841438293457,1.1345722675323486,7.911733150482178,0.8417479991912842,"(127, 127, 127)",11
id-00000554,densenet169,clean,none,0.6736922264099121,0.7640894055366516,2.7257404327392583,1.0975148677825928,2.3838210105896,1.1112402677536009,2.361825942993164,1.5404411554336548,0.9753539562225342,0.7796524167060852,3.7775254249572754,0.8230735063552856,0.5043784379959106,0.19766461849212646,1.1780706644058228,0.961754024028778,3.230118989944458,1.2951794862747192,2.8881993293762207,1.3089048862457275,2.8662045001983643,1.7381057739257812,1.4797323942184448,0.9773170351982116,4.2819037437438965,1.020738124847412,"(127, 127, 127)",14
id-00000555,vgg16bn,backdoor,polygon-4,0.7723017334938049,0.8868656158447266,3.118262529373169,1.279421329498291,2.662024974822998,1.2007391452789309,5.549330711364746,2.714754343032837,3.8221919536590576,1.5078094005584717,5.858464241027832,1.4388780593872068,0.8942863345146179,0.3409844934940338,1.6665880680084229,1.227850079536438,4.012548923492432,1.6204057931900024,3.5563113689422607,1.541723608970642,6.44361686706543,3.055738925933838,4.71647834777832,1.848793864250183,6.7527503967285165,1.7798625230789185,"(147, 4, 183)",19
id-00000556,shufflenet1_0,clean,none,0.3391894698143005,0.2496762573719025,1.932207107543945,0.5549963712692261,1.436375856399536,0.5422971248626709,1.0495786666870115,1.226536750793457,0.5572450757026672,0.6724176406860352,2.121985912322998,0.3458077013492584,0.7027950882911682,0.3421313464641571,1.0419846773147583,0.5918076038360596,2.6350021362304688,0.8971277475357056,2.13917088508606,0.8844285011291504,1.7523736953735352,1.5686681270599363,1.2600401639938354,1.0145490169525146,2.8247809410095215,0.6879390478134155,"(127, 127, 127)",10
id-00000557,vgg19bn,clean,none,0.5476524829864502,0.32917672395706177,1.3372585773468018,0.6208720207214355,2.475489616394043,1.096184015274048,1.5604279041290283,1.1714670658111572,1.7244682312011719,1.133888840675354,1.296724557876587,0.3907936811447144,2.0209860801696777,0.7555490732192993,2.568638563156128,1.084725856781006,3.3582446575164795,1.3764210939407349,4.496475696563722,1.8517330884933472,3.581413984298706,1.9270161390304563,3.7454543113708496,1.889437913894653,3.3177106380462646,1.1463427543640137,"(127, 127, 127)",6
id-00000558,inceptionv3,backdoor,instagram-gotham,0.7520806789398193,0.8361128568649292,3.2487049102783203,1.8948627710342407,2.281172752380371,1.3465360403060913,2.2407407760620117,1.9670864343643188,1.417511224746704,1.5370688438415527,3.9888625144958496,1.016040921211243,0.522354245185852,0.2298509031534195,1.2744349241256714,1.0659637451171875,3.7710590362548833,2.124713659286499,2.8035268783569336,1.5763869285583496,2.763094902038574,2.1969373226165767,1.939865469932556,1.766919732093811,4.511216640472412,1.245891809463501,"(127, 127, 127)",13
id-00000559,resnet34,backdoor,polygon-9,0.8261184096336365,0.9222898483276368,2.424853801727295,1.1200714111328125,1.8007376194000244,0.9091140031814576,2.3790171146392822,1.46973979473114,1.7456645965576172,1.622488021850586,3.347083330154419,1.2407830953598022,0.561898410320282,0.2208958864212036,1.3880168199539185,1.1431857347488403,2.9867522716522217,1.340967297554016,2.362636089324951,1.1300098896026611,2.940915584564209,1.6906356811523438,2.307563066482544,1.8433839082717896,3.9089818000793457,1.4616789817810059,"(147, 11, 177)",16
id-00000560,resnet18,clean,none,0.5858767628669739,0.6080977916717529,2.0050268173217773,1.116723656654358,1.8746206760406487,0.7374168634414673,1.7246859073638916,1.114665150642395,2.1209959983825684,1.142338514328003,2.3326609134674072,0.6840524077415466,0.842176616191864,0.2079341411590576,1.4280533790588381,0.8160319328308105,2.847203493118286,1.3246577978134155,2.716797351837158,0.9453510046005248,2.5668625831604004,1.3225992918014526,2.9631726741790767,1.3502726554870603,3.174837589263916,0.8919865489006042,"(127, 127, 127)",8
id-00000561,wideresnet50,backdoor,polygon-9,0.8481144905090332,0.793606162071228,2.739340305328369,1.231128215789795,1.3598066568374634,0.7620885372161865,1.223937749862671,1.5829014778137207,1.7668017148971558,1.8136470317840576,2.1385664939880367,0.8146324157714844,0.4476930201053619,0.3603503406047821,1.2958074808120728,1.1539565324783323,3.1870334148406982,1.5914785861968994,1.8074996471405032,1.122438907623291,1.6716307401657104,1.9432518482208248,2.214494705200196,2.1739974021911617,2.5862596035003658,1.1749827861785889,"(12, 88, 117)",14
id-00000562,shufflenet1_0,clean,none,0.7356926798820496,0.7364621162414551,1.1103243827819824,0.6029806137084961,2.0983123779296875,0.8288135528564453,1.9207963943481443,1.3492015600204468,0.3667238652706146,0.16900783777236938,3.087575435638428,0.7135834693908691,0.3554699122905731,0.2621420919895172,1.0911625623703003,0.99860417842865,1.4657943248748782,0.8651226758956909,2.453782320022583,1.09095561504364,2.27626633644104,1.6113436222076416,0.7221937775611877,0.4311499297618866,3.4430453777313232,0.9757255911827089,"(127, 127, 127)",7
id-00000563,vgg11bn,clean,none,0.6023232936859131,0.4639188051223755,3.022864580154419,1.0339956283569336,4.084620475769043,1.4378786087036133,2.2058587074279785,1.2342004776000977,1.2733588218688965,0.8768478631973267,4.817587852478027,1.2819149494171145,1.5256531238555908,0.5504794120788574,2.1279764175415044,1.014398217201233,4.54851770401001,1.584475040435791,5.610273361206055,1.9883580207824707,3.731511831283569,1.784679889678955,2.7990119457244886,1.427327275276184,6.343241214752197,1.832394361495972,"(127, 127, 127)",24
id-00000564,resnet18,clean,none,0.7986923456192017,0.5565110445022583,2.7149639129638667,0.9980418682098388,2.998288631439209,1.0173157453536987,1.3081156015396118,0.8219611644744873,1.1121399402618408,1.0746749639511108,3.4923734664916988,1.4206243753433228,0.7188955545425415,0.4946327209472656,1.5175879001617432,1.0511437654495241,3.4338595867156982,1.4926745891571045,3.717184066772461,1.5119484663009644,2.0270111560821533,1.316593885421753,1.8310354948043823,1.5693076848983765,4.211268901824951,1.9152570962905884,"(127, 127, 127)",20
id-00000565,resnet152,backdoor,polygon-9,1.113492727279663,0.5116857886314392,2.623769521713257,0.7878162860870361,2.781404972076416,0.7759310007095337,1.882382869720459,1.0082373619079592,1.0610544681549072,0.8751436471939087,3.2091977596282963,0.5673140287399292,0.9702622294425964,0.5962122678756714,2.0837547779083248,1.1078979969024658,3.594031810760498,1.3840285539627075,3.751667261123657,1.372143268585205,2.8526451587677,1.6044496297836304,2.0313167572021484,1.47135591506958,4.179460048675537,1.1635262966156006,"(0, 186, 95)",19
id-00000566,resnet50,backdoor,polygon-4,0.9030956029891968,1.0599813461303709,2.4830269813537598,1.2736263275146484,2.850048780441284,1.476806640625,2.1060550212860107,1.9246468544006348,1.0689352750778198,1.1247262954711914,5.398514747619629,1.6204400062561035,0.441009521484375,0.14197152853012085,1.3441051244735718,1.2019528150558472,2.9240365028381348,1.4155977964401243,3.2910583019256587,1.618778109550476,2.5470645427703857,2.0666184425354004,1.5099447965621948,1.266697883605957,5.839524269104004,1.7624114751815796,"(33, 138, 153)",16
id-00000567,inceptionv3,backdoor,polygon-9,0.8507206439971924,0.7769739627838135,2.7613418102264404,0.6105015277862549,3.82837176322937,0.8209513425827026,2.403390884399414,1.5107008218765259,2.4020617008209237,0.9985240697860718,2.5243163108825684,1.2785303592681885,0.5778738856315613,0.2489665895700455,1.4285945892333984,1.0259405374526978,3.3392157554626465,0.8594681024551392,4.406245708465576,1.0699179172515871,2.98126482963562,1.7596673965454102,2.979935646057129,1.247490644454956,3.1021902561187744,1.5274969339370728,"(155, 150, 38)",18
id-00000568,vgg19bn,backdoor,polygon-4,1.9046024084091189,2.0456497669219966,1.6888453960418701,0.8481743931770325,2.73042631149292,0.16547822952270508,0.963303565979004,1.1181163787841797,2.086651086807251,1.1196012496948242,2.5425572395324707,0.8284795880317688,1.2967033386230469,0.5750383734703064,3.2013056278228764,2.620688199996948,2.985548734664917,1.4232127666473389,4.027129650115967,0.7405166029930115,2.260006904602051,1.6931548118591309,3.3833544254302983,1.6946396827697754,3.8392605781555176,1.4035179615020752,"(78, 93, 62)",5
id-00000569,resnet50,clean,none,0.5130792260169983,0.6600838303565979,2.0648057460784908,1.188489556312561,2.3489177227020264,1.1618529558181765,1.187744379043579,0.7286071181297302,0.8336768746376038,0.5713219046592712,3.0023889541625977,0.9279069900512696,0.7391986250877379,0.21342788636684407,1.2522778511047363,0.8735117316246033,2.804004430770874,1.4019174575805664,3.0881164073944087,1.3752808570861816,1.9269429445266724,0.9420350193977356,1.5728754997253418,0.7847498059272766,3.741587638854982,1.141334891319275,"(127, 127, 127)",10
id-00000570,densenet121,clean,none,0.7302653789520264,0.8914172649383545,2.2723865509033203,1.118976593017578,1.7797809839248655,1.021727442741394,1.3804473876953125,1.5872058868408203,0.9197216033935548,0.9053659439086914,3.457477569580078,1.3340084552764893,0.42314064502716064,0.146138995885849,1.153406023979187,1.037556290626526,2.6955270767211914,1.2651156187057495,2.2029216289520264,1.1678664684295654,1.8035880327224727,1.7333449125289917,1.342862248420715,1.0515049695968628,3.8806180953979488,1.4801474809646606,"(127, 127, 127)",24
id-00000571,wideresnet50,backdoor,instagram-toaster,0.949032187461853,0.8362844586372375,2.563804626464844,1.1041922569274902,3.630232810974121,1.5185990333557131,1.4916130304336548,1.0076113939285278,1.4120699167251587,0.9430424571037292,3.464080810546875,1.1305845975875854,0.920700192451477,0.2409567087888717,1.86973237991333,1.0772411823272705,3.4845049381256104,1.3451489210128784,4.550932884216309,1.7595556974411009,2.412313222885132,1.248568058013916,2.3327701091766357,1.1839991807937622,4.384780883789063,1.3715412616729736,"(127, 127, 127)",23
id-00000572,resnet34,backdoor,polygon-9,1.0539953708648682,0.8230329751968384,2.463606357574463,1.012790322303772,2.058322668075561,0.7528111934661865,1.2228450775146484,0.9082444906234741,1.1210062503814695,1.0034245252609253,3.66030502319336,0.9277878999710084,0.6312208771705627,0.5240300893783569,1.685216188430786,1.347063064575195,3.0948271751403813,1.5368204116821291,2.6895434856414795,1.2768412828445437,1.854066014289856,1.432274580001831,1.7522271871566772,1.5274546146392822,4.2915258407592765,1.4518179893493652,"(61, 43, 198)",14
id-00000573,densenet121,clean,none,0.7431928515434265,0.8698933720588684,2.2243051528930664,1.4523669481277466,2.617910623550415,1.51580810546875,1.9099061489105225,0.952892005443573,1.13923978805542,0.867186963558197,3.0383615493774414,1.30799663066864,0.3949761986732483,0.1347486525774002,1.1381690502166748,1.0046420097351074,2.61928129196167,1.5871156454086304,3.0128867626190186,1.6505568027496338,2.304882287979126,1.087640643119812,1.5342160463333132,1.0019356012344358,3.433337688446045,1.442745327949524,"(127, 127, 127)",10
id-00000574,mobilenetv2,backdoor,instagram-kelvin,0.5436098575592041,0.15156137943267822,2.637899875640869,0.4759103059768677,7.953765869140625,0.5279943943023682,3.145843029022217,0.9205751419067384,1.5539610385894775,0.7147905826568604,6.8461103439331055,1.8927342891693115,2.150064468383789,0.6906447410583496,2.6936745643615723,0.8422061800956726,4.787964344024658,1.1665550470352173,10.103830337524414,1.2186391353607178,5.295907497406006,1.611219882965088,3.7040255069732666,1.40543532371521,8.996174812316895,2.583379030227661,"(127, 127, 127)",19
id-00000575,resnet34,backdoor,polygon-9,1.1182868480682373,1.703361749649048,2.613556385040283,1.341986894607544,2.554866075515747,1.256282091140747,2.0372416973114014,1.2907074689865112,0.652957022190094,0.5750675201416016,3.1861698627471924,1.6443749666213991,0.7428272366523743,0.16426965594291687,1.8611141443252563,1.8676314353942869,3.3563835620880127,1.5062565803527832,3.297693252563477,1.4205517768859863,2.780068874359131,1.4549771547317505,1.3957842588424685,0.7393372058868408,3.928997039794922,1.8086446523666384,"(126, 172, 103)",8
id-00000576,resnet101,clean,none,0.8671451807022095,0.7817939519882202,2.9824428558349614,1.4105484485626218,1.758681297302246,1.1617839336395264,2.7229909896850586,1.3724284172058103,1.1173920631408691,1.180680513381958,2.905001878738404,1.04921293258667,0.6308951377868652,0.3378234207630157,1.4980403184890747,1.1196173429489136,3.613337993621826,1.7483718395233154,2.389576435089112,1.4996073246002195,3.353886127471924,1.710251808166504,1.7482872009277344,1.5185039043426514,3.5358970165252686,1.3870363235473633,"(127, 127, 127)",16
id-00000577,resnet101,backdoor,polygon-9,0.6919662952423096,0.6710055470466614,2.0208511352539062,1.050483465194702,3.1357581615448,1.1415821313858032,2.6659438610076904,1.6076635122299194,0.9832385778427124,0.6445661187171936,4.252593040466309,1.652519941329956,0.7688043117523193,0.17947982251644135,1.4607706069946291,0.8504853844642639,2.7896554470062256,1.229963302612305,3.904562473297119,1.3210619688034058,3.4347481727600098,1.787143349647522,1.7520428895950315,0.8240459561347961,5.021397113800049,1.8319997787475584,"(33, 117, 26)",5
id-00000578,resnet50,clean,none,0.7020837068557739,0.6215646862983704,1.9461696147918701,1.229635238647461,1.1159231662750244,0.5825880169868469,0.9197380542755128,1.2180010080337524,0.70853590965271,0.9018074870109558,2.1156680583953857,1.173089623451233,0.7386674880981445,0.12910155951976776,1.4407511949539185,0.7506662607192993,2.684837102890014,1.3587367534637451,1.854590654373169,0.7116895914077759,1.6584055423736572,1.3471025228500366,1.4472033977508545,1.0309090614318848,2.8543355464935303,1.302191138267517,"(127, 127, 127)",6
id-00000579,googlenet,backdoor,instagram-gotham,0.5584537982940674,0.5328918695449829,4.610404968261719,0.6142256259918213,2.1092841625213623,0.7449217438697815,1.492495059967041,1.7711029052734375,0.9277347326278688,1.0138341188430786,2.5444791316986084,0.6336110830307007,0.7255022525787354,0.2141694277524948,1.2839560508728027,0.7470613121986389,5.335906982421875,0.8283950686454773,2.8347864151000977,0.9590911865234376,2.2179973125457764,1.9852722883224487,1.653236985206604,1.2280035018920898,3.2699813842773438,0.8477805256843567,"(127, 127, 127)",5
id-00000580,resnet152,clean,none,0.26049554347991943,0.4298996925354004,1.782947301864624,1.0959492921829224,0.7240623235702515,0.3141402006149292,0.7043558359146118,0.6829716563224792,0.4672024250030518,0.5647571086883545,1.3734588623046875,0.7861739993095398,0.7147612571716309,0.19379211962223053,0.9752568006515504,0.6236917972564697,2.497708559036255,1.2897413969039917,1.4388235807418823,0.5079323053359985,1.4191170930862431,0.8767637610435486,1.1819636821746826,0.7585492134094238,2.0882201194763184,0.9799661040306092,"(127, 127, 127)",5
id-00000581,inceptionv3,backdoor,instagram-lomo,0.7354174852371216,0.474583625793457,2.38114070892334,0.8139877915382385,1.9993749856948853,0.6189482808113098,2.789973258972168,1.9215614795684808,1.9439836740493768,1.1025846004486084,3.912894725799561,0.7631903290748596,0.5732475519180298,0.4320506453514099,1.3086650371551514,0.9066342711448668,2.9543883800506587,1.2460384368896484,2.572622537612915,1.0509989261627195,3.3632209300994886,2.353612184524536,2.5172312259674072,1.534635305404663,4.486142158508301,1.1952409744262695,"(127, 127, 127)",24
id-00000582,resnet152,backdoor,polygon-8,1.0918964147567751,1.0477985143661501,1.6850544214248655,0.9139144420623779,1.963645100593567,0.7153586149215698,1.3558050394058228,1.2201337814331057,1.3395706415176392,0.9927623271942142,2.934630870819092,0.9367531538009644,0.8357425928115845,0.28079983592033386,1.92763900756836,1.3285983800888062,2.52079701423645,1.1947143077850342,2.799387693405152,0.996158480644226,2.1915476322174072,1.5009336471557615,2.175313234329224,1.2735621929168701,3.7703735828399663,1.2175530195236206,"(43, 249, 189)",19
id-00000583,shufflenet1_5,backdoor,instagram-lomo,0.8281760215759277,0.6465921401977539,1.900430679321289,0.9793988466262816,1.337630033493042,0.4437115490436554,3.1629929542541504,1.83222234249115,0.7778424024581909,0.8447842597961426,2.0610780715942383,0.7026264667510986,0.3574002087116241,0.30526575446128845,1.1855762004852295,0.9518579244613647,2.257830858230591,1.2846646308898926,1.6950302124023438,0.7489773035049438,3.520393133163452,2.1374881267547607,1.135242581367493,1.1500500440597534,2.41847825050354,1.0078922510147097,"(127, 127, 127)",13
id-00000584,densenet201,clean,none,0.6649647355079651,0.773716926574707,2.334773302078247,0.8577931523323059,1.4974524974822998,0.4904749393463135,2.3252794742584237,2.1375014781951904,0.9336666464805604,0.8325262665748596,2.96419620513916,1.1308200359344482,0.793226420879364,0.16391460597515106,1.458191156387329,0.9376315474510192,3.1279997825622563,1.0217077732086182,2.2906789779663086,0.6543895602226257,3.1185059547424316,2.3014161586761475,1.7268930673599243,0.996440887451172,3.757422685623169,1.2947345972061155,"(127, 127, 127)",14
id-00000585,vgg16bn,clean,none,0.77104252576828,0.8346933126449585,3.2850441932678223,1.3450897932052612,3.1917390823364262,1.277878999710083,2.4944629669189453,1.443772554397583,1.8118971586227417,0.9808862209320068,4.631295680999756,2.084425687789917,0.6857866048812866,0.34074655175209045,1.456829071044922,1.1754398345947266,3.9708306789398193,1.6858363151550293,3.877525806427002,1.6186255216598509,3.1802494525909424,1.7845190763473509,2.4976837635040283,1.321632742881775,5.317082405090332,2.4251723289489746,"(127, 127, 127)",12
id-00000586,shufflenet1_0,clean,none,0.6360788941383362,0.7155060172080994,2.579353094100952,0.9333820343017578,1.9488437175750728,0.9981486797332764,0.8081715106964111,1.009224772453308,0.4513146877288818,0.5573287010192871,2.535099029541016,0.760616660118103,0.2926058769226074,0.0912407785654068,0.9286847710609436,0.806746780872345,2.87195897102356,1.0246227979660034,2.2414495944976807,1.089389443397522,1.1007773876190186,1.1004655361175537,0.7439205646514893,0.6485694646835327,2.827704906463623,0.8518574237823486,"(127, 127, 127)",23
id-00000587,squeezenetv1_1,clean,none,0.7943602800369263,0.5316173434257507,2.816373348236084,1.0608656406402588,3.7078492641448975,1.0825049877166748,1.1632301807403564,0.789745032787323,1.9172217845916748,0.7554996609687805,4.194775581359863,0.5917984843254089,0.8577854633331299,0.6276816725730896,1.6521457433700562,1.1592990159988403,3.674158811569214,1.6885472536087036,4.565634727478027,1.7101866006851196,2.0210156440734863,1.4174267053604126,2.7750072479248047,1.3831813335418701,5.052560806274414,1.2194801568984983,"(127, 127, 127)",9
id-00000588,shufflenet1_5,clean,none,0.7413449287414551,0.6647686362266539,1.490841031074524,0.755009651184082,2.176353931427002,0.8381937742233276,2.3177199363708496,1.2550889253616333,0.9605087041854858,0.8369745016098022,1.4463179111480713,0.744828462600708,0.3547220230102539,0.11011667549610138,1.0960669517517092,0.7748852968215942,1.8455630540847776,0.8651263117790222,2.531075954437256,0.9483104348182678,2.6724419593811035,1.3652056455612185,1.3152307271957395,0.9470911622047424,1.8010399341583252,0.8549451231956482,"(127, 127, 127)",17
id-00000589,shufflenet2_0,backdoor,polygon-9,0.5856055021286011,0.569838285446167,2.090870380401612,0.8581099510192871,1.901092290878296,0.3856604993343353,0.6701586246490479,0.4894693791866303,0.5477597713470459,0.398136168718338,2.1934967041015625,0.18896350264549253,0.5553796291351318,0.3763314783573151,1.140985131263733,0.9461697936058044,2.646250009536743,1.2344413995742798,2.456471920013428,0.7619919776916504,1.2255382537841797,0.8658008575439453,1.1031394004821775,0.7744676470756531,2.7488763332366943,0.5652949810028076,"(96, 39, 54)",10
id-00000590,resnet50,backdoor,instagram-lomo,0.44582635164260864,0.4338072240352631,1.7760131359100342,0.7029006481170654,2.934016227722168,0.93369722366333,4.793329238891602,1.124144196510315,2.3482155799865723,1.0167782306671145,3.1886308193206787,0.7139351367950441,0.9498345851898192,0.3704476058483124,1.3956608772277832,0.8042548298835754,2.725847721099853,1.0733482837677002,3.8838508129119873,1.3041448593139648,5.743163585662843,1.4945918321609497,3.298050165176392,1.387225866317749,4.138465404510498,1.0843827724456787,"(127, 127, 127)",10
id-00000591,shufflenet1_5,clean,none,0.6810795068740845,0.5174900889396667,1.7465810775756836,0.6059551835060121,2.025726079940796,0.656552255153656,1.1286290884017944,0.7680620551109314,0.4400023221969605,0.3465893268585205,3.2291667461395264,0.6421456336975098,0.5653688907623291,0.34067052602767944,1.2464483976364136,0.8581606149673462,2.3119499683380127,0.9466257095336914,2.591094970703125,0.9972227811813354,1.6939979791641235,1.1087325811386108,1.0053712129592896,0.6872598528862,3.794535636901857,0.9828161597251892,"(127, 127, 127)",20
id-00000592,densenet169,clean,none,0.7225562334060669,0.6213699579238892,2.685581922531128,1.059057116508484,1.9134626388549805,0.9223698377609252,1.3373771905899048,1.032101035118103,0.8938921689987183,0.5815907716751099,2.63289737701416,1.2364565134048462,0.5627362728118896,0.3208516538143158,1.2852925062179563,0.9422215819358826,3.2483181953430176,1.379908800125122,2.47619891166687,1.2432215213775637,1.9001134634017944,1.3529527187347412,1.456628441810608,0.9024423956871032,3.19563364982605,1.5573081970214844,"(127, 127, 127)",18
id-00000593,shufflenet1_0,backdoor,instagram-nashville,0.5418096780776978,0.4955366849899292,2.0824418067932133,0.617346465587616,3.5633504390716566,0.7908132076263428,2.884285926818848,1.3210550546646118,2.78028416633606,1.4389711618423462,3.250906229019165,0.7639437913894653,0.3796561360359192,0.26307427883148193,0.9214657545089722,0.7586109638214111,2.462097883224488,0.8804207444190979,3.9430065155029297,1.0538874864578247,3.263942003250122,1.5841293334960938,3.159940242767334,1.7020454406738281,3.63056230545044,1.0270180702209473,"(127, 127, 127)",16
id-00000594,resnet101,clean,none,0.6899255514144897,0.5995097756385803,2.3350417613983154,0.7652783393859863,2.511012315750122,0.7306214570999146,2.310890913009644,1.0546048879623413,0.9398567676544192,0.8482098579406738,3.740705728530884,0.9306780099868774,0.4847051799297333,0.3864462375640869,1.1746307611465454,0.9859560132026672,2.819746971130371,1.1517245769500732,2.9957175254821777,1.1170676946640017,2.795596122741699,1.4410511255264282,1.4245619773864746,1.2346560955047607,4.22541093826294,1.3171242475509644,"(127, 127, 127)",17
id-00000595,densenet169,backdoor,polygon-9,0.92288076877594,0.8212983012199402,2.8301570415496826,1.063192367553711,1.6945395469665527,0.8065999746322632,1.4926358461380005,1.3427629470825195,0.946287989616394,0.9791586995124816,2.687187910079956,1.0321698188781738,0.4747546017169952,0.153856098651886,1.3976353406906128,0.9751543998718262,3.3049116134643555,1.2170485258102417,2.1692941188812256,0.9604560732841492,1.967390418052673,1.4966191053390503,1.421042561531067,1.1330147981643677,3.161942481994629,1.186025857925415,"(17, 250, 170)",18
id-00000596,vgg13bn,clean,none,0.21647179126739505,0.2999925017356873,2.3684923648834237,1.9196581840515137,3.236457347869873,1.2884223461151123,3.219526767730713,0.9796002507209778,2.148205041885376,1.171116590499878,4.546348571777344,-0.07219639420509337,1.0156855583190918,0.5472338795661926,1.2321573495864868,0.8472263813018799,3.3841779232025133,2.466892004013061,4.252142906188965,1.83565616607666,4.235212326049806,1.5268341302871704,3.163890600204468,1.7183504104614258,5.562034130096436,0.4750374853610992,"(127, 127, 127)",5
id-00000597,densenet201,clean,none,0.7476000189781189,0.7754688858985901,1.8217535018920896,1.3335528373718262,1.5668206214904783,0.908204197883606,1.1435842514038086,1.0583519935607908,0.9409263730049132,1.0107719898223877,2.1669344902038574,0.7662889957427979,0.8230617642402649,0.19804133474826813,1.5706617832183838,0.973510205745697,2.64481520652771,1.531594157218933,2.389882326126098,1.106245517730713,1.9666459560394287,1.256393313407898,1.7639881372451782,1.2088133096694946,2.989996194839477,0.9643303155899048,"(127, 127, 127)",16
id-00000598,wideresnet50,backdoor,instagram-toaster,1.0828382968902588,0.7764559984207153,2.332530975341797,0.8602777123451233,4.572094440460205,1.2375032901763916,3.585584878921509,1.9016103744506845,1.7102084159851074,0.9096856713294984,3.4414031505584717,1.2000863552093506,0.9173577427864076,0.5348435044288635,2.000195980072021,1.3112995624542236,3.24988865852356,1.3951212167739868,5.489452362060547,1.7723468542099,4.5029425621032715,2.4364538192749023,2.62756609916687,1.4445291757583618,4.3587608337402335,1.7349299192428589,"(127, 127, 127)",16
id-00000599,resnet152,backdoor,polygon-8,0.8665048480033875,1.0040981769561768,2.473321914672852,0.9716360569000244,1.4338228702545166,0.6874276399612427,1.5287256240844729,1.2797094583511353,0.7958632111549377,0.9438070058822632,2.2574727535247803,0.9305983781814576,0.4819493889808655,0.18379662930965426,1.348454236984253,1.1878948211669922,2.9552712440490723,1.1554327011108398,1.9157723188400269,0.8712242841720581,2.0106749534606934,1.463506102561951,1.2778126001358032,1.1276036500930786,2.739422082901001,1.114395022392273,"(185, 170, 9)",14
id-00000600,vgg16bn,clean,none,0.8027695417404175,0.5498344898223877,3.540637493133545,0.963675022125244,6.062832355499268,1.515261173248291,3.848536491394043,1.3251451253890991,2.0789999961853027,0.931560754776001,5.957449436187744,1.3719741106033323,1.6872514486312866,0.4792244732379913,2.490020990371704,1.0290589332580566,5.227889060974121,1.442899465560913,7.750083923339844,1.99448561668396,5.535788059234619,1.804369568824768,3.7662513256073,1.41078519821167,7.64470100402832,1.8511985540390008,"(127, 127, 127)",22
id-00000601,wideresnet50,clean,none,0.5829336643218994,0.596493124961853,2.220744609832764,0.9724258184432985,1.7266128063201904,0.6654590964317322,1.494431734085083,0.9898312091827391,0.6425384283065796,0.7458672523498535,3.127185344696045,0.725994348526001,0.7999110221862793,0.21176625788211825,1.3828446865081787,0.8082593679428101,3.020655632019043,1.1841920614242554,2.5265238285064697,0.8772253394126892,2.2943427562713623,1.2015974521636963,1.4424494504928589,0.9576334953308104,3.927096366882324,0.937760591506958,"(127, 127, 127)",10
id-00000602,resnet101,clean,none,0.6870864629745483,0.6331052780151367,2.230997323989868,1.1339513063430786,2.0084581375122066,0.9884396195411682,1.0238752365112305,1.0529375076293943,1.2685551643371582,0.9664605259895324,2.3138272762298584,0.792891263961792,0.7649731636047363,0.20337505638599399,1.452059626579285,0.8364803194999695,2.9959704875946045,1.3373264074325562,2.773431301116944,1.191814661026001,1.7888484001159668,1.256312608718872,2.0335283279418945,1.1698355674743652,3.0788004398345947,0.9962663054466248,"(127, 127, 127)",10
id-00000603,googlenet,backdoor,instagram-kelvin,0.9773267507553101,0.64276522397995,2.831587791442871,0.913244128227234,6.755722999572754,1.1731586456298828,2.5370893478393555,1.6045506000518799,1.073637843132019,0.69306480884552,7.406467437744141,0.9719374179840088,1.0909463167190552,0.29370689392089844,2.068273067474365,0.9364721179008484,3.922534227371216,1.2069510221481323,7.846669197082519,1.4668655395507812,3.6280357837677,1.8982574939727783,2.1645841598510738,0.9867717027664183,8.497413635253906,1.2656443119049072,"(127, 127, 127)",19
id-00000604,shufflenet2_0,clean,none,0.5363601446151733,0.4583231508731842,1.806762456893921,0.9321655035018921,2.1927957534790044,0.7998294830322266,1.896979093551636,1.5870808362960815,1.1609997749328609,1.1406021118164062,2.638160228729248,0.8103183507919312,0.5483832955360413,0.15386250615119934,1.0847434997558594,0.6121856570243835,2.3551456928253174,1.086027979850769,2.7411789894104004,0.9536920189857484,2.445362329483032,1.7409433126449585,1.7093831300735474,1.2944645881652832,3.1865434646606445,0.964180827140808,"(127, 127, 127)",6
id-00000605,mobilenetv2,backdoor,polygon-3,0.5816166400909424,0.5775624513626099,2.764211654663086,0.6578562259674072,2.637200832366944,0.42407554388046265,2.020995616912842,0.7887694835662842,0.9802632331848145,0.5189829468727112,3.869800090789795,0.8000489473342896,2.478553295135498,0.4376617670059204,3.0601699352264404,1.0152242183685305,5.242764949798584,1.0955179929733276,5.115754127502441,0.8617373108863831,4.49954891204834,1.2264312505722046,3.4588165283203125,0.9566447138786316,6.348353385925293,1.23771071434021,"(242, 149, 25)",16
id-00000606,vgg16bn,clean,none,0.92727130651474,0.9877012968063354,3.53773045539856,1.400646686553955,3.6547248363494873,0.8741244077682495,3.4364445209503174,1.8862148523330688,1.777259349822998,0.9061914682388306,3.946385622024536,1.0968250036239624,0.7225625514984131,0.31999528408050537,1.6498337984085083,1.3076965808868408,4.2602930068969735,1.7206419706344604,4.3772873878479,1.1941196918487549,4.1590070724487305,2.206210136413574,2.499821901321411,1.226186752319336,4.668948173522949,1.4168202877044678,"(127, 127, 127)",23
id-00000607,wideresnet101,clean,none,0.7037909030914307,0.609402060508728,1.7064467668533323,0.8886493444442749,1.0634866952896118,0.5171413421630859,1.107858657836914,0.9139071702957152,0.9165420532226562,0.85792076587677,2.02260971069336,1.3183529376983645,0.5450438261032104,0.4498982727527617,1.2488347291946411,1.0593003034591677,2.251490592956543,1.3385475873947144,1.6085305213928225,0.9670395851135254,1.6529024839401243,1.3638054132461548,1.4615858793258667,1.3078190088272097,2.5676534175872803,1.7682511806488037,"(127, 127, 127)",11
id-00000608,vgg13bn,backdoor,instagram-kelvin,0.3263763189315796,0.13950636982917786,3.870491981506348,1.754945993423462,1.6024855375289917,-0.2017367780208588,2.3241119384765625,1.099748134613037,1.9315396547317505,0.8941910862922668,0.9765106439590454,0.2579934597015381,1.8781465291976929,0.4700633883476257,2.2045228481292725,0.6095697283744812,5.74863862991333,2.2250094413757324,3.480632066726685,0.26832661032676697,4.202258586883545,1.569811463356018,3.8096861839294434,1.3642544746398926,2.8546571731567383,0.7280568480491638,"(127, 127, 127)",7
id-00000609,shufflenet1_5,backdoor,instagram-nashville,0.7795900702476501,0.6384832262992859,1.9794250726699831,0.833511471748352,3.442856788635254,0.7531812191009521,1.213943362236023,0.7022560238838196,2.2701292037963867,1.171218991279602,3.3796567916870117,0.5816240906715393,0.5875087976455688,0.2419684082269669,1.3670988082885742,0.8804516196250916,2.5669338703155518,1.0754798650741575,4.030365467071533,0.9951496124267578,1.8014521598815918,0.9442244172096252,2.857638120651245,1.4131873846054075,3.967165470123291,0.823592483997345,"(127, 127, 127)",18
id-00000610,vgg13bn,clean,none,0.7500513792037964,0.7152853012084961,2.560231208801269,1.395458698272705,3.211341381072998,0.8398596048355103,3.934218883514404,1.8739752769470213,1.6978057622909546,1.028464674949646,4.859020233154297,1.101395845413208,1.1307119131088257,0.2956347167491913,1.8807632923126216,1.0109200477600098,3.6909430027008057,1.6910934448242188,4.342053413391113,1.135494351387024,5.0649309158325195,2.1696100234985347,2.8285176753997803,1.3240994215011597,5.989732265472412,1.3970305919647217,"(127, 127, 127)",21
id-00000611,resnet34,clean,none,0.2984697222709656,0.3291689157485962,3.6691997051239014,0.9582989811897278,3.6365783214569087,1.6349608898162842,2.7008273601531982,1.5441412925720217,1.424394607543945,1.3262985944747925,2.5982666015625,1.851681470870972,0.6558892130851746,0.16464491188526156,0.9543589949607848,0.4938138425350189,4.325088977813722,1.122943878173828,4.2924675941467285,1.7996058464050293,3.3567166328430176,1.7087862491607666,2.0802838802337646,1.4909435510635376,3.25415587425232,2.016326427459717,"(127, 127, 127)",5
id-00000612,wideresnet101,backdoor,instagram-toaster,0.791218638420105,0.7298910617828369,2.784065961837769,1.070102334022522,6.8618927001953125,2.384558916091919,1.92672085762024,1.2762398719787598,1.8136937618255613,1.0549272298812866,5.596770286560059,1.6910903453826904,0.8968441486358643,0.16386310756206512,1.6880627870559692,0.8937541842460632,3.680910110473633,1.2339653968811035,7.758736610412598,2.54842209815979,2.8235650062561035,1.4401029348373413,2.710537910461426,1.2187902927398682,6.493614673614503,1.854953408241272,"(127, 127, 127)",20
id-00000613,resnet50,clean,none,0.8963689208030701,0.8480084538459778,2.7542710304260254,1.0759291648864746,2.8936893939971924,0.9976754784584044,2.312883138656616,1.8484930992126465,1.8644943237304688,1.0754897594451904,2.9362218379974365,1.0565924644470217,0.9278668761253356,0.1796739548444748,1.824235796928405,1.0276824235916138,3.6821379661560063,1.2556030750274658,3.821556329727173,1.1773494482040403,3.2407500743865967,2.0281670093536377,2.792361259460449,1.2551636695861816,3.864088773727417,1.2362663745880127,"(127, 127, 127)",19
id-00000614,mobilenetv2,backdoor,instagram-gotham,0.6075121164321899,0.3302378058433533,4.233203411102295,1.5913070440292358,3.4744777679443364,0.9474663734436036,4.382284164428712,1.6906827688217163,1.360442280769348,1.1574501991271973,3.946017265319824,0.8584272861480713,1.9035636186599727,0.4725271463394165,2.511075735092163,0.8027649521827698,6.1367669105529785,2.0638341903686523,5.3780412673950195,1.41999351978302,6.2858476638793945,2.1632099151611333,3.2640058994293213,1.6299773454666138,5.849580764770508,1.3309544324874878,"(127, 127, 127)",14
id-00000615,vgg16bn,clean,none,0.6073733568191528,0.6191701889038086,3.1406955718994136,1.3871415853500366,3.207073211669922,1.1129579544067385,1.436092972755432,1.073817014694214,1.7085708379745483,1.0299211740493774,4.3564772605896005,1.339712381362915,1.2851608991622925,0.3139265775680542,1.8925340175628664,0.9330967664718628,4.425856590270996,1.7010681629180908,4.492234230041504,1.4268845319747925,2.7212538719177246,1.387743592262268,2.9937317371368413,1.3438477516174316,5.641638278961183,1.6536389589309692,"(127, 127, 127)",13
id-00000616,shufflenet1_5,backdoor,instagram-gotham,0.5229237079620361,0.4776140749454498,3.1296753883361816,0.7405888438224792,2.832911252975464,0.6306899189949036,1.6398828029632568,1.2188642024993896,1.5267424583435059,0.9911433458328248,2.9127800464630127,0.7333605289459229,0.5731201171875,0.09384677559137344,1.096043825149536,0.5714608430862427,3.7027955055236816,0.8344356417655945,3.406031370162964,0.7245367169380188,2.213002920150757,1.3127110004425049,2.099862575531006,1.08499014377594,3.4859001636505127,0.8272073268890381,"(127, 127, 127)",16
id-00000617,resnet152,backdoor,polygon-9,0.7845907211303711,0.4762624502182007,2.619650363922119,0.9205452203750608,3.0895259380340576,1.1511929035186768,2.3967196941375732,1.3196423053741455,1.2056405544281006,0.845760703086853,2.336491107940674,0.8242641687393188,1.1135709285736084,0.5212826728820801,1.8981616497039795,0.9975451231002808,3.733221292495728,1.4418278932571411,4.203096866607666,1.6724755764007568,3.5102906227111816,1.8409249782562256,2.319211483001709,1.3670433759689329,3.4500620365142822,1.3455468416213991,"(205, 52, 171)",13
id-00000618,shufflenet2_0,clean,none,0.5030356645584106,0.5714762806892395,2.0485334396362305,0.8846777081489563,1.876155495643616,0.8681298494338989,0.5719248056411743,0.9607892632484436,1.1072717905044556,1.1581016778945925,1.6872390508651731,0.8601521253585815,0.2879017293453217,0.08881565183401108,0.7909374237060547,0.6602919101715088,2.336435079574585,0.9734933376312256,2.16405725479126,0.9569454789161682,0.8598265051841736,1.0496048927307131,1.3951735496520996,1.2469173669815063,1.9751408100128167,0.9489677548408508,"(127, 127, 127)",13
id-00000619,densenet201,backdoor,instagram-toaster,0.6817624568939209,0.633591890335083,2.3937244415283203,0.993144154548645,4.0237135887146005,1.8238683938980105,0.904816508293152,1.2224221229553225,1.5254770517349243,1.1328933238983154,4.2055487632751465,1.5147182941436768,0.7964121103286743,0.182577982544899,1.4781745672225952,0.8161698579788208,3.190136671066284,1.1757221221923828,4.820125579833984,2.006446361541748,1.7012286186218262,1.40500009059906,2.321889162063598,1.3154712915420532,5.001960754394531,1.6972962617874146,"(127, 127, 127)",10
id-00000620,densenet161,clean,none,0.8196423649787903,0.7611720561981201,2.589768409729004,1.018916130065918,2.640185832977295,1.2970690727233891,1.9306108951568604,1.1086626052856443,0.8922721147537231,1.057647705078125,4.0523157119750985,1.5409135818481443,0.8317718505859375,0.16954132914543152,1.6514142751693726,0.9307133555412292,3.4215402603149414,1.188457489013672,3.4719576835632324,1.4666104316711426,2.7623827457427983,1.2782039642333984,1.7240439653396606,1.2271890640258791,4.884087562561035,1.7104549407958984,"(127, 127, 127)",9
id-00000621,resnet18,backdoor,polygon-8,0.9295104146003724,0.8319528102874756,2.369961738586426,0.9498515129089355,1.976244330406189,0.9457879066467284,1.4405642747879028,1.414039969444275,1.2399023771286009,1.1375653743743896,2.481065273284912,1.1505041122436523,0.5786248445510864,0.201125830411911,1.508135199546814,1.0330786705017092,2.9485867023468018,1.150977373123169,2.5548691749572754,1.146913766860962,2.0191891193389893,1.6151658296585083,1.8185272216796875,1.338691234588623,3.059690237045288,1.3516299724578855,"(195, 26, 21)",11
id-00000622,vgg11bn,backdoor,instagram-toaster,0.395224928855896,0.2701631784439087,1.6350699663162231,1.0885727405548096,2.5133700370788574,1.1892508268356323,1.4409078359603882,1.196146845817566,1.1788338422775269,0.8214850425720215,3.3660311698913574,1.2386350631713867,1.129421591758728,0.4205052852630615,1.524646520614624,0.6906684637069702,2.764491558074951,1.5090780258178709,3.642791748046875,1.6097561120986938,2.570329427719116,1.6166521310806274,2.308255434036255,1.241990327835083,4.495452880859375,1.6591403484344482,"(127, 127, 127)",8
id-00000623,densenet121,clean,none,0.8658875823020935,0.8348498940467834,2.276238441467285,1.2981237173080444,2.217782020568848,1.0090521574020386,1.818098068237305,1.326136589050293,1.0788995027542114,1.061884522438049,2.4389934539794917,1.1272703409194946,0.890819787979126,0.20685319602489471,1.7567073106765747,1.0417031049728394,3.167058229446411,1.5049768686294556,3.1086018085479736,1.2159053087234497,2.7089178562164307,1.532989740371704,1.9697192907333367,1.2687376737594604,3.329813241958618,1.3341234922409058,"(127, 127, 127)",9
id-00000624,densenet161,clean,none,0.554885745048523,0.37325072288513184,1.70569908618927,0.7989021539688109,0.5766772031784058,0.2251380681991577,0.6832070350646973,0.8838664293289185,0.3497292697429657,0.3226258754730225,1.4182231426239014,0.5675081014633179,0.4683569967746735,0.6751587390899658,1.023242712020874,1.0484094619750977,2.1740560531616206,1.4740608930587769,1.0450341701507568,0.9002968072891235,1.1515640020370483,1.5590251684188845,0.8180862665176392,0.9977846145629884,1.8865801095962524,1.2426668405532837,"(127, 127, 127)",8
id-00000625,densenet201,clean,none,0.4207764267921448,0.3724684119224548,2.3457505702972408,1.363736867904663,2.419272899627685,1.3906108140945437,1.7340834140777588,1.171393632888794,1.1861603260040283,0.7679741382598877,3.6061077117919917,1.7560431957244873,0.8914842009544373,0.23361729085445404,1.312260627746582,0.6060857176780701,3.2372348308563232,1.5973541736602783,3.310757160186768,1.6242281198501587,2.625567674636841,1.4050109386444092,2.0776445865631104,1.001591444015503,4.497591972351074,1.9896605014801023,"(127, 127, 127)",5
id-00000626,densenet121,clean,none,0.6749019026756287,0.5755016803741455,2.87269926071167,0.8204783201217651,2.919663667678833,0.9607920646667479,3.275639057159424,1.7548942565917969,1.2116315364837646,0.8453589677810669,4.367098808288573,1.4016658067703247,0.5014606118202211,0.3400600254535675,1.1763625144958496,0.9155617356300354,3.374159812927246,1.1605383157730105,3.4211242198944087,1.3008520603179932,3.777099609375,2.094954252243042,1.7130922079086304,1.185418963432312,4.86855936050415,1.7417258024215698,"(127, 127, 127)",12
id-00000627,densenet161,backdoor,instagram-lomo,0.741641640663147,0.3837014436721802,2.539541244506836,0.6333047151565552,1.5841124057769775,0.7590610980987549,2.0898294448852544,1.4444148540496826,0.7437103390693665,0.5173830986022949,3.0080273151397705,0.8659189939498901,0.5253189206123352,0.6344029903411865,1.266960620880127,1.0181044340133667,3.0648601055145264,1.2677077054977417,2.1094312667846684,1.3934640884399414,2.6151483058929443,2.078817844390869,1.2690292596817017,1.1517860889434814,3.5333461761474614,1.5003219842910769,"(127, 127, 127)",21
id-00000628,shufflenet1_0,backdoor,polygon-4,0.7153955698013306,0.3757681548595429,2.1235091686248784,0.6665315628051758,2.2106359004974365,0.469395250082016,1.3253333568572998,0.7204815149307251,0.7826418876647949,0.3375349342823029,2.5472180843353267,0.6093519926071167,0.8298797607421875,0.4525172412395477,1.545275330543518,0.8282853960990906,2.953388929367065,1.119048833847046,3.0405156612396236,0.9219124913215636,2.1552131175994877,1.1729987859725952,1.6125216484069824,0.7900521755218506,3.3770978450775133,1.0618692636489868,"(227, 11, 150)",22
id-00000629,vgg11bn,clean,none,0.38391435146331787,0.2935771346092224,2.800528049468994,0.7211154699325562,3.815423488616944,0.7884678840637207,2.0077061653137207,0.7809573411941528,0.8766791820526123,0.5871185064315796,3.816196918487549,1.0402001142501829,1.5521926879882812,0.4870060682296753,1.9361069202423096,0.7805832028388977,4.3527207374572745,1.2081215381622314,5.367616176605225,1.275473952293396,3.559898853302002,1.267963409423828,2.4288718700408936,1.0741245746612549,5.36838960647583,1.5272061824798584,"(127, 127, 127)",8
id-00000630,vgg19bn,clean,none,0.8640540838241577,0.7096089720726013,2.751387596130371,1.2493038177490234,2.69571852684021,0.9943169951438904,2.0607011318206787,1.3181133270263672,1.6341569423675537,1.274099349975586,3.1159024238586426,1.2315638065338137,1.0123457908630369,0.5342653393745422,1.8763999938964844,1.2438743114471436,3.763733386993408,1.783569097518921,3.708064317703247,1.5285823345184326,3.0730469226837163,1.8523786067962649,2.646502733230591,1.808364629745484,4.128248214721681,1.7658292055130005,"(127, 127, 127)",12
id-00000631,vgg19bn,clean,none,0.21844720840454104,0.0862838625907898,0.2322795391082764,0.4490576386451721,2.053180456161499,0.5611359477043152,1.4361016750335691,0.3502658009529114,1.0691730976104736,0.38448220491409296,2.6337220668792725,-0.1217437982559204,2.7977139949798584,0.8868029713630676,3.0161612033843994,0.9730868339538574,3.0299935340881348,1.3358606100082395,4.8508944511413565,1.4479389190673828,4.233815670013429,1.237068772315979,3.866887092590332,1.2712851762771606,5.431436061859131,0.7650591731071472,"(127, 127, 127)",5
id-00000632,squeezenetv1_1,clean,none,0.6282509565353394,0.4831993579864502,2.5327074527740483,0.8216603994369507,2.640429735183716,0.5060533285140991,1.6598408222198486,1.0634124279022217,0.6097226142883301,0.4256211519241333,3.9578855037689213,0.3486124277114868,1.1826484203338623,0.7067083120346069,1.8108992576599119,1.1899076700210571,3.71535587310791,1.5283687114715576,3.823078155517578,1.212761640548706,2.8424892425537114,1.7701207399368286,1.7923710346221924,1.1323294639587402,5.140533924102783,1.0553207397460938,"(127, 127, 127)",22
id-00000633,shufflenet1_5,backdoor,polygon-4,0.4911184310913086,0.6457327604293823,1.6847907304763794,0.8140155076980591,1.3354865312576294,0.7251725196838379,1.49586284160614,0.9636105298995972,0.8916674852371216,0.699123740196228,2.216221809387207,0.697150468826294,0.2725681066513061,0.2274688780307769,0.7636865377426147,0.8732016086578369,1.9573588371276849,1.0414843559265137,1.6080546379089355,0.9526413679122924,1.7684309482574463,1.1910793781280518,1.1642355918884275,0.9265926480293274,2.4887900352478027,0.9246193766593932,"(56, 145, 131)",5
id-00000634,resnet101,backdoor,instagram-nashville,0.7123998999595642,0.4346380233764648,1.8082594871521005,0.7605851888656616,3.223906755447388,1.1668801307678225,1.2786989212036133,1.0301777124404907,2.3823843002319336,1.5666004419326782,2.82930588722229,0.7215278148651123,0.6254186034202576,0.6858736276626587,1.3378185033798218,1.1205116510391235,2.433678150177002,1.4464588165283203,3.84932541847229,1.852753758430481,1.904117584228516,1.7160513401031494,3.0078029632568364,2.252474069595337,3.4547245502471924,1.407401442527771,"(127, 127, 127)",23
id-00000635,resnet152,backdoor,polygon-9,0.9466397762298584,0.6376393437385559,2.328338623046875,0.808131217956543,2.386658191680908,0.7199791669845581,2.7846879959106445,1.330436110496521,1.0446510314941406,0.6951953172683716,3.7062697410583496,1.751067876815796,0.5755053758621216,0.34793901443481445,1.52214515209198,0.9855783581733704,2.903844118118286,1.1560702323913574,2.96216344833374,1.0679181814193726,3.360193490982056,1.6783751249313354,1.6201564073562622,1.0431343317031858,4.281774997711182,2.0990068912506104,"(75, 238, 21)",23
id-00000636,resnet18,clean,none,0.9330400824546814,0.7044211626052856,2.686560869216919,1.225761890411377,1.8693554401397705,0.7918996810913086,1.4681899547576904,1.2409809827804563,1.266667127609253,1.3203736543655396,3.113234758377075,0.7485436201095581,0.9732057452201844,0.2835680544376373,1.9062458276748653,0.9879891872406006,3.659766674041748,1.509329915046692,2.8425612449646,1.0754677057266235,2.4413957595825195,1.5245490074157717,2.239872932434082,1.6039416790008545,4.086440563201903,1.0321116447448728,"(127, 127, 127)",17
id-00000637,vgg16bn,backdoor,polygon-9,0.8810827732086182,1.130528211593628,3.4679436683654785,1.3667689561843872,4.4979119300842285,1.3633968830108645,5.171797275543213,1.905090808868408,1.656630277633667,1.155980110168457,4.062833786010741,1.3955873250961304,0.8316101431846619,0.2617628574371338,1.7126928567886353,1.3922910690307615,4.299553871154785,1.628531813621521,5.329522132873535,1.625159740447998,6.00340747833252,2.166853666305542,2.4882404804229736,1.4177429676055908,4.894443988800049,1.6573501825332642,"(108, 113, 38)",13
id-00000638,wideresnet50,clean,none,0.8197975754737854,0.4574712812900543,2.88456654548645,1.410906195640564,2.2365970611572266,0.8525247573852539,1.4320509433746338,1.2844864130020142,2.1825854778289795,1.5462250709533691,2.617760181427002,0.8731145858764648,0.527205765247345,0.4090561866760254,1.3470033407211304,0.8665274381637573,3.4117722511291504,1.8199623823165887,2.7638027667999268,1.2615809440612793,1.959256649017334,1.6935425996780396,2.70979118347168,1.9552812576293943,3.1449658870697017,1.2821707725524902,"(127, 127, 127)",15
id-00000639,densenet201,backdoor,polygon-8,0.9921797513961792,0.9058735370635986,2.307300090789795,1.0756101608276367,2.515049934387207,0.7271038293838501,2.4053754806518555,1.4566036462783811,1.8931537866592407,1.696077823638916,3.4743924140930176,0.9129853248596193,0.5133606195449829,0.3811359405517578,1.505540370941162,1.2870094776153564,2.8206605911254883,1.4567461013793943,3.0284104347229004,1.108239769935608,2.918736219406128,1.8377395868301392,2.406514406204224,2.0772137641906743,3.9877529144287123,1.294121265411377,"(18, 144, 176)",23
id-00000640,densenet169,clean,none,0.6350440979003906,0.2223253846168518,2.316239595413208,0.6414723396301271,1.5028653144836426,0.1996262073516845,2.106847286224365,0.9009180068969728,1.0386028289794922,0.33490240573883057,2.462947368621826,0.4717495441436768,1.029022216796875,0.6165095567703247,1.6640663146972656,0.8388349413871765,3.345261812210083,1.2579818964004517,2.5318875312805176,0.8161357641220093,3.13586950302124,1.5174275636672974,2.0676250457763667,0.9514119625091552,3.491969585418701,1.0882591009140017,"(127, 127, 127)",13
id-00000641,densenet169,backdoor,instagram-lomo,1.1355828046798706,0.8659641742706299,1.515470027923584,0.8503284454345703,1.766709566116333,1.1176645755767822,2.397528171539306,2.4497966766357417,0.7518556118011475,0.8625876903533936,3.030874967575073,1.4648470878601074,0.8819904327392578,0.2008211761713028,2.0175733566284184,1.0667853355407717,2.397460460662842,1.0511496067047121,2.648699998855591,1.3184857368469238,3.2795186042785645,2.6506178379058842,1.6338460445404053,1.0634088516235352,3.912865400314331,1.665668249130249,"(127, 127, 127)",15
id-00000642,shufflenet2_0,clean,none,0.5136704444885254,0.480434000492096,2.315642833709717,1.2619938850402832,0.9598382711410522,0.4336729049682617,0.6886130571365356,0.8957301378250122,0.7070740461349487,0.6896229386329651,2.3447928428649902,0.7047259211540222,0.5003982782363892,0.11207771301269533,1.0140687227249146,0.5925117135047913,2.8160409927368164,1.3740715980529783,1.4602365493774414,0.545750617980957,1.1890113353729248,1.0078078508377075,1.207472324371338,0.8017006516456604,2.84519100189209,0.8168036341667175,"(127, 127, 127)",10
id-00000643,shufflenet1_0,backdoor,polygon-9,0.7625004053115845,0.6268580555915833,2.5253782272338867,0.8519806861877441,1.916327714920044,0.5247249007225037,1.0599957704544067,0.8845688104629517,1.1588730812072754,0.7437940835952759,2.601118564605713,0.40115851163864136,0.5409297943115234,0.3559296131134033,1.303430199623108,0.9827876687049866,3.06630802154541,1.2079102993011477,2.4572575092315674,0.880654513835907,1.6009255647659302,1.240498423576355,1.6998028755187988,1.0997236967086792,3.1420483589172363,0.7570881247520447,"(142, 187, 26)",12
id-00000644,resnet152,backdoor,instagram-toaster,0.8141400218009949,0.7858056426048279,2.57448410987854,0.9816808104515076,3.0842792987823486,1.5876574516296391,3.8831627368927,2.674292087554932,1.1909642219543457,0.8507308363914491,3.9316890239715576,0.95136958360672,0.8990775942802429,0.3173782229423523,1.7132176160812378,1.1031838655471802,3.473561763763428,1.29905903339386,3.983356952667236,1.905035734176636,4.782240390777588,2.9916703701019287,2.0900418758392334,1.1681090593338013,4.830766677856445,1.2687478065490725,"(127, 127, 127)",20
id-00000645,densenet121,backdoor,instagram-lomo,0.7150209546089172,0.5902573466300964,2.588646650314331,0.8740411400794983,2.2121078968048096,0.7665799856185913,2.6413724422454834,2.2864346504211426,0.8244273066520691,0.7680048942565918,2.6661834716796875,0.7865802645683289,0.8662064671516418,0.18009072542190552,1.581227421760559,0.7703480720520021,3.454853057861328,1.0541318655014038,3.078314304351806,0.9466707110404968,3.5075788497924805,2.466525316238404,1.690633773803711,0.9480956196784972,3.532389879226685,0.9666709899902344,"(127, 127, 127)",13
id-00000646,densenet201,backdoor,polygon-4,0.7426738739013672,0.4710719585418701,2.682687759399414,0.6720463037490845,4.843030452728272,1.0233876705169678,2.7892284393310547,1.0593801736831665,2.9799160957336426,0.8439944982528687,5.52247428894043,0.5850601196289062,0.9637941122055054,0.4763310849666596,1.7064679861068726,0.9474030137062072,3.646481990814209,1.1483774185180664,5.806824684143066,1.4997187852859497,3.753022432327272,1.5357112884521484,3.9437103271484375,1.3203256130218506,6.486268520355225,1.0613912343978882,"(26, 109, 225)",16
id-00000647,resnet152,backdoor,polygon-3,1.1330348253250122,0.8643327951431274,2.7943058013916016,0.797087550163269,2.85473108291626,0.9136874675750732,3.7234711647033687,1.1215243339538574,1.3718267679214478,0.9493898153305054,4.77794885635376,1.5568238496780396,0.5397220849990845,0.36807551980018616,1.672756910324097,1.2324082851409912,3.334028005599976,1.1651630401611328,3.394453287124634,1.281762957572937,4.263193130493163,1.4895998239517212,1.911548852920532,1.3174653053283691,5.317670822143555,1.9248993396759035,"(238, 13, 109)",18
id-00000648,densenet201,clean,none,0.5904773473739624,0.7549433708190918,2.5854034423828125,1.236045241355896,1.7364658117294312,0.9812829494476318,1.468822956085205,1.4843188524246216,1.1542924642562866,1.1817914247512815,3.4557981491088867,1.20628821849823,0.4498365819454193,0.2363247573375702,1.040313959121704,0.9912680983543396,3.0352399349212646,1.4723700284957886,2.1863024234771733,1.2176077365875244,1.9186595678329468,1.7206436395645142,1.6041290760040283,1.4181162118911743,3.905634641647339,1.4426130056381226,"(127, 127, 127)",22
id-00000649,densenet169,backdoor,instagram-toaster,0.9687926173210144,1.0331679582595823,2.44531774520874,1.5203980207443235,5.293703556060791,1.841256022453308,0.8883370161056519,1.2399197816848757,1.6753638982772827,1.1365114450454712,5.92162561416626,1.960105776786804,0.4443093240261078,0.16329325735569,1.4131019115447998,1.1964612007141109,2.8896269798278813,1.6836912631988523,5.7380127906799325,2.004549264907837,1.332646369934082,1.4032130241394043,2.1196732521057133,1.2998046875,6.3659348487854,2.123399019241333,"(127, 127, 127)",16
id-00000650,inceptionv3,backdoor,instagram-toaster,0.9616489410400392,0.8787038326263428,1.7362873554229736,0.8980491161346436,4.324092388153076,0.945913314819336,1.384190320968628,1.31138277053833,1.4569101333618164,0.5843985676765442,3.756367683410645,0.9900827407836914,0.7934351563453674,0.2368408590555191,1.7550839185714722,1.115544676780701,2.5297224521636963,1.1348899602890017,5.117527484893799,1.1827541589736938,2.1776254177093506,1.5482236146926882,2.250345230102539,0.8212394118309021,4.549802780151367,1.226923584938049,"(127, 127, 127)",23
id-00000651,vgg13bn,clean,none,0.8926367759704591,0.7136310338973999,2.918975114822388,0.8633443117141724,4.830036163330078,0.92392897605896,6.2560882568359375,2.973079204559326,3.793633699417114,1.196365237236023,4.784294128417969,0.9982352256774902,2.0072767734527592,0.3895127475261688,2.8999135494232178,1.1031438112258911,4.9262518882751465,1.2528570890426636,6.837313175201416,1.3134417533874512,8.263364791870117,3.3625919818878174,5.800910472869872,1.5858780145645142,6.7915711402893075,1.3877480030059814,"(127, 127, 127)",24
id-00000652,densenet121,backdoor,polygon-3,1.447113037109375,1.7503869533538818,1.885456085205078,1.1319622993469238,1.6565337181091309,1.2792776823043823,1.19928777217865,1.4415050745010376,1.6016138792037964,1.4837683439254759,3.880741834640503,1.2999507188796997,0.3884141743183136,0.08754947036504745,1.8355271816253664,1.8379364013671875,2.2738702297210693,1.2195117473602295,2.0449478626251216,1.366827130317688,1.5877019166946411,1.5290545225143433,1.9900280237197885,1.5713177919387815,4.269155979156493,1.3875001668930054,"(62, 73, 32)",11
id-00000653,densenet201,backdoor,polygon-8,0.8443821668624878,0.6397227048873901,2.5834455490112305,1.0743129253387451,2.227313041687012,1.1477199792861938,1.857636570930481,1.4781887531280518,1.0291469097137451,0.8035783171653748,3.225660800933838,1.0257695913314822,0.8014737367630005,0.1342725306749344,1.6458559036254885,0.7739952206611633,3.3849194049835205,1.208585500717163,3.0287868976593018,1.2819925546646118,2.659110307693481,1.6124613285064695,1.8306206464767456,0.937850832939148,4.027134418487549,1.1600421667099,"(230, 111, 8)",13
id-00000654,resnet50,backdoor,instagram-nashville,0.932451605796814,0.8296358585357666,2.4399127960205083,1.3158037662506104,3.5117647647857666,1.120577692985535,3.029937267303467,1.810498595237732,3.0690762996673584,1.1924870014190674,1.7268579006195068,0.8105520606040955,0.5336601734161377,0.18140994012355804,1.4661117792129517,1.0110458135604858,2.973572969436645,1.4972137212753296,4.045424938201903,1.3019876480102541,3.5635974407196045,1.9919085502624512,3.602736473083496,1.3738969564437866,2.2605180740356445,0.9919620156288148,"(127, 127, 127)",20
id-00000655,inceptionv3,backdoor,polygon-3,0.4586678743362427,0.19012659788131714,2.886549234390259,1.114885687828064,1.731668472290039,0.5457909107208252,2.781930446624756,1.3485406637191772,1.4231679439544678,1.1070104837417605,2.167349100112915,1.0905152559280396,0.8531219363212585,0.6127204895019531,1.3117897510528564,0.8028470277786255,3.739671230316162,1.7276061773300169,2.5847904682159424,1.1585114002227783,3.6350524425506574,1.9612611532211304,2.276289939880371,1.7197309732437134,3.0204710960388184,1.7032357454299931,"(6, 246, 241)",8
id-00000656,shufflenet1_5,backdoor,polygon-8,0.6737778186798096,0.4258768558502197,2.257073879241944,0.4932443201541901,3.0030460357666016,0.7436034679412842,2.919936418533325,1.1924185752868652,1.1102992296218872,0.6716804504394531,2.28745698928833,0.4882828891277313,0.4614498317241669,0.3893596231937408,1.1352276802062988,0.8152364492416382,2.7185237407684326,0.8826039433479309,3.464495897293092,1.1329630613327026,3.3813862800598145,1.5817781686782837,1.5717490911483765,1.0610400438308716,2.74890685081482,0.8776425123214722,"(206, 15, 142)",24
id-00000657,wideresnet50,clean,none,0.6506423354148865,0.5927130579948425,2.1418514251708984,1.1909077167510986,2.573450326919556,0.9114915728569032,1.3468577861785889,0.31289321184158325,1.4895529747009275,1.2125670909881592,4.126419544219972,1.0980346202850342,0.5153271555900574,0.5218327641487122,1.1659694910049438,1.114545822143555,2.6571786403656006,1.7127405405044556,3.0887775421142583,1.4333243370056152,1.862185001373291,0.8347259759902954,2.00488018989563,1.7343997955322266,4.641746520996094,1.6198673248291016,"(127, 127, 127)",7
id-00000658,vgg19bn,clean,none,0.6685786247253418,0.5014231204986572,3.3265388011932373,1.145706295967102,3.945662260055542,0.8295993804931641,4.787075996398926,1.5516585111618042,1.1408071517944336,0.6247825622558594,5.617466926574707,0.6126160621643066,1.48974871635437,0.5850321054458618,2.158327341079712,1.086455225944519,4.8162875175476065,1.730738401412964,5.435410976409912,1.414631485939026,6.276824951171875,2.136690616607666,2.630555868148804,1.2098146677017212,7.107215881347656,1.1976481676101685,"(127, 127, 127)",14
id-00000659,resnet34,backdoor,polygon-8,0.5526742339134216,0.43679019808769226,3.404207706451416,1.3747923374176023,1.2386438846588137,0.7146791219711304,1.8323650360107424,1.9648373126983645,0.8886184096336365,1.3285837173461914,3.5631208419799805,1.0872254371643066,0.794067919254303,0.2511830031871796,1.3467421531677246,0.6879732012748718,4.198275566101073,1.6259753704071045,2.032711744308472,0.9658621549606324,2.6264328956604004,2.2160203456878658,1.6826863288879397,1.5797667503356934,4.357188701629639,1.3384084701538086,"(243, 229, 40)",6
id-00000660,resnet34,clean,none,1.1379364728927612,0.6537352800369263,2.73080849647522,1.1566998958587646,0.9219288825988772,0.5739327073097229,0.42115962505340576,0.31712210178375244,1.622802972793579,1.414908766746521,1.847778081893921,0.4738750457763672,1.0720329284667969,0.41301286220550537,2.209969520568848,1.0667481422424316,3.8028414249420166,1.56971275806427,1.9939618110656736,0.9869455695152284,1.4931925535202026,0.7301349639892578,2.694835901260376,1.8279216289520264,2.9198110103607178,0.8868879079818726,"(127, 127, 127)",10
id-00000661,shufflenet1_0,clean,none,0.6201667785644531,0.4734418988227844,1.9853012561798096,0.6618903875350952,2.6439270973205566,0.8201996088027954,2.777414083480835,1.0699211359024048,1.0228760242462158,0.7463151216506958,2.646570920944214,0.8007122278213501,0.5352785587310791,0.36327779293060297,1.1554453372955322,0.8367196917533875,2.5205798149108887,1.0251681804656982,3.179205656051636,1.1834774017333984,3.3126926422119136,1.4331989288330078,1.558154582977295,1.1095929145812988,3.181849479675293,1.1639900207519531,"(127, 127, 127)",19
id-00000662,wideresnet50,clean,none,0.6318280100822449,0.5648336410522461,2.029984712600708,0.8886762261390686,1.5681357383728027,0.916861355304718,1.266777753829956,1.1218725442886353,0.8624511361122131,0.954778492450714,2.524555206298828,0.9801000952720642,0.8122016787528992,0.1624470204114914,1.444029688835144,0.7272806763648987,2.842186450958252,1.0511232614517212,2.3803374767303467,1.0793083906173706,2.0789794921875,1.284319519996643,1.6746528148651123,1.1172255277633667,3.336756944656372,1.1425471305847168,"(127, 127, 127)",12
id-00000663,densenet121,backdoor,polygon-8,0.45002058148384094,0.42441970109939575,3.372166872024536,1.1770708560943604,1.6987814903259275,0.6401318907737732,1.2791119813919067,1.2566912174224854,1.240131378173828,0.8453435301780701,4.0793495178222665,0.5408007502555847,0.4559333324432373,0.5793257355690002,0.905953884124756,1.003745436668396,3.828100204467773,1.7563966512680054,2.154714822769165,1.2194576263427734,1.735045313835144,1.8360170125961304,1.6960647106170654,1.4246692657470703,4.535283088684082,1.120126485824585,"(1, 29, 65)",5
id-00000664,vgg16bn,clean,none,0.8388407230377197,0.7020119428634644,3.135361194610596,0.8691965937614441,4.666379928588867,1.1912569999694824,5.403331756591797,2.1373884677886963,3.965531826019287,2.5409624576568604,5.668160915374756,1.011805534362793,1.2488411664962769,0.5917620062828064,2.0876820087432857,1.293773889541626,4.384202480316162,1.4609586000442505,5.915221214294434,1.783018946647644,6.652173042297362,2.7291505336761475,5.2143731117248535,3.1327245235443115,6.917002201080322,1.6035674810409546,"(127, 127, 127)",11
id-00000665,vgg11bn,backdoor,instagram-kelvin,0.4833437204360962,0.34585416316986084,4.0275354385375985,1.4856530427932741,11.968222618103027,1.30527925491333,1.4825750589370728,0.7474414110183716,3.304154396057129,1.0074235200881958,7.0184288024902335,1.0275204181671145,1.288843274116516,0.588727593421936,1.7721869945526123,0.9345817565917968,5.316378593444824,2.07438063621521,13.257065773010256,1.894006848335266,2.771418333053589,1.3361690044403076,4.592997550964356,1.5961511135101318,8.307271957397461,1.6162480115890503,"(127, 127, 127)",11
id-00000666,mobilenetv2,clean,none,0.5071825981140137,0.3474578261375427,2.814762592315674,0.8206542134284973,3.813831329345703,0.9963955283164978,2.382312297821045,0.961230218410492,1.3721673488616943,0.5582506060600281,2.1019740104675293,1.2130203247070312,2.1543211936950684,0.575874388217926,2.661503553390503,0.9233322143554688,4.969083786010742,1.3965286016464231,5.968152523040772,1.5722699165344238,4.536633491516113,1.5371046066284182,3.5264885425567627,1.134124994277954,4.2562952041625985,1.7888947725296018,"(127, 127, 127)",15
id-00000667,vgg19bn,backdoor,instagram-kelvin,0.6160767078399658,0.5990901589393616,2.545273780822754,1.2933218479156494,9.90513515472412,-0.1601950228214264,1.6401613950729368,1.4191889762878418,1.3813854455947876,1.0792357921600342,9.274867057800293,0.13066750764846802,0.8744739294052124,0.6173115372657776,1.4905506372451782,1.2164016962051392,3.4197475910186768,1.9106333255767824,10.779608726501463,0.4571165144443512,2.5146353244781494,2.0365004539489746,2.255859375,1.696547269821167,10.149340629577637,0.7479790449142456,"(127, 127, 127)",8
id-00000668,densenet169,clean,none,0.826919674873352,0.6918447017669678,2.766822338104248,1.126574158668518,2.1877124309539795,0.766528844833374,3.786085605621338,1.6095203161239624,1.2791136503219604,0.9217067956924438,3.4809672832489014,1.1859043836593628,0.4717735350131989,0.4921340048313141,1.2986931800842283,1.1839786767959597,3.2385959625244136,1.6187081336975098,2.659486055374145,1.2586628198623655,4.257859230041504,2.101654291152954,1.750887155532837,1.4138407707214355,3.9527409076690674,1.6780383586883545,"(127, 127, 127)",19
id-00000669,vgg13bn,backdoor,polygon-9,0.7149707078933716,0.698775589466095,1.5216213464736938,0.770035982131958,2.2399816513061523,0.6537051200866699,1.2790902853012085,1.0467672348022459,1.2385414838790894,0.6001061201095581,3.7433156967163086,0.5519545078277588,1.1432958841323853,0.6537835597991943,1.8582665920257568,1.3525590896606443,2.664917230606079,1.4238195419311523,3.383277416229248,1.3074886798858645,2.4223861694335938,1.7005507946014404,2.3818373680114746,1.2538896799087524,4.886611461639403,1.2057380676269531,"(47, 220, 42)",12
id-00000670,inceptionv3,clean,none,0.7879424095153809,0.8064254522323608,2.2112045288085938,1.2383040189743042,1.6007552146911619,1.0989708900451658,0.9099600315093994,1.0004401206970217,0.9946547746658324,0.8828322291374207,3.663724184036255,1.007537841796875,0.5584137439727783,0.23599572479724884,1.3463561534881592,1.0424212217330933,2.769618272781372,1.4742997884750366,2.1591689586639404,1.3349666595458984,1.4683737754821775,1.2364358901977541,1.5530685186386108,1.1188279390335083,4.222137928009033,1.2435336112976074,"(127, 127, 127)",22
id-00000671,densenet169,clean,none,0.4877410531044006,0.5131298899650574,2.781645536422729,1.09069561958313,1.7173771858215332,0.5410419106483461,1.180630445480347,0.8112471699714661,1.3699209690093994,0.7977330088615417,3.3744118213653564,0.5577014088630676,0.4862969517707825,0.6737797856330872,0.9740380048751832,1.1869096755981443,3.2679424285888667,1.7644754648208618,2.203674077987671,1.2148216962814329,1.6669274568557741,1.4850269556045532,1.8562178611755369,1.4715127944946291,3.8607087135314937,1.2314811944961548,"(127, 127, 127)",5
id-00000672,shufflenet1_5,backdoor,instagram-lomo,0.526784360408783,0.452121764421463,1.701476812362671,0.8349593281745911,1.7581908702850342,0.8653317093849182,2.541691541671753,1.960083246231079,0.9650885462760924,0.7259860634803772,3.2594115734100337,0.8978952765464783,0.3705998063087464,0.2997329831123352,0.8973841667175293,0.7518547773361206,2.0720765590667725,1.1346923112869265,2.128790616989136,1.1650646924972534,2.9122912883758545,2.259816169738769,1.3356883525848389,1.0257190465927124,3.630011320114136,1.1976282596588137,"(127, 127, 127)",17
id-00000673,vgg11bn,clean,none,0.4732806682586671,0.3789806365966797,3.1553964614868164,0.9575120210647584,3.61838436126709,0.7077269554138184,2.0816669464111333,1.4099481105804443,1.5595849752426147,0.9428446292877196,2.4065165519714355,1.0636340379714966,1.0014458894729614,0.5756937265396118,1.4747265577316284,0.9546743631362916,4.156842231750488,1.53320574760437,4.619830131530762,1.2834206819534302,3.0831127166748047,1.985641837120056,2.561030864715576,1.5185383558273315,3.4079625606536865,1.6393277645111084,"(127, 127, 127)",15
id-00000674,vgg19bn,backdoor,polygon-3,0.5137643814086914,0.2520838975906372,3.710304737091065,0.9818223714828492,3.158663272857666,0.5234375,1.9741463661193848,0.7541625499725342,1.4553861618041992,0.8395073413848877,2.9967317581176762,0.8572653532028198,2.286573886871338,0.6192680597305298,2.8003382682800293,0.871351957321167,5.996878623962402,1.6010904312133791,5.445237159729004,1.1427055597305298,4.2607202529907235,1.373430609703064,3.741960048675537,1.4587754011154177,5.283305644989014,1.4765334129333496,"(16, 152, 228)",16
id-00000675,shufflenet2_0,backdoor,instagram-nashville,0.4519245028495789,0.472148597240448,1.7006126642227173,0.8933960795402527,3.6458001136779785,0.7328225374221802,0.9818942546844482,0.8584807515144348,3.617744445800781,1.3300998210906982,3.4622926712036133,0.6702370047569275,0.5594593286514282,0.1738179326057434,1.011383891105652,0.6459665298461914,2.260071992874145,1.0672140121459959,4.205259323120116,0.9066404700279236,1.5413535833358765,1.0322986841201782,4.17720365524292,1.5039178133010864,4.021751880645752,0.8440549373626709,"(127, 127, 127)",6
id-00000676,vgg11bn,clean,none,0.7452936172485352,0.5784172415733337,2.4597113132476807,0.7782513499259949,3.2888340950012207,0.8293907046318054,2.280750274658203,1.0149283409118652,1.867221117019653,0.9528477787971495,3.912172794342041,0.5839009881019592,1.464510440826416,0.7180450558662415,2.209804058074951,1.2964622974395752,3.9242217540740967,1.4962964057922363,4.753344535827637,1.5474357604980469,3.745260715484618,1.732973337173462,3.3317315578460693,1.6708928346633911,5.376683235168457,1.301946043968201,"(127, 127, 127)",20
id-00000677,resnet50,clean,none,0.6806579828262329,0.3854149580001831,3.709378719329834,0.9316195249557496,3.623221874237061,0.919514298439026,2.559375762939453,1.070673584938049,1.8156217336654663,0.745306134223938,5.840762138366699,0.978732705116272,1.1486996412277222,0.5983949899673462,1.8293577432632449,0.9838100075721741,4.858078479766847,1.5300145149230957,4.771921634674072,1.5179092884063718,3.7080752849578857,1.6690685749053955,2.9643213748931885,1.3437011241912842,6.989461898803711,1.5771276950836182,"(127, 127, 127)",19
id-00000678,wideresnet101,clean,none,0.8619039058685303,0.6057572960853577,2.798022747039795,1.3050694465637207,1.6967430114746094,0.64996337890625,1.6809015274047852,1.4186564683914185,1.746405839920044,1.0916229486465454,2.734534502029419,0.807120680809021,0.5553009510040283,0.3809540569782257,1.4172048568725586,0.986711323261261,3.3533236980438232,1.686023473739624,2.2520439624786377,1.030917406082153,2.236202478408813,1.7996104955673218,2.3017067909240723,1.4725769758224487,3.2898354530334486,1.1880747079849243,"(127, 127, 127)",22
id-00000679,vgg19bn,backdoor,instagram-lomo,0.4943185448646546,0.439537525177002,1.4845786094665527,0.6393178701400757,3.47037410736084,0.9499610662460328,3.4767346382141118,1.7977573871612549,3.733921051025391,1.4306621551513672,3.0388426780700684,0.5676480531692505,0.9184218049049376,0.6262056827545166,1.4127403497695925,1.0657432079315186,2.4030003547668457,1.2655235528945925,4.388795852661134,1.576166749000549,4.395156383514403,2.4239630699157715,4.652342796325684,2.0568678379058842,3.957264423370361,1.193853735923767,"(127, 127, 127)",6
id-00000680,shufflenet1_0,backdoor,instagram-nashville,0.31921666860580444,0.40426716208457947,1.8458268642425537,0.9684180021286012,4.924210548400879,0.2285941541194916,2.76347017288208,2.085988998413086,4.770812034606934,0.2333379387855529,4.8824195861816415,0.7429772615432739,0.5259735584259033,0.11468413472175598,0.8451902270317078,0.5189512968063354,2.371800422668457,1.083102107048035,5.450183868408203,0.3432782888412476,3.2894437313079834,2.2006731033325195,5.296785831451416,0.34802207350730896,5.408392906188965,0.8576613664627075,"(127, 127, 127)",5
id-00000681,wideresnet101,clean,none,1.1842474937438965,1.041382908821106,2.634812355041504,1.1371543407440186,2.0249128341674805,1.0385706424713137,1.81547486782074,1.459882736206055,1.5604923963546753,1.2447324991226196,3.0374717712402344,1.1030486822128296,0.9627512693405152,0.32972487807273865,2.1469986438751216,1.371107816696167,3.597563505172728,1.4668792486190796,2.987664222717285,1.3682955503463743,2.778226137161255,1.7896076440811155,2.5232436656951904,1.5744574069976809,4.000223159790038,1.4327735900878906,"(127, 127, 127)",16
id-00000682,resnet18,backdoor,instagram-kelvin,0.7808198928833008,0.8337758183479309,2.3430404663085938,1.048609495162964,3.397178888320924,1.6301136016845703,1.2949920892715454,1.32946515083313,0.5637229681015015,0.7614296078681946,4.457090377807617,1.8183958530426023,0.6300313472747803,0.3108493685722351,1.410851240158081,1.144625186920166,2.9730718135833736,1.3594589233398438,4.027210235595703,1.9409630298614504,1.9250234365463257,1.6403145790100098,1.1937543153762815,1.0722789764404297,5.087121486663818,2.1292452812194824,"(127, 127, 127)",15
id-00000683,vgg13bn,clean,none,0.7489200830459595,0.6810920238494873,2.817754030227661,1.0820833444595337,3.7469286918640137,1.0324995517730713,4.1318955421447745,2.347731113433838,1.949906587600708,1.0238585472106934,4.499189853668213,1.3205126523971558,1.0217552185058594,0.4604243040084839,1.7706753015518188,1.1415163278579712,3.839509248733522,1.5425076484680176,4.768683910369873,1.4929238557815552,5.153650760650635,2.8081555366516118,2.9716618061065674,1.4842828512191772,5.520945072174072,1.7809369564056396,"(127, 127, 127)",15
id-00000684,resnet50,backdoor,polygon-8,0.6731530427932739,0.5358148217201233,2.7520575523376465,0.6687497496604919,4.1214327812194815,0.9800508618354796,2.754826545715332,2.1604268550872803,3.306325435638428,1.7189359664916992,3.2518339157104488,0.9850013852119446,0.86314857006073,0.1821289509534836,1.536301612854004,0.7179437875747681,3.615206241607666,0.8508787155151367,4.984581470489502,1.1621798276901243,3.617975234985352,2.3425557613372803,4.169474124908446,1.9010648727416992,4.114982604980469,1.1671303510665894,"(38, 106, 211)",11
id-00000685,resnet34,backdoor,polygon-4,0.814444899559021,0.7938553690910339,3.4169025421142583,1.4856996536254885,3.1030311584472656,0.8365179896354675,2.967836141586304,1.657164216041565,2.515902519226074,1.6523749828338623,3.7359590530395512,1.3480674028396606,1.0002098083496094,0.19587095081806186,1.8146547079086304,0.9897263050079346,4.417112350463867,1.6815706491470337,4.103240966796875,1.0323889255523682,3.968045949935913,1.8530352115631104,3.516112327575684,1.8482459783554084,4.73616886138916,1.543938398361206,"(211, 4, 164)",18
id-00000686,shufflenet1_0,clean,none,0.9280776977539062,0.8090980052947998,2.0447721481323238,0.9385379552841188,2.4039201736450195,1.2509211301803589,1.2433364391326904,1.2405613660812378,1.182541012763977,0.8973822593688965,3.2667298316955566,1.0013096332550049,0.4201763868331909,0.12697932124137878,1.3482540845870972,0.9360772967338562,2.4649484157562256,1.0655173063278198,2.8240966796875,1.37790048122406,1.6635128259658811,1.367540717124939,1.6027173995971682,1.0243616104125977,3.686906337738037,1.128288984298706,"(127, 127, 127)",19
id-00000687,wideresnet50,backdoor,instagram-nashville,0.6295711994171143,0.37946856021881104,3.2003417015075684,1.6049425601959229,7.3645453453063965,0.28431737422943115,1.7456310987472534,1.3755881786346436,5.651740074157715,1.9936614036560056,6.0909600257873535,1.2729473114013672,0.8381122350692749,0.15970617532730105,1.4676835536956787,0.5391747355461121,4.038454055786134,1.7646487951278689,8.202657699584961,0.4440235495567322,2.5837433338165283,1.5352944135665894,6.489852428436277,2.1533675193786617,6.929072380065918,1.4326534271240234,"(127, 127, 127)",5
id-00000688,resnet101,backdoor,instagram-toaster,0.5966070890426636,0.5400325059890747,2.147682905197144,0.9932552576065063,3.4390454292297363,1.836054444313049,1.331693172454834,0.891737699508667,1.3741512298583984,0.9770516157150269,2.718082427978516,1.111994981765747,0.8996357321739197,0.1706894487142563,1.496242880821228,0.7107219099998474,3.047318696975708,1.1639447212219238,4.338681221008302,2.006743907928467,2.2313289642333984,1.0624271631240845,2.273787021636963,1.1477410793304443,3.61771821975708,1.2826844453811646,"(127, 127, 127)",13
id-00000689,vgg16bn,backdoor,polygon-3,0.9786533117294312,1.0546993017196655,3.929946899414064,1.4371312856674194,8.190329551696777,0.9546998739242554,6.192171573638916,1.7812657356262207,2.8804335594177246,1.443055272102356,7.667141914367676,1.0234612226486206,1.0606516599655151,0.3161625862121582,2.0393049716949463,1.3708618879318235,4.990598678588867,1.7532938718795776,9.250981330871582,1.2708624601364136,7.252823352813723,2.09742832183838,3.941085338592529,1.7592178583145142,8.72779369354248,1.3396238088607788,"(231, 112, 9)",14
id-00000690,densenet169,clean,none,0.6618160605430603,0.7981762886047363,1.655813694000244,1.0879676342010498,1.1289358139038086,1.0764204263687134,0.9587388634681702,0.7124062180519104,0.26203745603561396,0.27642130851745605,2.0260183811187744,1.1418877840042114,0.7352409958839417,0.12882433831691742,1.397057056427002,0.9270006418228148,2.391054630279541,1.2167919874191284,1.864176869392395,1.205244779586792,1.6939798593521118,0.841230571269989,0.9972784519195556,0.4052456319332123,2.7612593173980717,1.27071213722229,"(127, 127, 127)",15
id-00000691,googlenet,backdoor,polygon-8,0.5546169877052307,0.43727469444274897,1.8475360870361328,1.0981957912445068,1.2513246536254885,0.8666948080062866,1.0554516315460205,0.8579657077789307,0.7937240004539491,0.6745480298995972,2.9097881317138667,0.9718477725982666,0.5254999995231628,0.5112898349761963,1.0801169872283936,0.94856458902359,2.3730361461639404,1.6094856262207031,1.776824712753296,1.377984642982483,1.5809515714645386,1.369255542755127,1.3192239999771118,1.1858378648757937,3.435288190841675,1.4831376075744631,"(8, 120, 8)",6
id-00000692,vgg11bn,backdoor,instagram-kelvin,0.6088104248046875,0.41432762145996094,3.1869907379150386,0.8501827120780945,3.533337116241455,0.9235782027244568,2.656460285186768,1.1899011135101318,1.3599826097488403,0.7541753649711609,4.662901878356934,1.164825201034546,1.12482488155365,0.6158627867698669,1.7336353063583374,1.0301903486251829,4.3118157386779785,1.4660454988479614,4.6581621170043945,1.5394409894943235,3.781285285949707,1.805763840675354,2.4848074913024902,1.3700381517410278,5.787726879119872,1.780687928199768,"(127, 127, 127)",19
id-00000693,wideresnet101,clean,none,1.060311794281006,0.7530596256256104,2.996856212615967,1.2986304759979248,2.93869686126709,0.8149559497833252,10.685394287109377,3.783701181411743,1.5521715879440308,0.9503257274627686,3.5829849243164062,0.6821727752685547,1.103692650794983,0.2619989812374115,2.1640043258666988,1.0150586366653442,4.10054874420166,1.5606294870376587,4.042389392852783,1.076954960823059,11.789087295532227,4.045700073242188,2.6558642387390137,1.2123247385025024,4.6866774559021,0.9441717267036438,"(127, 127, 127)",23
id-00000694,inceptionv3,backdoor,polygon-8,0.7451533675193787,0.8486233949661255,2.2079954147338867,0.887046217918396,2.6210436820983887,1.0700253248214722,2.296323299407959,0.829035758972168,1.3755186796188354,1.0814481973648071,1.2199102640151978,0.6061646342277527,0.8157087564468384,0.21853256225585926,1.5608620643615725,1.0671559572219849,3.0237040519714355,1.1055787801742554,3.4367525577545166,1.2885578870773315,3.1120319366455083,1.0475683212280271,2.1912274360656743,1.2999807596206665,2.0356190204620357,0.8246971964836121,"(44, 83, 127)",11
id-00000695,vgg11bn,backdoor,instagram-toaster,0.5010800361633301,0.4993747174739838,1.700534462928772,1.0818169116973877,2.513122081756592,1.1069408655166626,1.579325795173645,1.0831263065338137,0.8901191949844359,0.7499091625213623,4.732677936553955,0.9211369752883912,0.8805571794509888,0.4827682971954346,1.3816370964050293,0.982142984867096,2.5810916423797607,1.5645852088928225,3.39367938041687,1.5897091627120972,2.4598829746246342,1.565894603729248,1.7706763744354248,1.2326774597167969,5.613234996795653,1.4039052724838257,"(127, 127, 127)",9
id-00000696,wideresnet101,backdoor,instagram-toaster,0.6588398814201355,0.6692373752593994,3.217156887054444,1.347651481628418,6.821332931518555,1.6401541233062744,2.301098823547364,1.2520499229431152,1.4529883861541748,0.9960245490074158,5.176030158996582,1.0307297706604004,0.9661837220191956,0.28969818353652954,1.625023603439331,0.9589355587959292,4.183340549468993,1.6373496055603027,7.7875165939331055,1.9298522472381592,3.2672824859619136,1.541748046875,2.4191720485687256,1.285722732543945,6.142213821411133,1.3204280138015747,"(127, 127, 127)",23
id-00000697,googlenet,backdoor,polygon-9,1.9003851413726809,1.3529229164123535,1.7813115119934082,0.943218469619751,1.7030260562896729,0.5222132802009583,1.4990415573120115,0.7005339860916138,1.5704975128173828,0.6708860397338867,1.8037643432617188,0.3146907687187195,0.6759606003761292,0.17716826498508453,2.576345920562744,1.5300911664962769,2.4572720527648926,1.1203867197036743,2.378986597061157,0.6993815302848816,2.1750020980834956,0.8777022361755371,2.2464580535888667,0.8480542898178101,2.479724884033203,0.4918590188026428,"(238, 169, 92)",5
id-00000698,densenet161,backdoor,instagram-toaster,0.6787474155426025,0.3902741074562073,2.5070126056671143,0.7924197912216187,5.903042793273926,1.5398916006088257,3.3339955806732178,1.5452264547348022,1.8122847080230715,0.5816700458526611,4.99648380279541,0.5721904039382935,0.9340312480926514,0.5252085924148561,1.6127787828445437,0.9154826402664183,3.4410438537597656,1.3176283836364746,6.837074279785156,2.0651001930236816,4.268026828765868,2.070435047149658,2.7463159561157227,1.106878638267517,5.930514812469482,1.0973989963531494,"(127, 127, 127)",18
id-00000699,shufflenet2_0,clean,none,0.7271664142608643,0.5040310621261597,2.3052666187286377,0.8271225690841675,2.5063636302948,0.8836157321929932,2.251889228820801,1.7001632452011108,1.0584712028503418,0.9228731393814088,2.370821714401245,0.7639744281768799,0.3603034019470215,0.20503756403923035,1.0874698162078855,0.7090685963630676,2.665570020675659,1.0321601629257202,2.8666670322418213,1.088653326034546,2.6121926307678223,1.905200839042664,1.4187746047973633,1.1279107332229614,2.7311251163482666,0.9690119624137878,"(127, 127, 127)",15
id-00000700,resnet101,backdoor,polygon-4,0.8800792694091797,0.9717185497283936,3.411982297897339,1.3047906160354614,2.0509965419769287,0.5518463850021362,1.314678430557251,0.628898024559021,0.9328503012657166,0.7685980796813965,2.8975641727447514,0.8252710103988647,0.4750273823738098,0.4318832457065582,1.3551065921783447,1.4036017656326294,3.887009620666504,1.7366738319396973,2.5260238647460938,0.9837296605110168,1.7897058725357056,1.0607812404632568,1.4078776836395264,1.2004812955856323,3.372591495513916,1.2571542263031006,"(70, 13, 197)",12
id-00000701,densenet169,clean,none,0.6206445693969727,0.6295322179794312,2.4207327365875244,1.10722815990448,2.080981731414795,1.053308367729187,0.9266082048416138,0.7186917066574097,0.6739561557769775,0.5606215000152588,1.8469042778015137,0.9913243055343628,0.6923089027404785,0.1157662570476532,1.3129534721374512,0.7452984452247621,3.113041639328003,1.2229944467544556,2.773290634155273,1.1690746545791626,1.6189171075820925,0.8344579935073853,1.366265058517456,0.6763877272605896,2.5392131805419917,1.1070905923843384,"(127, 127, 127)",8
id-00000702,shufflenet2_0,clean,none,0.4703347682952881,0.4387747943401337,1.7951108217239382,0.9293079972267152,1.6053100824356081,0.7713106274604797,1.4877260923385618,0.8419930338859558,0.6792900562286377,0.6014236211776733,2.5921001434326167,0.7621152997016907,0.30513134598731995,0.22155435383319846,0.7754661440849304,0.6603291630744934,2.1002421379089355,1.1508623361587524,1.9104413986206048,0.9928649663925172,1.7928574085235596,1.0635473728179932,0.9844213724136353,0.8229779601097107,2.8972315788269043,0.983669638633728,"(127, 127, 127)",16
id-00000703,wideresnet101,clean,none,0.7308016419410706,0.8227595090866089,2.5977113246917725,1.3764147758483891,1.7138223648071291,0.9312422275543212,1.1431031227111816,1.4999094009399414,1.3113524913787842,1.1584347486495972,3.4422388076782227,1.2000672817230225,0.4798164963722229,0.2310487180948257,1.2106181383132937,1.0538082122802734,3.0775277614593506,1.6074634790420532,2.1936388015747066,1.1622909307479858,1.6229195594787598,1.730958104133606,1.791169047355652,1.3894834518432615,3.9220552444458012,1.4311159849166868,"(127, 127, 127)",15
id-00000704,vgg16bn,clean,none,0.3618834614753723,0.3998910486698151,1.5739563703536987,1.1695915460586548,0.8435560464859009,0.2846488356590271,0.8964706659317017,0.8556797504425049,0.22643280029296875,0.2648295760154724,2.889887809753418,0.9385825395584106,0.5752869844436646,0.3681222200393677,0.9371704459190368,0.7680132985115051,2.1492433547973637,1.5377137660980225,1.4188430309295654,0.6527710556983948,1.4717576503753662,1.2238019704818726,0.8017197847366333,0.6329517960548401,3.465174913406372,1.3067047595977783,"(127, 127, 127)",6
id-00000705,squeezenetv1_1,backdoor,polygon-3,0.585482120513916,0.4250088930130005,2.2110390663146973,0.5475861430168152,2.3108501434326167,0.9628002047538756,1.2632209062576294,0.5179088711738586,1.3098782300949097,1.1040668487548828,3.131377696990967,0.5627043843269348,1.3167344331741333,0.6840985417366028,1.902216553688049,1.109107494354248,3.527773380279541,1.231684684753418,3.62758469581604,1.6468987464904783,2.5799553394317627,1.2020074129104614,2.626612663269043,1.7881654500961304,4.4481120109558105,1.2468029260635376,"(167, 50, 187)",15
id-00000706,shufflenet1_0,clean,none,0.7191033959388733,0.7345059514045715,1.4215915203094482,0.9151170253753662,2.0486903190612797,1.0064494609832764,0.7899138331413269,0.4983269274234772,0.6058838963508606,0.6944859027862549,3.1523282527923584,0.8279841542243958,0.3251854777336121,0.12156154960393906,1.0442888736724854,0.8560674786567688,1.7467769384384155,1.0366785526275637,2.373875856399536,1.1280109882354736,1.115099310874939,0.6198884844779968,0.9310693740844728,0.8160474300384521,3.4775137901306152,0.949545681476593,"(127, 127, 127)",8
id-00000707,resnet18,clean,none,0.9870418310165404,0.3411082625389099,1.886104106903076,0.39924800395965576,1.5138299465179443,0.06890219449996947,1.0469026565551758,0.6681479215621948,0.864959716796875,0.32076358795166016,1.6393108367919922,0.2811710834503174,1.048548936843872,0.7217087745666504,2.0355908870697017,1.0628169775009155,2.934653043746948,1.1209567785263062,2.5623788833618164,0.7906109690666199,2.0954515933990483,1.3898566961288452,1.9135086536407468,1.0424723625183103,2.6878597736358643,1.0028798580169678,"(127, 127, 127)",12
id-00000708,resnet18,clean,none,0.7239384651184082,0.7102581858634949,3.4545814990997314,0.8277081251144409,2.9190518856048584,1.3278987407684326,1.7631263732910156,1.4139299392700195,1.142625331878662,0.9605164527893066,4.463794708251953,1.4026503562927246,1.108231782913208,0.2526266574859619,1.832170367240905,0.9628848433494568,4.56281328201294,1.0803347826004028,4.027283668518066,1.5805253982543943,2.871358156204224,1.6665565967559814,2.25085711479187,1.2131431102752686,5.57202672958374,1.6552770137786863,"(127, 127, 127)",12
id-00000709,shufflenet2_0,backdoor,instagram-gotham,0.656946063041687,0.3548703491687775,3.2228474617004395,1.1916743516921997,2.4552927017211914,0.8023616075515747,1.0645630359649658,0.9725736379623412,0.9075661897659302,0.4889771640300751,3.2359261512756348,0.8850162029266357,0.5600188970565796,0.36248841881752014,1.2169649600982666,0.7173587679862976,3.7828662395477295,1.5541627407073977,3.0153117179870605,1.1648499965667725,1.6245819330215454,1.335062026977539,1.4675850868225098,0.8514655828475952,3.795944929122925,1.2475045919418335,"(127, 127, 127)",15
id-00000710,resnet152,clean,none,0.962873637676239,1.0717144012451172,2.25289273262024,1.2116023302078247,1.8515129089355469,0.8262091875076294,1.8472590446472168,1.416987061500549,1.4075250625610352,1.0938266515731812,2.245732545852661,1.2183210849761963,0.8001759648323059,0.18444785475730896,1.763049602508545,1.2561622858047483,3.0530686378479004,1.396050214767456,2.651688814163208,1.0106570720672607,2.647434949874878,1.6014349460601809,2.2077009677886963,1.2782745361328125,3.0459084510803223,1.4027689695358276,"(127, 127, 127)",23
id-00000711,wideresnet50,backdoor,instagram-kelvin,0.7131540179252625,0.7398186922073364,4.550586700439453,1.5922499895095823,8.224884986877441,-0.040438711643218994,1.4908132553100586,1.1010783910751345,2.011483907699585,1.265625238418579,6.248899459838867,2.3030693531036377,0.8108103275299072,0.20688137412071228,1.5239644050598145,0.9467000365257264,5.361396789550781,1.7991313934326172,9.03569507598877,0.1664426624774933,2.301623582839966,1.307959794998169,2.8222942352294917,1.4725066423416138,7.0597100257873535,2.509950637817384,"(127, 127, 127)",7
id-00000712,resnet18,clean,none,0.78041672706604,0.6597633957862854,2.722809076309204,1.0349056720733645,2.2483742237091064,0.7380667328834534,1.864360809326172,1.279895544052124,1.0943123102188108,0.6110698580741882,3.166580438613892,0.7958505749702454,0.59906005859375,0.4019967913627625,1.37947678565979,1.061760187149048,3.3218691349029537,1.436902403831482,2.8474342823028564,1.1400635242462158,2.463420867919922,1.6818922758102417,1.693372368812561,1.013066649436951,3.7656404972076416,1.1978473663330078,"(127, 127, 127)",23
id-00000713,vgg19bn,clean,none,0.4514011144638062,0.30128031969070435,2.647716999053955,1.5220634937286377,2.1937355995178223,1.2245333194732666,1.296789050102234,0.9412943720817566,0.8920242786407471,0.6321608424186707,2.931038379669189,0.7732593417167664,0.6296848058700562,0.4689242243766785,1.0810859203338623,0.7702045440673828,3.2774019241333012,1.990987658500672,2.823420524597168,1.6934576034545898,1.92647385597229,1.410218596458435,1.5217090845108032,1.1010850667953491,3.560723304748535,1.2421835660934448,"(127, 127, 127)",5
id-00000714,vgg13bn,backdoor,polygon-9,4.803993701934815,2.2590603828430176,4.282243728637694,1.4904675483703609,3.2492871284484863,1.2848646640777588,2.445727825164795,2.003884077072144,2.018628597259521,2.1071274280548096,3.7902345657348633,1.235371232032776,0.6698004007339478,0.21994152665138245,5.473793983459473,2.4790019989013667,4.9520440101623535,1.7104090452194214,3.919087409973145,1.5048061609268188,3.115528106689453,2.223825693130493,2.68842887878418,2.327069044113159,4.4600348472595215,1.455312728881836,"(60, 59, 57)",14
id-00000715,densenet161,backdoor,polygon-8,0.5850938558578491,0.9166286587715148,1.9543671607971191,1.2455766201019287,2.13602614402771,1.0461885929107666,1.2503702640533447,1.138296365737915,0.4331126809120178,0.507476806640625,2.9168291091918945,0.9523584246635436,0.4036669731140137,0.14186018705368042,0.9887608885765076,1.058488845825195,2.3580341339111333,1.3874367475509644,2.539693117141724,1.1880488395690918,1.6540372371673584,1.280156493186951,0.8367796540260315,0.6493369936943054,3.320496082305908,1.094218611717224,"(98, 196, 1)",15
id-00000716,googlenet,backdoor,polygon-4,0.8348652124404907,0.7184410095214844,2.7009668350219727,0.6183242797851562,3.157240867614746,1.1856298446655271,3.1031768321990967,1.843230128288269,1.0625824928283691,0.5392181277275085,3.476883888244629,1.1277807950973509,0.6686310172080994,0.3918436765670776,1.503496170043945,1.110284686088562,3.369597911834717,1.010167956352234,3.82587194442749,1.577473521232605,3.7718079090118413,2.2350738048553467,1.7312134504318235,0.9310618042945862,4.145514965057373,1.5196244716644287,"(165, 181, 40)",13
id-00000717,wideresnet101,backdoor,polygon-3,0.9089232087135316,1.0858097076416016,2.5506389141082764,0.9186980128288268,2.741037130355835,0.8525012135505676,2.4193482398986816,1.3077080249786377,1.324913740158081,0.8592926859855652,4.058298587799071,0.9252285361289978,0.5946922898292542,0.4814617037773132,1.5036154985427856,1.56727135181427,3.1453311443328857,1.40015971660614,3.3357293605804443,1.3339629173278809,3.014040470123291,1.7891696691513062,1.91960608959198,1.3407543897628784,4.652990818023682,1.406690239906311,"(60, 76, 47)",15
id-00000718,vgg11bn,clean,none,0.7471445798873901,0.5078557133674622,3.090440273284912,0.8609764575958252,5.092045307159424,0.9104292392730712,3.0592565536499023,1.3258551359176636,2.544352054595948,0.8138947486877441,3.553691864013672,1.0657624006271362,1.4313946962356567,0.5692614316940308,2.178539514541626,1.077117085456848,4.521834850311278,1.430237889289856,6.523439884185791,1.4796906709671018,4.4906511306762695,1.8951165676116943,3.9757466316223145,1.383156180381775,4.985086441040039,1.635023832321167,"(127, 127, 127)",19
id-00000719,squeezenetv1_0,backdoor,instagram-lomo,0.89070725440979,0.7684392929077148,3.906510353088379,1.6605870723724363,4.2563533782958975,1.7075073719024658,5.9870710372924805,0.987724542617798,3.707667350769043,1.6076762676239014,5.551940441131592,1.4499140977859497,0.626230776309967,0.3823890686035156,1.5169379711151123,1.1508283615112305,4.532741069793701,2.042976140975952,4.882584095001222,2.089896440505981,6.613301753997803,1.3701136112213137,4.333898067474365,1.990065336227417,6.178171157836914,1.832303166389465,"(127, 127, 127)",13
id-00000720,densenet169,backdoor,instagram-gotham,1.0875085592269895,1.0575144290924072,5.643402099609375,2.146566152572632,2.647150039672852,1.3857064247131348,2.695775985717773,2.124866008758545,2.1822843551635738,1.0478942394256592,3.716114282608032,1.2093286514282229,0.88264399766922,0.13802166283130646,1.970152497291565,1.1955361366271973,6.526046276092527,2.284587860107422,3.5297939777374268,1.5237281322479248,3.5784199237823486,2.262887716293335,3.0649282932281494,1.1859159469604492,4.598758220672607,1.3473503589630127,"(127, 127, 127)",7
id-00000721,shufflenet2_0,backdoor,polygon-9,1.0971935987472534,0.8624657392501831,1.7533392906188965,0.7939720153808594,3.121225357055664,1.0175499916076658,1.0726070404052734,1.0200920104980469,0.8230177164077759,0.7364321947097778,4.005165100097656,0.6603214740753174,0.3169107735157013,0.2646107375621796,1.4141043424606323,1.127076506614685,2.0702500343322754,1.058582782745361,3.438136100769043,1.282160758972168,1.3895177841186523,1.2847027778625488,1.1399284601211548,1.0010429620742798,4.322075843811035,0.9249322414398192,"(99, 8, 4)",23
id-00000722,resnet34,clean,none,1.471253752708435,0.7504383325576782,2.095161437988281,0.8356361389160156,1.55012309551239,0.5822086334228516,1.566027283668518,1.2005376815795898,1.2087684869766235,1.1518663167953491,2.1228346824646,0.787063479423523,1.2892876863479614,0.5157445669174194,2.7605414390563965,1.2661828994750977,3.384449243545532,1.351380705833435,2.839410781860352,1.097953200340271,2.8553149700164795,1.7162822484970093,2.498056173324585,1.6676108837127686,3.4121222496032715,1.3028080463409424,"(127, 127, 127)",19
id-00000723,mobilenetv2,clean,none,0.5569944381713867,0.2928510904312134,1.9797825813293457,0.6739776730537415,2.043609619140625,0.65252286195755,1.994356155395508,0.7447496056556702,1.3347837924957275,0.7119686007499695,2.654998302459717,0.4670558571815491,2.182004451751709,0.5094364285469055,2.7389988899230957,0.8022875189781189,4.161787033081056,1.183414101600647,4.225614070892334,1.1619592905044556,4.176360607147217,1.2541860342025757,3.5167882442474365,1.221405029296875,4.837002754211426,0.9764922857284546,"(127, 127, 127)",15
id-00000724,inceptionv3,backdoor,instagram-toaster,0.709670901298523,0.8361786007881165,2.4771556854248047,1.377493977546692,3.9525084495544434,1.4579352140426636,1.86876380443573,1.4935684204101562,1.7687886953353882,1.1999243497848509,3.908985137939453,0.8340049386024475,0.4505630433559418,0.16704706847667694,1.1602338552474976,1.0032256841659546,2.92771863937378,1.5445410013198853,4.403071403503418,1.624982237815857,2.319326877593994,1.6606154441833496,2.2193517684936523,1.3669713735580444,4.359548091888429,1.0010520219802856,"(127, 127, 127)",15
id-00000725,resnet34,clean,none,0.5582189559936523,0.9314829707145692,1.533805251121521,1.120280385017395,1.137039065361023,0.7385833263397217,0.8773682117462158,0.8502464294433594,0.2353842258453369,0.3013525009155273,1.5742260217666626,0.9582868814468384,0.4283484220504761,0.17926453053951266,0.9865673780441284,1.110747456550598,1.9621536731719968,1.2995449304580688,1.565387487411499,0.9178478717803956,1.305716633796692,1.0295109748840332,0.663732647895813,0.4806170165538788,2.0025744438171387,1.1375514268875122,"(127, 127, 127)",21
id-00000726,shufflenet1_0,backdoor,instagram-toaster,0.3391502797603607,0.4575763940811157,2.363878965377808,0.8385720252990723,4.83378791809082,0.6446534395217896,1.0016462802886963,1.198094606399536,2.4273383617401123,1.1143537759780884,4.72431230545044,0.5604795813560486,0.29433611035346985,0.09235142171382904,0.6334863901138306,0.549927830696106,2.658215045928955,0.9309234619140624,5.128124237060547,0.7370048761367798,1.2959823608398438,1.2904460430145264,2.7216744422912598,1.2067052125930786,5.018648624420166,0.6528310179710388,"(127, 127, 127)",8
id-00000727,squeezenetv1_0,backdoor,instagram-gotham,0.6424791216850281,0.5934267044067383,2.452066421508789,0.6746926307678223,2.496182680130005,0.8563711643218994,2.0892250537872314,1.12513530254364,0.8564844131469727,0.5658655166625977,3.273956298828125,0.7538118362426758,0.7249362468719482,0.4702723026275635,1.3674153089523315,1.0636990070343018,3.1770026683807373,1.1449649333953855,3.221118927001953,1.326643466949463,2.81416130065918,1.5954076051712036,1.581420660018921,1.0361378192901611,3.9988925457000732,1.2240841388702393,"(127, 127, 127)",14
id-00000728,densenet169,backdoor,instagram-lomo,0.9662685990333556,0.9161844849586488,2.522336006164551,1.2227773666381836,1.7930189371109009,0.9814649820327759,2.586775302886963,2.3803157806396484,1.072750210762024,0.9308170080184937,3.4637322425842285,1.392181158065796,0.8360778093338013,0.16971740126609802,1.802346348762512,1.0859018564224243,3.3584139347076416,1.392494797706604,2.6290967464447017,1.1511824131011963,3.4228532314300537,2.55003309249878,1.9088280200958248,1.100534439086914,4.29980993270874,1.5618985891342163,"(127, 127, 127)",23
id-00000729,resnet18,clean,none,0.7699523568153381,0.8459255695343018,2.561185359954834,1.4159749746322632,2.402915954589844,1.418407917022705,1.2099645137786863,0.8963569402694702,0.5901113152503967,0.6372138261795044,2.4240455627441406,1.2852929830551147,0.8076073527336121,0.15992775559425354,1.5775597095489502,1.005853295326233,3.368792772293092,1.5759027004241943,3.2105233669281006,1.5783356428146362,2.017571926116944,1.0562846660614014,1.3977186679840088,0.7971415519714355,3.231652975082397,1.445220708847046,"(127, 127, 127)",13
id-00000730,resnet50,backdoor,polygon-9,0.4966781139373779,0.4533112049102783,1.4060008525848389,0.2781059741973877,1.2560365200042725,0.3026331067085266,0.8726665377616882,0.507283091545105,0.7568613886833191,0.5369765758514404,3.046617031097412,0.8785927295684814,0.904379904270172,0.5528814792633057,1.4010579586029053,1.0061926841735842,2.3103806972503658,0.8309874534606934,2.1604163646698,0.8555145859718323,1.7770464420318604,1.0601645708084106,1.6612412929534912,1.089858055114746,3.95099687576294,1.4314742088317869,"(88, 104, 49)",11
id-00000731,mobilenetv2,clean,none,0.8899857997894287,0.4097922444343567,3.0673608779907227,0.7772948145866394,2.909985065460205,0.6960216164588928,3.793635845184326,2.249452590942384,1.0102858543395996,0.7095593810081482,4.642405986785889,0.9433216452598572,2.211223125457764,0.6128104329109192,3.1012089252471924,1.0226026773452759,5.278584003448486,1.3901052474975586,5.121208190917969,1.308832049369812,6.00485897064209,2.862262964248657,3.221508979797364,1.3223698139190674,6.853629112243652,1.5561320781707764,"(127, 127, 127)",23
id-00000732,densenet169,clean,none,0.9588490128517152,1.1722252368927002,2.2935380935668945,1.489682674407959,2.1906068325042725,1.4118916988372805,0.8016616106033325,1.0614860057830808,0.7197031974792479,0.95221745967865,2.4050204753875732,1.0383642911911009,0.7142078876495361,0.1348092406988144,1.6730568408966064,1.3070344924926758,3.0077459812164307,1.6244919300079346,2.9048147201538086,1.5467009544372559,1.5158694982528689,1.1962952613830566,1.4339110851287842,1.0870267152786257,3.1192283630371094,1.1731735467910769,"(127, 127, 127)",6
id-00000733,densenet161,backdoor,polygon-4,0.7068918943405151,0.7595328092575073,2.59468150138855,1.3614078760147097,1.8898026943206787,1.0859133005142212,2.80976676940918,1.0867799520492554,0.5961086750030518,0.8267413377761841,3.200998067855835,0.9671862721443176,0.3995218873023987,0.1266799420118332,1.1064138412475586,0.8862127661705017,2.9942033290863037,1.488087773323059,2.2893245220184326,1.2125931978225708,3.2092885971069336,1.213459849357605,0.9956305623054504,0.9534212946891784,3.600519895553589,1.093866229057312,"(39, 182, 113)",13
id-00000734,mobilenetv2,clean,none,0.5775593519210815,0.4342857599258423,2.3332571983337402,0.6826369762420654,3.2207236289978027,0.8800500631332397,2.471277236938477,0.39647507667541504,1.1905642747879028,0.8293249607086182,1.37775456905365,0.549333930015564,1.730979561805725,0.5100383758544922,2.3085386753082275,0.9443241357803344,4.064236640930177,1.1926753520965576,4.951703071594238,1.390088438987732,4.202256679534912,0.9065134525299072,2.921543836593628,1.3393633365631104,3.108734130859375,1.0593723058700562,"(127, 127, 127)",10
id-00000735,resnet152,backdoor,instagram-toaster,0.4867175221443176,0.4873924851417542,2.4913315773010254,1.6478018760681152,3.1233911514282227,1.2502813339233398,1.5276893377304075,1.3297653198242188,1.2375788688659668,0.8844147324562073,2.6920266151428223,1.1024205684661863,0.5194340944290161,0.19678062200546265,1.0061515569686892,0.6841731071472168,3.010765552520752,1.844582438468933,3.6428253650665283,1.4470620155334473,2.0471234321594243,1.5265460014343262,1.7570129632949831,1.08119535446167,3.211460590362549,1.2992011308670044,"(127, 127, 127)",8
id-00000736,wideresnet50,backdoor,instagram-toaster,0.7092841863632202,0.6303974390029907,2.488676786422729,0.8270543813705444,6.79267692565918,0.6841096878051758,1.941388368606568,0.8092001676559448,1.984130859375,0.7694838047027588,6.261466026306152,1.0143603086471558,1.1320569515228271,0.28886377811431885,1.841341137886048,0.9192612171173096,3.6207337379455566,1.1159181594848633,7.924733638763428,0.9729734659194946,3.0734453201293945,1.0980639457702637,3.1161878108978267,1.0583475828170776,7.393523216247559,1.3032240867614746,"(127, 127, 127)",6
id-00000737,shufflenet2_0,backdoor,instagram-gotham,0.7967045903205872,0.6312538385391235,6.0708441734313965,0.6157838106155396,2.819799423217773,0.8056725263595581,2.1302762031555176,1.5101029872894287,1.7898156642913818,1.3356326818466189,3.083652973175049,1.245699763298035,0.5854371190071106,0.13089266419410706,1.3821417093276978,0.7621464729309082,6.656281471252441,0.7466764450073242,3.4052364826202406,0.9365651607513428,2.7157132625579834,1.6409956216812134,2.375252723693848,1.466525316238403,3.6690900325775133,1.3765923976898191,"(127, 127, 127)",17
id-00000738,wideresnet101,backdoor,instagram-nashville,0.791543185710907,0.589482307434082,4.0268516540527335,1.4933136701583862,5.417604923248291,1.1582683324813845,8.16995906829834,2.085237979888916,6.830204486846924,0.4349837005138397,4.1963067054748535,0.9501540660858154,0.661758542060852,0.4630497992038727,1.4533016681671145,1.0525320768356323,4.688610076904297,1.9563634395599363,6.0793633460998535,1.6213181018829346,8.831717491149902,2.548287868499756,7.491962909698486,0.8980334997177124,4.858065128326416,1.4132038354873655,"(127, 127, 127)",21
id-00000739,vgg19bn,clean,none,0.6929806470870972,0.6520559787750244,2.412780284881592,1.1811057329177856,1.3902932405471802,0.5981495380401611,1.1383060216903689,0.8921159505844116,1.0354605913162231,0.9230949878692628,2.4562315940856934,0.7900897264480591,1.0241962671279907,0.2592631280422211,1.717176914215088,0.9113190770149232,3.436976432800293,1.440368890762329,2.414489507675171,0.8574126362800598,2.16250228881836,1.151379108428955,2.0596568584442143,1.1823581457138062,3.4804277420043945,1.0493528842926023,"(127, 127, 127)",17
id-00000740,vgg16bn,backdoor,polygon-9,0.6763994693756104,0.8036051988601685,3.943223714828491,1.4665108919143677,3.606136083602905,0.9769778251647948,3.379281759262085,2.0458023548126216,1.83368730545044,1.2628878355026243,3.8270375728607178,1.0829148292541504,1.2419631481170654,0.4305415451526642,1.918362736701965,1.2341467142105105,5.185186862945557,1.8970524072647093,4.848099231719972,1.4075193405151367,4.62124490737915,2.476343870162964,3.075650453567505,1.6934293508529663,5.069000720977783,1.5134563446044922,"(221, 4, 138)",18
id-00000741,densenet201,clean,none,0.6600684523582458,0.41711944341659546,2.131316900253296,0.8740443587303162,0.9076446890830994,-0.01645970344543457,0.5780684351921082,0.4861751198768616,0.6313050389289856,0.4737860560417175,1.547085523605347,0.5937888026237488,0.5381533503532411,0.6181201338768005,1.1982218027114868,1.035239577293396,2.6694703102111816,1.4921644926071167,1.4457980394363403,0.601660430431366,1.1162217855453491,1.104295253753662,1.1694583892822266,1.0919061899185178,2.0852389335632324,1.211908936500549,"(127, 127, 127)",7
id-00000742,densenet161,clean,none,0.7912124395370483,0.4453931450843811,2.238298416137696,0.6963443160057068,1.7701045274734497,0.3847616910934448,1.3285698890686035,0.9463794827461244,0.7913053035736084,0.3531752228736877,2.1451082229614262,0.564328134059906,0.5062526464462279,0.5840428471565247,1.2974650859832764,1.0294359922409058,2.744551181793213,1.2803871631622314,2.2763571739196777,0.9688045382499696,1.8348225355148315,1.5304223299026491,1.2975579500198364,0.9372180700302124,2.651360988616944,1.1483709812164309,"(127, 127, 127)",22
id-00000743,googlenet,clean,none,0.8808373212814331,0.509147584438324,2.5992443561553955,0.7907098531723022,3.266178131103516,0.6763547658920288,2.83333683013916,0.805770754814148,1.1174653768539429,0.5022945404052734,3.140413999557495,0.5579488277435303,0.6500327587127686,0.4760934114456177,1.5308700799942017,0.9852409958839417,3.249277114868164,1.26680326461792,3.916210889816284,1.1524481773376465,3.4833695888519287,1.2818641662597656,1.7674981355667114,0.9783879518508912,3.7904467582702637,1.034042239189148,"(127, 127, 127)",23
id-00000744,resnet34,backdoor,instagram-kelvin,0.6045258641242981,0.6526174545288086,3.3644165992736816,1.2542493343353271,7.718998432159424,0.2789159417152405,1.7887840270996094,1.094487547874451,1.0851082801818848,0.6711844205856323,7.362116813659668,0.5852863192558289,0.5227819085121155,0.3003196716308594,1.1273077726364136,0.952937126159668,3.887198448181152,1.5545690059661863,8.241780281066895,0.5792356133460999,2.31156587600708,1.39480721950531,1.6078901290893557,0.9715040922164916,7.884898662567139,0.8856059908866882,"(127, 127, 127)",18
id-00000745,densenet169,backdoor,polygon-8,0.9383310079574584,0.5289357304573059,2.116906881332397,0.9698016047477722,2.8984267711639404,0.8551973700523376,1.184114933013916,0.87363201379776,1.6002767086029053,0.7367839217185974,4.069028377532959,0.864252507686615,0.8832644820213318,0.5445103049278259,1.821595549583435,1.0734460353851318,3.0001714229583736,1.5143119096755981,3.781691312789917,1.3997076749801636,2.0673794746398926,1.418142318725586,2.483541250228882,1.2812942266464231,4.952292919158936,1.408762812614441,"(214, 37, 71)",14
id-00000746,vgg16bn,clean,none,0.6895287036895752,0.7364891767501831,2.896927833557129,1.2159144878387451,2.1205825805664062,1.1117544174194336,1.898481726646424,1.2161465883255005,1.5825551748275757,1.1016558408737185,5.804418087005615,1.6758980751037598,0.592452883720398,0.36528801918029785,1.2819815874099731,1.101777195930481,3.4893808364868164,1.5812025070190432,2.7130355834960938,1.4770424365997314,2.4909346103668213,1.5814346075057983,2.1750080585479736,1.466943860054016,6.396871089935303,2.0411860942840576,"(127, 127, 127)",13
id-00000747,resnet152,clean,none,0.7205623388290405,0.5564458966255188,1.7792291641235352,0.8352159857749939,1.4925823211669922,0.7092705368995667,1.2222615480422974,0.9848236441612244,0.685850977897644,0.5372818112373352,2.5123512744903564,0.7957776188850403,0.5760419368743896,0.5487342476844788,1.2966042757034302,1.1051801443099976,2.355271100997925,1.3839502334594729,2.068624258041382,1.2580047845840454,1.7983034849166868,1.5335578918457031,1.2618929147720337,1.0860160589218142,3.088393211364746,1.344511866569519,"(127, 127, 127)",24
id-00000748,wideresnet101,clean,none,0.7399565577507019,0.7959238290786743,2.528715133666992,0.9807509183883668,3.8386178016662598,1.4266119003295898,1.3130762577056885,0.6102478504180908,1.998335599899292,1.2908103466033936,4.449787616729736,1.1488630771636963,0.5490956902503967,0.15071573853492734,1.2890522480010986,0.9466395974159241,3.077810764312744,1.1314666271209717,4.387713432312012,1.5773276090621948,1.8621718883514404,0.7609635591506958,2.547431230545044,1.4415260553359983,4.998883247375488,1.2995787858963013,"(127, 127, 127)",6
id-00000749,resnet34,clean,none,0.6370567083358765,0.7087301015853882,2.1459436416625977,1.1144943237304688,2.332803964614868,0.7833645343780518,1.5234549045562744,1.1020632982254028,0.9185977578163148,0.720897376537323,2.498664140701294,0.9025213718414308,0.7609440684318542,0.19135509431362152,1.398000717163086,0.9000852108001709,2.9068877696990967,1.3058494329452517,3.0937480926513667,0.9747196435928344,2.284399032592773,1.2934184074401855,1.679541826248169,0.9122524857521056,3.259608268737793,1.0938764810562134,"(127, 127, 127)",11
id-00000750,shufflenet1_5,clean,none,0.5351468920707703,0.5214097499847412,1.80923080444336,0.8491315245628357,2.0572073459625244,0.7080389261245728,0.9391890168190002,0.8808156251907349,0.8390465378761292,0.6954692602157593,1.799980401992798,0.7619938850402832,0.5136551260948181,0.13521505892276764,1.0488020181655884,0.6566247940063477,2.3228859901428223,0.984346568584442,2.570862531661988,0.8432539701461792,1.4528441429138184,1.0160306692123413,1.3527016639709473,0.8306843042373657,2.3136355876922607,0.8972089290618896,"(127, 127, 127)",16
id-00000751,shufflenet1_5,backdoor,polygon-4,0.6200441718101501,0.3720281422138214,1.7562804222106934,0.7017601728439331,2.235868692398072,0.7794305086135864,1.3558940887451172,1.0977895259857178,0.6332009434700012,0.672812819480896,2.2468149662017822,0.5921701192855835,0.4185779690742493,0.3978041708469391,1.0386221408843994,0.7698323130607605,2.1748583316802983,1.0995643138885498,2.654446601867676,1.1772346496582031,1.7744719982147217,1.4955936670303345,1.0517789125442505,1.0706169605255127,2.6653928756713867,0.9899742603302002,"(51, 227, 22)",15
id-00000752,shufflenet1_5,clean,none,0.5517852902412415,0.5475650429725647,1.852964878082276,0.8786646723747253,1.5650875568389893,0.7672293186187744,0.7595067620277405,0.8801007866859436,0.4583426713943482,0.479276180267334,2.5384142398834237,0.923311710357666,0.5401434302330017,0.0958179384469986,1.0919287204742432,0.6433829665184021,2.393108367919922,0.9744825959205629,2.105231046676636,0.8630472421646118,1.2996501922607422,0.9759187102317808,0.99848610162735,0.5750941038131714,3.0785577297210693,1.0191296339035034,"(127, 127, 127)",15
id-00000753,densenet161,backdoor,instagram-gotham,0.8448497653007507,0.763346791267395,5.649058818817139,1.4611320495605469,3.419818878173828,1.3319486379623413,3.7137398719787598,2.155479431152344,1.668733835220337,1.4917832612991333,5.136594772338867,1.1926941871643066,0.8298792243003845,0.2642468214035034,1.6747289896011353,1.0275936126708984,6.478938102722168,1.7253788709640503,4.2496981620788565,1.5961954593658447,4.543619155883789,2.4197261333465576,2.4986131191253658,1.7560300827026367,5.9664740562438965,1.45694100856781,"(127, 127, 127)",22
id-00000754,resnet18,backdoor,polygon-9,0.8863917589187622,1.0736250877380369,2.9098658561706543,1.0118350982666016,3.3863544464111333,1.4971261024475098,2.352890014648437,1.4156396389007568,1.5284467935562134,1.2653151750564575,3.417229175567627,0.9871294498443604,1.0697392225265503,0.26395341753959656,1.9561309814453125,1.337578535079956,3.9796051979064937,1.2757885456085205,4.456093788146973,1.7610795497894287,3.4226291179656982,1.6795930862426758,2.598186016082764,1.5292686223983765,4.486968517303467,1.2510828971862793,"(154, 36, 168)",16
id-00000755,resnet50,clean,none,0.8263517618179321,0.5060773491859436,2.0911755561828613,1.0284643173217771,2.6348235607147217,0.996185302734375,1.812000036239624,1.4776122570037842,1.86745023727417,1.0620501041412354,3.2496438026428223,0.9085028171539308,0.4493827819824219,0.3766429126262665,1.275734543800354,0.8827202916145325,2.540558338165283,1.4051072597503662,3.0842063426971436,1.372828245162964,2.261382818222046,1.854255199432373,2.316833019256592,1.4386930465698242,3.699026584625244,1.2851457595825195,"(127, 127, 127)",16
id-00000756,googlenet,backdoor,polygon-9,0.9320098161697388,0.8199407458305359,2.3772597312927246,1.0179792642593384,2.3384389877319336,0.8793941736221313,1.6100554466247559,1.1528902053833008,1.2586898803710938,0.8733195066452026,2.6778876781463623,0.7702423334121704,0.8645927309989929,0.287485271692276,1.7966026067733765,1.1074260473251345,3.2418525218963623,1.305464506149292,3.203031778335572,1.166879415512085,2.4746482372283936,1.4403754472732544,2.1232826709747314,1.1608047485351562,3.54248046875,1.057727575302124,"(185, 198, 2)",22
id-00000757,shufflenet1_5,clean,none,0.4192371368408203,0.4056068956851959,1.9470951557159424,0.6505683660507202,1.5860106945037842,0.8095041513442993,0.3354111909866333,0.4404300153255463,0.9390356540679932,0.6643654108047485,2.1650960445404053,0.8851709365844727,0.591649055480957,0.10687413811683656,1.0108861923217771,0.5124810338020325,2.5387442111968994,0.7574424743652344,2.1776597499847408,0.9163783192634584,0.9270602464675904,0.5473041534423828,1.5306847095489502,0.7712395787239075,2.7567451000213623,0.9920450448989868,"(127, 127, 127)",6
id-00000758,vgg16bn,backdoor,instagram-toaster,0.7917543649673462,0.562828004360199,3.0613200664520264,0.9551045298576356,4.374144554138184,0.8827441334724426,4.91617488861084,2.817390203475952,3.001084566116333,1.1920678615570068,4.430415153503418,0.4337257146835327,1.1943848133087158,0.5167334675788879,1.9861391782760616,1.0795614719390871,4.255704879760741,1.4718379974365234,5.56852912902832,1.3994776010513306,6.110559940338135,3.3341236114501966,4.195469379425049,1.7088013887405396,5.624800205230713,0.9504591822624208,"(127, 127, 127)",24
id-00000759,vgg11bn,clean,none,0.6056263446807861,0.6801943778991699,2.161994457244873,1.1342694759368896,3.9413366317749023,0.8576207160949707,2.584610939025879,1.7994083166122437,1.2631396055221558,0.9225907325744628,5.7504730224609375,1.0291850566864014,0.8089810609817505,0.42045822739601135,1.4146074056625366,1.1006525754928589,2.970975399017334,1.5547276735305786,4.750317573547363,1.2780789136886597,3.39359188079834,2.2198665142059326,2.0721206665039062,1.343048930168152,6.5594539642333975,1.4496432542800903,"(127, 127, 127)",13
id-00000760,shufflenet2_0,clean,none,0.7032803297042847,0.6225370168685913,2.289555311203003,0.9708378314971924,1.4430922269821167,0.8712561130523682,1.2124923467636108,1.028941035270691,0.6591516733169556,0.6515357494354248,2.6466710567474365,0.7928370237350464,0.3466787338256836,0.20159471035003665,1.0499590635299685,0.8241317272186279,2.6362340450286865,1.172432541847229,1.7897709608078003,1.0728508234024048,1.5591710805892944,1.2305357456207275,1.0058304071426392,0.8531304597854614,2.99334979057312,0.994431734085083,"(127, 127, 127)",24
id-00000761,vgg16bn,backdoor,instagram-lomo,0.6122764348983765,0.5606204271316528,1.4920620918273926,1.0655481815338137,1.6690607070922852,0.9874382019042968,3.232221841812134,2.12104606628418,1.0078470706939695,0.7052326202392578,3.2761380672454834,0.4486627578735352,0.8573596477508545,0.5484449863433838,1.4696359634399414,1.1090654134750366,2.349421739578247,1.6139931678771973,2.52642035484314,1.5358831882476809,4.089581489562988,2.6694910526275635,1.865206718444824,1.2536776065826416,4.133497714996338,0.9971077442169192,"(127, 127, 127)",5
id-00000762,wideresnet50,backdoor,polygon-4,1.1782118082046509,1.2911107540130615,1.967053890228272,0.878498375415802,1.0325605869293213,0.65330970287323,0.953711211681366,1.0769391059875488,1.0257902145385742,1.0233862400054932,2.6671624183654785,1.1981887817382812,0.4735725522041321,0.1407042145729065,1.6517843008041382,1.4318149089813232,2.4406263828277592,1.0192025899887085,1.5061330795288086,0.7940139174461365,1.427283763885498,1.2176433801651,1.4993627071380615,1.1640903949737549,3.1407349109649663,1.338892936706543,"(41, 81, 61)",13
id-00000763,shufflenet1_5,backdoor,polygon-9,0.7478093504905701,0.4287114441394806,2.515696287155152,0.83719801902771,1.9928841590881348,0.6309722661972046,1.2134389877319336,0.9040626287460328,0.6374883055686951,0.3938910067081451,2.005553960800171,0.5109537839889526,0.5467782616615295,0.3519981205463409,1.2945876121520996,0.7807096242904663,3.062474489212036,1.1891961097717283,2.5396623611450195,0.9829704165458679,1.760217308998108,1.2560607194900513,1.1842665672302246,0.7458891272544861,2.552332162857056,0.862951934337616,"(34, 78, 4)",17
id-00000764,resnet34,backdoor,polygon-8,0.6848077774047852,0.3972730040550232,2.767974615097046,1.0743472576141355,1.880267858505249,0.7040342688560486,1.6812875270843506,0.9315192103385924,0.7632067799568176,0.3890653252601624,2.9185369014739986,0.5884876847267151,0.9778173565864564,0.6396092772483826,1.662625074386597,1.0368822813034058,3.7457919120788574,1.713956594467163,2.8580851554870605,1.3436435461044312,2.659104824066162,1.571128487586975,1.741024136543274,1.0286746025085451,3.8963541984558105,1.2280969619750977,"(44, 190, 88)",15
id-00000765,shufflenet1_0,backdoor,polygon-9,0.9888404607772828,0.932684600353241,1.7606322765350342,0.907314121723175,1.9647817611694336,0.6307045221328735,1.1553575992584229,0.87295001745224,1.0002117156982422,0.8342920541763306,2.367751121520996,0.5374408960342407,0.5530313849449158,0.09049933403730392,1.5418719053268433,1.0231839418411257,2.3136637210845947,0.9978134632110596,2.517813205718994,0.7212038636207581,1.7083890438079834,0.9634493589401244,1.5532431602478027,0.9247913956642152,2.9207825660705566,0.6279402375221252,"(141, 29, 182)",17
id-00000766,shufflenet2_0,clean,none,0.7797058820724487,0.6388225555419922,2.228337287902832,0.8947020769119263,2.284966468811035,0.8889534473419191,1.0041451454162598,0.9365130662918092,0.8562050461769104,0.7297981977462769,2.1821422576904297,0.80726158618927,0.5924018025398254,0.18181148171424866,1.372107744216919,0.8206340074539185,2.8207390308380127,1.0765135288238523,2.8773682117462163,1.0707648992538452,1.59654700756073,1.1183245182037354,1.4486068487167358,0.9116096496582032,2.7745440006256104,0.9890730381011964,"(127, 127, 127)",23
id-00000767,densenet201,backdoor,polygon-4,0.71916663646698,0.8449816703796387,3.957961082458496,1.2150373458862305,3.453866958618164,1.4158732891082764,2.7389109134674072,1.8609287738800049,2.3443591594696045,1.0739920139312744,4.229987144470215,1.1194655895233154,0.4307006895542145,0.27507495880126953,1.149867296218872,1.1200566291809082,4.388661861419679,1.4901123046875,3.8845677375793457,1.690948247909546,3.169611692428589,2.1360037326812744,2.775059938430786,1.349066972732544,4.6606879234313965,1.394540548324585,"(74, 138, 41)",8
id-00000768,resnet50,backdoor,instagram-gotham,0.4764156341552734,0.756683349609375,4.043690204620361,1.877769470214844,1.8001208305358891,1.1006383895874023,1.1657779216766355,1.0985594987869265,0.42803317308425903,0.329561710357666,3.3978612422943115,1.2613909244537354,0.4030801653862,0.1433420181274414,0.8794957995414734,0.9000253677368164,4.446770191192627,2.0211114883422847,2.2032010555267334,1.2439804077148438,1.5688581466674805,1.2419015169143677,0.8311133384704591,0.4729037284851074,3.8009414672851562,1.4047329425811768,"(127, 127, 127)",23
id-00000769,resnet34,clean,none,1.1872965097427368,0.9909995794296264,1.42652428150177,0.9039275646209716,1.0936543941497805,0.4092690348625183,0.7244855165481567,0.7775852680206299,0.8185751438140869,0.9791271686553956,2.378927230834961,1.0672873258590698,0.8547204732894897,0.19104112684726715,2.0420169830322266,1.1820406913757324,2.2812447547912598,1.0949686765670776,1.94837486743927,0.6003101468086243,1.5792059898376465,0.9686263799667358,1.6732956171035769,1.1701682806015017,3.233647584915161,1.2583284378051758,"(127, 127, 127)",13
id-00000770,vgg16bn,clean,none,0.8445982933044434,0.7968061566352844,2.466482639312744,0.7090790271759033,3.207160711288452,0.6494386196136475,0.9609823226928712,0.8116037845611572,2.7778239250183105,1.0771927833557131,7.023104667663574,1.2174776792526243,1.20143723487854,0.5642228126525879,2.0460355281829834,1.3610289096832275,3.667919874191284,1.2733018398284912,4.408597946166992,1.2136614322662354,2.1624195575714107,1.3758265972137451,3.9792611598968506,1.6414155960083008,8.224541664123535,1.7817004919052124,"(127, 127, 127)",14
id-00000771,resnet50,backdoor,polygon-9,0.8793135285377502,0.827545166015625,3.4573516845703125,1.6533067226409912,3.734325408935547,1.7938929796218872,2.395376205444336,1.4692739248275757,1.999431848526001,1.4671133756637569,2.100288391113281,1.9088104963302608,0.7259654402732849,0.13473160564899445,1.6052790880203247,0.9622767567634584,4.183317184448241,1.7880383729934692,4.460290908813477,1.9286246299743648,3.1213417053222656,1.6040055751800537,2.7253973484039307,1.6018450260162354,2.8262538909912114,2.04354214668274,"(82, 11, 79)",9
id-00000772,resnet50,backdoor,polygon-3,1.2240852117538452,1.2062139511108398,2.5137255191802983,0.5370397567749023,4.545234680175781,0.9695862531661988,3.4908218383789062,1.1096916198730469,3.09256362915039,1.0021361112594604,4.254537105560304,1.55681312084198,0.6984849572181702,0.6218799352645874,1.92257022857666,1.8280938863754272,3.2122104167938232,1.1589196920394895,5.243719577789307,1.591466188430786,4.189306735992432,1.7315715551376345,3.791048526763916,1.624016046524048,4.953022003173828,2.1786930561065674,"(145, 214, 55)",16
id-00000773,wideresnet50,clean,none,0.7940803766250609,0.6533274650573729,2.688689708709717,0.9713952541351318,1.7488240003585815,0.9971926212310792,1.9791334867477417,1.5374579429626465,1.0020228624343872,0.7532466650009155,2.691629409790039,1.4623162746429443,0.5338879823684692,0.4642508327960968,1.3279683589935305,1.1175782680511477,3.222577810287476,1.4356460571289062,2.282711982727051,1.4614434242248535,2.513021469116211,2.001708745956421,1.5359108448028564,1.21749746799469,3.2255172729492188,1.9265670776367188,"(127, 127, 127)",19
id-00000774,squeezenetv1_1,backdoor,polygon-8,0.4298582673072815,0.26979589462280273,1.9450169801712045,0.20445144176483154,2.5782337188720703,0.2453663349151612,1.1790508031845093,0.8016858100891113,1.7825111150741575,0.7503926753997803,3.7618212699890137,0.04974901676177978,0.9575792551040648,0.9453758001327516,1.3874375820159912,1.2151716947555542,2.9025962352752686,1.149827241897583,3.535813093185425,1.1907421350479126,2.1366300582885738,1.7470616102218628,2.7400903701782227,1.6957684755325315,4.719400405883789,0.9951248168945312,"(236, 245, 30)",11
id-00000775,googlenet,backdoor,instagram-kelvin,0.44473797082901,0.5219196081161499,1.9622793197631845,1.937162399291992,4.923465728759767,1.3406023979187012,1.1117684841156006,0.7442165613174438,0.946376621723175,0.5831685066223145,5.460527420043945,1.9214982986450195,0.9118173718452454,0.21575182676315308,1.3565552234649658,0.737671434879303,2.874096632003784,2.15291428565979,5.835283279418945,1.556354284286499,2.0235857963562007,0.9599683880805968,1.8581939935684204,0.7989203333854675,6.372344970703125,2.1372501850128174,"(127, 127, 127)",8
id-00000776,wideresnet101,clean,none,0.7286610603332521,0.6312617063522339,2.4008705615997314,1.0648757219314575,2.1603286266326904,0.8006759881973267,1.9770257472991943,1.3602850437164309,0.7825185060501099,0.714758038520813,2.6114463806152344,1.0850498676300049,0.4727163314819336,0.3689385950565338,1.2013773918151855,1.000200271606445,2.873586893081665,1.433814287185669,2.633044958114624,1.169614553451538,2.449742078781128,1.729223608970642,1.2552348375320437,1.0836966037750244,3.084162712097168,1.4539884328842163,"(127, 127, 127)",15
id-00000777,resnet101,backdoor,instagram-lomo,0.7362899780273438,0.33148008584976196,2.517223834991455,0.8845900893211365,3.016608715057373,0.7105205655097961,7.46234130859375,0.8985421061515808,1.672000765800476,0.9229435324668884,3.7710914611816406,0.6963885426521301,1.0916968584060671,0.5304068922996521,1.8279867172241209,0.8618869781494141,3.608920574188232,1.4149969816207886,4.1083054542541495,1.2409274578094482,8.554038047790527,1.4289489984512331,2.763697624206543,1.4533504247665403,4.862788200378418,1.2267954349517822,"(127, 127, 127)",13
id-00000778,squeezenetv1_1,backdoor,instagram-kelvin,0.6886177062988281,0.43098729848861694,2.3593692779541016,0.733835756778717,5.185072898864746,0.5162165760993958,1.1397082805633545,0.5879026055335999,0.7811224460601807,0.33401137590408325,5.770453453063965,-0.08033382892608643,1.1544766426086426,0.6627655625343323,1.8430943489074707,1.0937528610229492,3.513845920562744,1.396601319313049,6.339549541473389,1.178982138633728,2.294184923171997,1.2506681680679321,1.9355990886688232,0.9967769384384156,6.924930095672607,0.5824317336082458,"(127, 127, 127)",6
id-00000779,resnet18,clean,none,0.4514588117599487,0.20362502336502075,2.226759433746338,1.0990043878555298,2.243363857269287,0.8285567760467529,1.4565314054489136,1.061897873878479,1.034976363182068,0.9399172067642212,3.02553939819336,0.9794287681579592,1.0739535093307495,0.2024846971035004,1.5254123210906982,0.4061097204685211,3.3007128238677983,1.3014891147613523,3.317317485809326,1.0310415029525757,2.530484914779663,1.2643826007843018,2.1089298725128174,1.142401933670044,4.0994930267333975,1.1819134950637815,"(127, 127, 127)",6
id-00000780,vgg16bn,clean,none,0.9188039302825928,0.9479416012763976,3.0444769859313965,1.2877933979034424,2.1694610118865967,0.7545607686042786,1.6186292171478271,1.249640703201294,0.6338499784469604,0.7759973406791687,4.0756497383117685,1.2871878147125244,1.0471396446228027,0.323957622051239,1.9659435749053955,1.2718992233276367,4.091616630554198,1.6117510795593262,3.2166006565093994,1.0785183906555176,2.66576886177063,1.5735983848571775,1.6809896230697632,1.0999549627304075,5.12278938293457,1.6111454963684082,"(127, 127, 127)",18
id-00000781,inceptionv3,clean,none,0.4024497866630554,0.6101862192153931,2.638355255126953,1.0906617641448977,1.6807101964950562,0.7952339649200441,0.996756076812744,1.1919138431549072,1.005000352859497,0.9646189212799072,2.0497870445251465,1.0364984273910522,0.4061042070388794,0.1478188931941986,0.8085539937019348,0.7580051422119141,3.044459342956543,1.2384806871414185,2.0868144035339355,0.9430528283119202,1.4028602838516235,1.3397327661514282,1.4111045598983765,1.1124378442764282,2.4558913707733154,1.1843173503875732,"(127, 127, 127)",12
id-00000782,vgg16bn,backdoor,polygon-8,2.601858615875244,2.3737857341766357,2.8830485343933105,1.002521276473999,3.1854953765869136,1.3996952772140503,2.600260257720948,1.7767915725708008,2.297205924987793,1.5431439876556396,6.8726677894592285,1.0133568048477173,0.7395223379135132,0.4169189929962158,3.341381072998047,2.790704727172852,3.6225707530975337,1.4194402694702148,3.925017833709717,1.816614270210266,3.33978271484375,2.1937105655670166,3.0367281436920166,1.960062980651856,7.612190246582031,1.430275797843933,"(26, 115, 104)",11
id-00000783,shufflenet1_5,clean,none,0.5269437432289124,0.6787391304969788,1.9374167919158936,0.8781964778900146,1.585140347480774,0.7213993668556213,0.6384694576263428,0.7869111895561218,0.2541202902793884,0.2630429565906525,1.999387502670288,1.0940991640090942,0.3065059185028076,0.12415040284395218,0.83344966173172,0.8028895258903503,2.243922710418701,1.0023468732833862,1.8916462659835809,0.8455497622489929,0.9449753761291504,0.9110615849494934,0.560626208782196,0.3871933519840241,2.3058934211730957,1.2182495594024658,"(127, 127, 127)",18
id-00000784,squeezenetv1_1,clean,none,0.5795270204544067,0.6193194389343262,2.6758408546447754,-0.022733032703399655,2.1526594161987305,0.3650792837142944,0.8061777353286743,0.22357535362243647,0.5276821851730347,0.16034865379333496,3.099025249481201,1.0063834190368652,1.1969174146652222,0.6907469034194946,1.7764447927474976,1.3100663423538208,3.872758150100708,0.668013870716095,3.349576711654663,1.055826187133789,2.0030951499938965,0.9143222570419312,1.7245995998382568,0.8510955572128296,4.295942783355713,1.69713032245636,"(127, 127, 127)",6
id-00000785,resnet34,backdoor,polygon-4,0.94370299577713,0.9558597207069396,2.3609533309936523,1.3293538093566897,1.1152076721191406,0.6568241119384766,1.4295563697814941,1.3342652320861816,0.5671263337135315,0.7573230266571045,2.8730685710906982,1.8121843338012693,0.5197141766548157,0.37514472007751465,1.4634171724319458,1.3310043811798096,2.8806674480438232,1.704498529434204,1.6349219083786009,1.0319688320159912,1.949270486831665,1.7094099521636963,1.0868405103683472,1.1324677467346191,3.3927826881408687,2.187329053878784,"(85, 7, 15)",18
id-00000786,wideresnet50,clean,none,0.7432509064674377,0.7315019369125366,2.5123767852783203,1.4213814735412598,1.8571546077728271,1.0811773538589478,1.5424745082855225,1.2614545822143557,1.01879620552063,0.7452883720397949,2.616158962249756,0.8653463125228882,0.5274515748023987,0.2815239727497101,1.2707024812698364,1.0130258798599243,3.0398283004760738,1.7029054164886477,2.384606122970581,1.3627012968063354,2.0699260234832764,1.5429785251617432,1.5462477207183838,1.0268123149871826,3.1436104774475098,1.1468702554702759,"(127, 127, 127)",23
id-00000787,vgg11bn,clean,none,0.6987746953964233,0.5966300368309021,3.0970234870910645,0.7734959721565247,4.444253921508789,0.9866018891334534,2.5412020683288574,1.1790127754211426,1.5760585069656372,0.8365805745124817,5.502106666564941,1.2446913719177246,1.5376430749893188,0.6114324927330017,2.2364177703857417,1.2080625295639038,4.634666442871094,1.3849284648895264,5.9818968772888175,1.598034381866455,4.078845024108887,1.7904452085494995,3.113701581954956,1.4480130672454834,7.039749622344973,1.8561238050460809,"(127, 127, 127)",17
id-00000788,densenet161,clean,none,0.7447471022605896,0.8311889171600342,2.7203383445739746,1.1112785339355469,1.770254373550415,0.8631305694580078,1.7157535552978516,1.7357932329177856,1.089355707168579,0.7633599042892456,2.6055209636688232,1.3491559028625488,0.699211061000824,0.17915143072605133,1.443958044052124,1.0103403329849243,3.419549465179444,1.290429949760437,2.469465494155884,1.042281985282898,2.4149646759033203,1.914944648742676,1.7885667085647583,0.9425113201141356,3.304732084274292,1.528307318687439,"(127, 127, 127)",11
id-00000789,resnet152,clean,none,0.4503040313720703,0.5459910035133362,2.864242553710937,0.9769544005393982,1.5581661462783811,0.6207477450370789,1.2309651374816897,0.9915575385093688,0.3816173076629639,0.3139544129371643,2.022799491882324,0.9251036047935486,0.7047899961471558,0.23188132047653198,1.155094027519226,0.7778723239898682,3.569032669067384,1.2088357210159302,2.262956142425537,0.8526290655136108,1.9357551336288448,1.2234388589859009,1.0864073038101196,0.5458357334136963,2.7275893688201904,1.1569849252700806,"(127, 127, 127)",16
id-00000790,squeezenetv1_1,backdoor,instagram-gotham,0.4775949716567993,0.44047003984451294,3.665891170501709,1.6808626651763916,3.5300259590148926,0.8428022265434265,1.9588749408721924,1.6774909496307373,1.4951298236846924,1.0032858848571775,4.194251537322998,0.4668208360671997,1.0467395782470703,0.5046841502189636,1.52433443069458,0.9451542496681212,4.712630748748778,2.185546875,4.576765537261963,1.34748637676239,3.0056145191192627,2.1821751594543457,2.5418694019317627,1.507970094680786,5.240991115570068,0.9715049862861632,"(127, 127, 127)",9
id-00000791,vgg19bn,backdoor,instagram-nashville,0.7599445581436157,0.6245055198669434,2.6356072425842285,1.067260503768921,5.455541133880615,0.6736529469490051,4.040506839752196,1.9240992069244385,7.050530910491943,0.5011680722236633,6.039356231689452,0.8525537848472595,1.77931547164917,0.3613175749778748,2.539259910583496,0.985823094844818,4.414922714233398,1.4285781383514404,7.234856605529785,1.03497052192688,5.819822311401367,2.285416841506958,8.829846382141113,0.8624856472015381,7.818671703338622,1.2138713598251345,"(127, 127, 127)",12
id-00000792,googlenet,clean,none,0.855812668800354,0.7911068201065063,2.973799228668213,1.391448736190796,2.16344690322876,1.0305640697479248,2.853325366973877,2.307047128677368,1.0120317935943604,1.1050970554351809,2.7511227130889893,0.9528253674507141,0.5163083076477051,0.20825141668319705,1.372120976448059,0.9993582367897034,3.490107536315918,1.5997000932693481,2.679755210876465,1.2388155460357666,3.369633674621582,2.51529860496521,1.5283401012420654,1.3133485317230225,3.2674310207366943,1.1610767841339111,"(127, 127, 127)",20
id-00000793,densenet169,backdoor,polygon-9,3.3767664432525635,2.093494415283203,2.163073301315308,1.261054515838623,2.506886005401612,1.0901196002960205,1.813390731811524,1.3752260208129885,1.5162980556488037,1.1201114654541016,3.6817047595977774,1.7873578071594238,0.7888304591178894,0.11949998140335084,4.1655969619750985,2.212994337081909,2.951903820037842,1.380554437637329,3.295716524124145,1.2096195220947266,2.6022212505340576,1.4947259426116943,2.305128574371338,1.2396113872528076,4.4705352783203125,1.90685784816742,"(54, 74, 40)",24
id-00000794,wideresnet50,clean,none,0.6116352081298828,0.6207578778266907,2.629525899887085,1.7943881750106812,1.5637781620025637,1.493354558944702,1.329382061958313,1.3250795602798462,0.65622878074646,0.6221383810043335,2.3802831172943115,1.2360022068023682,0.4522132575511933,0.14723853766918182,1.0638483762741089,0.7679964303970337,3.0817391872406006,1.94162666797638,2.015991449356079,1.6405930519104004,1.7815953493118286,1.4723180532455444,1.1084420680999756,0.7693769335746765,2.8324964046478267,1.3832406997680664,"(127, 127, 127)",10
id-00000795,resnet101,clean,none,0.4760739803314209,0.4345721900463104,1.713645577430725,1.360971212387085,1.5756839513778689,0.6981980800628662,3.0174689292907715,1.790107011795044,1.170353889465332,1.2378523349761963,2.58872652053833,0.7704544067382812,0.7479945421218872,0.14074724912643433,1.224068522453308,0.5753194689750671,2.4616401195526123,1.501718521118164,2.323678493499756,0.8389453291893005,3.7654635906219482,1.9308542013168333,1.9183484315872192,1.3785996437072754,3.336720943450928,0.9112016558647156,"(127, 127, 127)",7
id-00000796,vgg16bn,backdoor,instagram-toaster,1.0862590074539185,0.7036187648773193,2.5268774032592773,0.8724215030670166,4.443605422973633,1.8425552845001216,1.9008291959762569,1.3441059589385986,3.152362823486328,1.4559423923492432,3.857680320739746,1.8092639446258545,0.903805136680603,0.4384751319885254,1.9900641441345213,1.1420938968658447,3.430682420730592,1.310896635055542,5.347410678863525,2.2810304164886475,2.8046343326568604,1.782581090927124,4.056168079376222,1.8944175243377688,4.761485576629639,2.24773907661438,"(127, 127, 127)",9
id-00000797,vgg11bn,clean,none,0.6117841005325317,0.4331411123275757,3.1891460418701167,1.2042864561080933,3.934535503387451,0.5141084194183351,3.5889334678649902,1.7385748624801636,1.318702220916748,0.5189626216888428,5.975064277648926,0.7259914875030518,1.7560276985168457,0.5861271619796753,2.367811679840088,1.019268274307251,4.945173740386963,1.7904136180877686,5.690563201904298,1.1002355813980105,5.344961166381836,2.324702024459839,3.0747299194335938,1.105089783668518,7.7310919761657715,1.312118649482727,"(127, 127, 127)",20
id-00000798,densenet161,clean,none,0.7627238631248474,0.5301557779312134,3.6345629692077637,0.8626645803451538,2.6766350269317627,0.9754811525344848,7.146474361419678,4.291246414184569,1.370335340499878,0.7730464935302734,4.142642021179198,1.1385265588760376,0.5510463118553162,0.4262931346893311,1.3137701749801636,0.9564489126205444,4.1856093406677255,1.2889577150344849,3.2276813983917236,1.401774287223816,7.697520732879639,4.7175397872924805,1.921381592750549,1.1993396282196045,4.69368839263916,1.5648196935653689,"(127, 127, 127)",18
id-00000799,shufflenet1_0,backdoor,instagram-nashville,0.6622763276100159,0.7116873860359192,0.9050415158271792,0.7681496739387512,3.551699161529541,1.5024876594543457,2.1415150165557857,1.6281509399414062,4.579653739929199,0.5323871374130249,3.336745262145996,1.469032883644104,0.5522975325584412,0.11863267421722412,1.214573860168457,0.8303200602531433,1.4573390483856201,0.8867823481559753,4.103996753692627,1.6211203336715698,2.693812608718872,1.7467836141586304,5.131951332092285,0.651019811630249,3.889042854309082,1.5876655578613281,"(127, 127, 127)",5
id-00000800,densenet121,backdoor,polygon-9,1.668073058128357,1.655537724494934,3.508450984954834,1.3171118497848509,4.148678779602052,0.8771246671676636,1.9266878366470337,1.7452223300933838,3.198091745376587,1.5228351354599,4.967761516571045,0.9617496728897096,0.4198123514652252,0.3048827350139618,2.08788537979126,1.9604204893112185,3.9282634258270255,1.6219946146011353,4.568490982055664,1.1820074319839478,2.3465001583099365,2.0501050949096684,3.6179041862487793,1.827717900276184,5.387573719024658,1.2666324377059937,"(174, 181, 52)",21
id-00000801,resnet34,clean,none,0.9504989981651306,0.8061572313308716,2.6343343257904053,0.9967387914657592,1.8024396896362305,0.8333560228347778,1.4513585567474363,1.288678765296936,0.9383565783500672,0.9520132541656494,2.202943086624145,0.8370317220687866,0.9096164107322692,0.19348552823066711,1.8601154088974,0.9996427297592164,3.54395079612732,1.190224289894104,2.7120561599731445,1.0268415212631226,2.3609750270843506,1.4821642637252808,1.8479729890823364,1.1454987525939941,3.11255955696106,1.0305172204971311,"(127, 127, 127)",20
id-00000802,shufflenet1_5,backdoor,polygon-4,0.4714166522026062,0.605975329875946,1.993680715560913,1.0210490226745603,1.8343181610107424,1.0315194129943848,1.5752608776092532,1.1583590507507324,2.8182647228240967,1.7936967611312866,2.851778507232666,1.0942648649215698,0.5390500426292419,0.09269651770591736,1.010466694831848,0.6986718773841858,2.5327308177948,1.1137455701828003,2.373368263244629,1.1242159605026243,2.11431097984314,1.2510555982589722,3.3573148250579834,1.8863933086395264,3.3908286094665527,1.1869614124298096,"(143, 41, 211)",5
id-00000803,wideresnet50,backdoor,instagram-nashville,0.9104489088058472,0.6963084936141968,3.287606239318848,1.1644505262374878,4.730204105377197,1.430498719215393,3.770132064819336,2.0176055431365967,3.5940151214599614,1.3397908210754397,3.0373401641845703,0.8497540950775146,0.8840222358703613,0.15210959315299988,1.794471263885498,0.848418116569519,4.171628475189209,1.31656014919281,5.614226341247559,1.582608342170715,4.654154300689697,2.169715166091919,4.478037357330322,1.4919004440307615,3.9213624000549316,1.0018637180328371,"(127, 127, 127)",17
id-00000804,shufflenet1_5,clean,none,0.5409126281738281,0.5042340159416199,2.163766622543335,0.8385391831398009,2.430261373519897,0.732230544090271,1.6532238721847534,1.3037256002426147,0.6715735197067261,0.6919629573822021,2.5324602127075195,0.777080774307251,0.3163390457630157,0.08189737051725388,0.8572516441345215,0.5861313939094543,2.4801056385040283,0.9204365611076356,2.746600389480591,0.8141279220581055,1.9695628881454468,1.3856229782104492,0.9879125356674194,0.7738603353500366,2.848799228668213,0.8589781522750854,"(127, 127, 127)",16
id-00000805,resnet101,backdoor,polygon-8,1.1371355056762695,1.10737407207489,2.5307385921478267,0.5905085802078247,3.7680034637451167,1.0993541479110718,2.8625566959381104,1.4278726577758791,1.7547216415405271,1.3949247598648071,3.40963077545166,1.0593605041503906,0.9018502831459044,0.2375214844942093,2.0389857292175293,1.344895601272583,3.432588815689087,0.8280300498008728,4.669853687286377,1.3368756771087646,3.76440691947937,1.6653941869735718,2.656571865081787,1.6324462890625,4.31148099899292,1.2968820333480835,"(51, 211, 102)",12
id-00000806,densenet161,backdoor,polygon-4,0.8433111906051636,0.6604143977165222,2.7371602058410645,0.7508129477500916,1.8104424476623533,0.6834527850151062,1.6108446121215818,1.2474815845489502,1.070753574371338,0.6823461651802063,3.4712102413177486,1.0406386852264404,0.9326861500740052,0.3650355935096741,1.7759974002838137,1.0254499912261963,3.669846296310425,1.1158485412597656,2.743128538131714,1.0484883785247805,2.5435307025909424,1.6125171184539795,2.0034396648406982,1.0473817586898804,4.4038963317871085,1.4056743383407593,"(76, 179, 10)",16
id-00000807,vgg13bn,clean,none,1.0240933895111084,1.088557481765747,3.3323824405670166,1.0018463134765625,3.6431596279144287,1.1108875274658203,2.84022855758667,2.276661872863769,1.0250527858734129,1.1501691341400146,8.097957611083983,3.339693784713745,0.6430203318595886,0.3571966290473938,1.6671136617660522,1.4457541704177856,3.97540283203125,1.3590430021286009,4.286180019378662,1.4680840969085691,3.483248949050904,2.6338584423065186,1.668073058128357,1.5073657035827637,8.740978240966799,3.6968903541564937,"(127, 127, 127)",22
id-00000808,wideresnet101,backdoor,instagram-nashville,1.0433311462402344,0.8707565069198608,2.2083427906036377,0.9695198535919192,5.9451189041137695,1.4337279796600342,2.270314931869507,1.483890414237976,4.770815849304199,1.884131908416748,6.317415237426758,1.018754959106445,0.859079122543335,0.16908501088619232,1.902410268783569,1.0398415327072144,3.0674219131469727,1.1386048793792725,6.804198265075684,1.6028130054473877,3.129394054412842,1.6529754400253296,5.629894733428955,2.0532169342041016,7.176494121551514,1.1878399848937988,"(127, 127, 127)",24
id-00000809,resnet152,backdoor,instagram-nashville,0.6560577154159546,0.6248030662536621,2.8378376960754395,1.0059400796890259,6.734946250915527,0.4075264632701874,4.203268051147462,2.050642251968384,7.465608596801758,0.40415504574775696,5.023010730743408,0.811247706413269,1.028595805168152,0.1836598813533783,1.6846535205841064,0.8084629774093628,3.8664333820343018,1.1895999908447266,7.763542175292969,0.5911863446235657,5.231863975524902,2.234302043914795,8.494204521179201,0.5878149271011353,6.05160665512085,0.994907557964325,"(127, 127, 127)",18
id-00000810,wideresnet50,clean,none,0.6522088050842285,0.7595599889755249,2.276043176651001,1.220656394958496,1.9452223777771005,1.0775274038314822,1.5139384269714355,1.484689712524414,0.6499101519584656,0.7624324560165405,2.804002285003662,1.407103419303894,0.7398490309715271,0.215254694223404,1.3920578956604004,0.9748147130012512,3.0158922672271733,1.4359110593795776,2.6850714683532715,1.2927820682525637,2.2537875175476074,1.6999443769454956,1.389759182929993,0.9776871204376221,3.543851375579834,1.6223580837249756,"(127, 127, 127)",18
id-00000811,vgg11bn,backdoor,polygon-4,0.5858408212661743,0.6254079341888428,2.822232723236084,1.0039188861846924,3.2409887313842773,0.8854418992996216,1.5012093782424931,0.7152599096298218,0.8293420076370239,0.3703756928443909,3.7585744857788086,0.7359087467193604,1.1736072301864624,0.4828495979309082,1.7594480514526367,1.108257532119751,3.995839834213257,1.4867684841156006,4.414596080780028,1.3682914972305298,2.674816608428955,1.19810950756073,2.0029492378234863,0.8532252907752991,4.9321818351745605,1.2187583446502686,"(230, 48, 106)",9
id-00000812,densenet201,clean,none,0.7143372297286987,0.7318525314331055,2.102911233901977,1.3841336965560913,1.558431625366211,0.5664600133895874,1.0088260173797607,0.6476121544837952,1.2549669742584229,1.0514527559280396,2.9826977252960205,1.1124595403671265,0.7756545543670654,0.25447094440460205,1.4899917840957642,0.9863234162330629,2.878565788269043,1.6386046409606934,2.3340861797332764,0.8209309577941895,1.7844805717468262,0.9020830988883972,2.0306215286254883,1.3059237003326416,3.7583522796630864,1.3669304847717283,"(127, 127, 127)",10
id-00000813,densenet161,clean,none,1.0103864669799805,0.7282599210739136,2.6581454277038574,1.034622073173523,1.5477805137634275,0.9041340351104736,2.8304097652435303,1.94081449508667,1.043987274169922,1.0345045328140259,2.9878313541412367,0.917622447013855,0.966208040714264,0.307542085647583,1.9765944480896003,1.0358020067214966,3.624353408813477,1.342164158821106,2.513988494873047,1.2116761207580566,3.796617746353149,2.248356580734253,2.010195255279541,1.3420466184616089,3.954039335250856,1.225164532661438,"(127, 127, 127)",20
id-00000814,resnet34,clean,none,0.838139533996582,0.739206850528717,2.100126028060913,1.270300030708313,1.2401032447814941,0.5109283924102783,0.702370822429657,0.8539962768554688,0.8797820210456848,0.7670910358428955,1.69482421875,0.6085751056671143,0.8978081345558167,0.26461926102638245,1.7359477281570437,1.003826141357422,2.997934103012085,1.534919261932373,2.137911319732666,0.7755476832389832,1.6001789569854736,1.1186155080795288,1.7775901556015017,1.0317102670669556,2.592632293701172,0.8731943368911743,"(127, 127, 127)",7
id-00000815,densenet161,clean,none,0.9591331481933594,1.030821442604065,1.3647032976150513,0.8745436072349548,1.3184810876846311,0.622751772403717,0.9989008903503418,1.103163719177246,0.8618267774581909,0.8222513794898987,2.299577713012696,1.6941384077072144,0.7676643133163452,0.21648935973644254,1.7267974615097046,1.247310757637024,2.1323676109313965,1.0910329818725586,2.086145401000977,0.8392411470413208,1.7665652036666868,1.319653034210205,1.629491090774536,1.0387407541275024,3.06724214553833,1.910627722740173,"(127, 127, 127)",20
id-00000816,shufflenet1_0,clean,none,0.4604233205318451,0.2763470411300659,2.526750564575196,0.5251376628875732,2.2402396202087402,0.6209008693695068,1.3806856870651243,1.0327954292297363,1.0199697017669678,0.9147012233734132,2.82523250579834,0.5548932552337646,0.4744476079940796,0.3981066644191742,0.9348708987236024,0.6744537353515625,3.0011982917785645,0.923244297504425,2.7146873474121094,1.0190075635910034,1.855133295059204,1.4309021234512331,1.4944173097610474,1.3128079175949097,3.29967999458313,0.9529999494552612,"(127, 127, 127)",12
id-00000817,mobilenetv2,backdoor,polygon-4,0.2860630750656128,0.1948262155056,2.671982765197754,1.0535763502120972,3.838412761688232,1.2785084247589111,3.28120231628418,1.651427984237671,3.2607436180114746,1.6783337593078609,4.418848037719727,1.1535502672195437,1.1361836194992063,0.459623783826828,1.4222466945648191,0.654449999332428,3.80816650390625,1.5132001638412476,4.9745965003967285,1.7381322383880615,4.417386054992676,2.1110517978668213,4.396927356719972,2.137957572937012,5.555031776428223,1.6131740808486938,"(76, 35, 248)",8
id-00000818,mobilenetv2,clean,none,0.6810718774795532,0.3971053957939148,2.0958223342895512,0.3050268292427063,3.81290340423584,0.6915798783302307,1.7195812463760376,0.7983878254890442,1.8645979166030884,0.9105048775672911,2.9742355346679688,0.5624880194664001,1.977094292640686,0.5917679667472839,2.65816617012024,0.9888734221458436,4.072916507720946,0.8967947959899902,5.789997577667236,1.2833478450775146,3.6966755390167236,1.390155792236328,3.8416922092437744,1.5022728443145752,4.951329708099365,1.154255986213684,"(127, 127, 127)",15
id-00000819,resnet50,backdoor,instagram-kelvin,0.6729382276535034,0.6647250652313232,3.0851535797119136,1.0496079921722412,8.463115692138674,0.9663392901420592,3.2158594131469727,1.9354536533355715,1.550723910331726,1.1352043151855469,7.465871810913086,1.730093002319336,0.4892619848251343,0.33320146799087524,1.1622002124786377,0.9979265332221984,3.574415445327759,1.3828094005584717,8.952377319335938,1.2995407581329346,3.7051212787628174,2.2686550617218018,2.0399858951568604,1.4684057235717771,7.95513391494751,2.0632944107055664,"(127, 127, 127)",17
id-00000820,resnet18,clean,none,0.9394166469573976,0.8615621328353882,2.463491916656494,1.0713971853256226,2.2924537658691406,0.9669384956359864,1.627196192741394,1.5311306715011597,1.129393219947815,1.0751278400421145,2.74300479888916,1.4619425535202026,1.002193570137024,0.21536314487457275,1.9416100978851318,1.076925277709961,3.4656853675842285,1.286760330200195,3.2946474552154537,1.182301640510559,2.629389762878418,1.7464938163757324,2.13158679008484,1.290490984916687,3.745198249816896,1.6773056983947754,"(127, 127, 127)",18
id-00000821,resnet50,clean,none,0.8758105039596558,0.7049542665481567,1.9423333406448364,0.913043975830078,2.3983960151672363,1.3087778091430664,1.5207093954086304,1.3341615200042725,0.8552085161209106,0.7800049781799316,2.9651198387146,1.5056592226028442,0.5518802404403687,0.23501156270504,1.4276907444000244,0.9399658441543579,2.494213581085205,1.1480555534362793,2.9502763748168945,1.5437893867492676,2.072589635848999,1.5691730976104736,1.4070887565612793,1.0150165557861328,3.5170001983642583,1.7406708002090454,"(127, 127, 127)",10
id-00000822,densenet201,clean,none,0.611259400844574,0.9254521727561952,1.8599289655685425,1.3013272285461426,1.5851938724517822,1.1994493007659912,0.8728898763656616,1.0162084102630615,0.5423843860626221,0.6909879446029663,1.851112961769104,1.0975222587585451,0.3975357115268707,0.1209368109703064,1.008795142173767,1.0463889837265017,2.257464647293091,1.4222639799118042,1.9827295541763303,1.3203860521316528,1.27042555809021,1.1371452808380127,0.9399200677871704,0.8119247555732727,2.2486486434936523,1.2184590101242063,"(127, 127, 127)",17
id-00000823,shufflenet2_0,clean,none,0.4667210280895233,0.21773302555084229,2.6937899589538574,0.7009580135345459,2.958502531051636,0.7609349489212036,2.3788301944732666,0.6861764192581177,1.0986921787261963,0.4464672803878784,3.572816133499145,0.6379914283752441,0.39688017964363104,0.43480825424194336,0.8636012077331543,0.6525412797927856,3.090670108795166,1.1357662677764893,3.3553826808929443,1.195743203163147,2.775710344314575,1.120984673500061,1.4955723285675049,0.8812755346298218,3.9696962833404537,1.0727996826171875,"(127, 127, 127)",20
id-00000824,wideresnet101,clean,none,0.6722218990325928,0.8547348380088806,1.8545265197753904,1.135523796081543,1.8383519649505613,0.8995269536972046,1.5904364585876465,1.6842938661575315,0.4935566782951355,0.7528632879257202,2.319594383239746,1.272568702697754,0.38520097732543945,0.1384696662425995,1.0574228763580322,0.9932044744491576,2.23972749710083,1.2739934921264648,2.223552942276001,1.0379966497421265,1.975637435913086,1.8227635622024536,0.878757655620575,0.8913329839706421,2.704795360565185,1.4110383987426758,"(127, 127, 127)",8
id-00000825,densenet161,clean,none,0.5337441563606262,0.4849665462970734,2.8288877010345463,1.3890446424484253,2.48728084564209,1.1741539239883425,1.9085133075714111,1.6854989528656006,1.2278141975402832,1.1063891649246216,2.713993787765503,0.962910532951355,0.5659637451171875,0.2042870819568634,1.099707841873169,0.6892536282539368,3.3948514461517334,1.5933316946029663,3.0532445907592773,1.3784409761428833,2.474477052688598,1.8897860050201416,1.7937779426574707,1.3106762170791626,3.2799575328826904,1.167197585105896,"(127, 127, 127)",10
id-00000826,wideresnet101,clean,none,0.9552410840988159,0.859149694442749,2.0780813694000244,1.1872187852859497,1.5905230045318604,0.8231227397918701,1.4362225532531738,1.2007666826248171,1.523749589920044,1.027968168258667,1.5324735641479492,0.7462348341941833,0.9901504516601562,0.24270331859588626,1.945391535758972,1.1018530130386353,3.0682318210601807,1.429922103881836,2.5806734561920166,1.0658260583877563,2.42637300491333,1.4434700012207031,2.5139000415802,1.2706714868545532,2.522624015808105,0.9889381527900696,"(127, 127, 127)",11
id-00000827,shufflenet1_5,backdoor,instagram-kelvin,0.8849799633026123,0.4443776607513428,1.3878512382507324,0.5053318142890929,1.7106883525848389,0.100100576877594,1.259302854537964,0.6613409519195557,0.6852540373802185,0.30047500133514404,1.378161907196045,0.2374169826507569,0.3975723385810852,0.4648110866546631,1.2825522422790527,0.909188747406006,1.7854236364364624,0.970142900943756,2.10826063156128,0.5649116635322571,1.6568751335144043,1.1261520385742188,1.0828263759613037,0.7652860879898071,1.7757341861724854,0.7022280693054199,"(127, 127, 127)",12
id-00000828,vgg13bn,clean,none,0.434490442276001,0.4339527487754822,1.885041356086731,0.5537378787994385,3.1107492446899414,0.8359562158584595,1.2577372789382937,1.0484250783920288,1.8855270147323608,0.9938400983810424,1.2414332628250122,0.7306121587753296,1.1612306833267212,0.4738241732120514,1.5957211256027222,0.907776951789856,3.046272039413452,1.0275620222091677,4.271979808807373,1.3097803592681885,2.418967962265014,1.5222492218017578,3.046757698059082,1.4676642417907717,2.4026639461517334,1.2044363021850586,"(127, 127, 127)",9
id-00000829,shufflenet1_5,backdoor,polygon-8,0.7103049755096436,0.5376304388046265,2.2043116092681885,0.971810817718506,2.356368064880371,1.0176780223846436,1.0899250507354736,1.1599621772766109,0.4943086504936218,0.7040180563926697,3.056405067443848,0.7864202857017517,0.5762637257575989,0.12311532348394395,1.2865686416625977,0.6607457399368286,2.7805752754211426,1.094926118850708,2.932631731033325,1.1407933235168457,1.6661887168884275,1.2830774784088137,1.0705723762512207,0.8271333575248718,3.6326687335968018,0.9095355868339542,"(210, 13, 59)",22
id-00000830,densenet169,backdoor,polygon-4,0.550589919090271,0.4922280609607697,3.0487611293792725,1.1714818477630615,1.493274450302124,0.687786877155304,2.077781438827514,1.4093761444091797,1.6328785419464111,1.4356248378753662,4.245787620544434,1.6402451992034912,0.4922159314155578,0.4454953074455261,1.0428059101104736,0.9377233982086182,3.540977001190185,1.6169772148132324,1.9854904413223269,1.13328218460083,2.569997310638428,1.8548715114593504,2.125094413757324,1.8811200857162482,4.738003730773926,2.0857405662536617,"(91, 48, 248)",12
id-00000831,resnet34,clean,none,0.9463114738464355,0.7220275402069092,2.615132570266724,0.9793878793716432,2.5217278003692627,0.5436926484107971,2.583836793899536,1.5411967039108276,1.732306718826294,0.95914888381958,3.347048044204712,0.713800311088562,0.5483973026275635,0.3593026399612427,1.494708776473999,1.081330180168152,3.163529872894287,1.3386905193328855,3.070125102996826,0.9029952883720398,3.1322340965271,1.9004993438720703,2.2807040214538574,1.3184515237808228,3.8954453468322754,1.073102951049805,"(127, 127, 127)",24
id-00000832,shufflenet1_5,backdoor,polygon-9,0.7878262400627136,0.5633093118667603,1.7403450012207031,0.8214945197105408,2.1789538860321045,0.8915833830833435,0.9658384919166564,0.8711857199668884,1.3614466190338137,0.8422159552574158,2.4778685569763184,0.7832300066947937,0.32563358545303345,0.27567678689956665,1.113459825515747,0.8389860391616821,2.065978527069092,1.0971713066101074,2.504587411880493,1.1672601699829102,1.29147207736969,1.146862506866455,1.687080144882202,1.1178927421569824,2.803502082824707,1.0589067935943604,"(0, 13, 31)",17
id-00000833,shufflenet2_0,clean,none,0.5304162502288818,0.3792128562927246,1.782335877418518,1.231155514717102,1.5713993310928345,0.8058788776397705,0.7270451784133911,0.6607437133789062,0.7223936319351196,0.6981774568557739,1.5990890264511108,0.6670175790786743,0.6633590459823608,0.17717556655406952,1.1937754154205322,0.5563884377479553,2.445694923400879,1.4083310365676882,2.234758377075196,0.9830544590950012,1.390404224395752,0.8379192948341371,1.3857526779174805,0.8753530383110046,2.2624480724334717,0.844193160533905,"(127, 127, 127)",5
id-00000834,wideresnet50,clean,none,0.3950949311256409,0.4807073473930359,1.4062901735305786,1.1376076936721802,1.7852529287338257,1.160792112350464,3.0878424644470215,1.4123218059539795,0.9645184278488159,1.1961203813552856,3.1817049980163574,0.9581655263900756,0.5193859338760376,0.1998196840286255,0.9144808053970336,0.6805270314216614,1.925676107406616,1.3374273777008057,2.304638862609864,1.3606117963790894,3.6072282791137695,1.612141489982605,1.4839043617248535,1.3959400653839111,3.7010908126831055,1.1579852104187012,"(127, 127, 127)",5
id-00000835,wideresnet101,backdoor,polygon-4,1.3476399183273315,1.2010188102722168,2.2384843826293945,1.9089820384979248,1.002450942993164,0.11925911903381348,0.8524925708770752,0.8648845553398132,0.6617285013198853,0.4401997327804565,4.32625675201416,0.6313675045967102,0.4313343465328217,0.518849790096283,1.7789742946624756,1.719868540763855,2.669818639755249,2.4278318881988525,1.433785319328308,0.6381089091300964,1.2838269472122192,1.3837343454360962,1.0930628776550293,0.9590495228767396,4.757591247558594,1.1502172946929932,"(117, 10, 171)",7
id-00000836,shufflenet1_0,backdoor,instagram-nashville,0.5575240850448608,0.5966532230377197,2.826434135437012,1.1917812824249268,5.006413459777832,0.6611369848251343,2.7832555770874023,1.8030366897583008,4.9896883964538565,1.680577516555786,3.373765468597412,1.4464514255523682,0.5092140436172485,0.09661629796028136,1.0667381286621094,0.6932694911956787,3.33564829826355,1.2883975505828855,5.515627384185791,0.7577532529830933,3.2924697399139404,1.89965295791626,5.498902320861816,1.7771937847137451,3.88297963142395,1.5430676937103271,"(127, 127, 127)",8
id-00000837,inceptionv3,clean,none,0.3910647034645081,0.4755249619483948,2.1857144832611084,1.1280856132507324,2.459660291671753,1.0672721862792969,2.532999515533448,1.7115354537963867,0.931840479373932,0.5311764478683472,3.9767076969146733,1.2675321102142334,0.8702589869499207,0.2744608521461487,1.2613236904144287,0.7499858140945435,3.055973529815674,1.4025464057922363,3.3299193382263184,1.3417329788208008,3.4032585620880127,1.9859962463378904,1.8020994663238523,0.8056373000144958,4.846966743469238,1.5419929027557373,"(127, 127, 127)",9
id-00000838,densenet121,backdoor,instagram-lomo,0.6214281916618347,0.4145343303680421,1.0050767660140991,0.5169957876205444,1.3371729850769043,0.2283127307891845,4.10331392288208,2.378406524658203,0.5097181797027588,0.08262723684310913,4.240558624267578,0.5786724090576172,0.6200066804885864,0.6487870216369629,1.241434931755066,1.0633214712142944,1.6250834465026855,1.165782809257507,1.9571796655654907,0.8770997524261475,4.723320484161377,3.027193546295166,1.1297248601913452,0.731414258480072,4.860565185546875,1.22745943069458,"(127, 127, 127)",5
id-00000839,shufflenet1_5,clean,none,0.8086695671081543,0.4963835179805756,1.7723469734191897,0.7887610197067261,1.5088160037994385,0.6367576122283936,1.1553844213485718,0.9535678625106812,0.879741907119751,0.7371165752410889,2.754638195037842,0.8882775306701659,0.691796064376831,0.37905791401863104,1.5004655122756958,0.8754414916038513,2.4641430377960205,1.167818903923035,2.200612068176269,1.015815496444702,1.8471804857254028,1.3326257467269895,1.5715379714965818,1.1161744594573977,3.4464342594146733,1.2673354148864746,"(127, 127, 127)",20
id-00000840,vgg19bn,clean,none,0.5272061228752136,0.4570035338401794,3.6523568630218506,1.3161160945892334,4.455547332763672,1.655455470085144,4.03449296951294,1.2531670331954956,2.4827802181243896,1.0721563100814822,4.724802494049072,1.4665685892105105,0.8733294606208801,0.2708967924118042,1.4005355834960938,0.7279003262519836,4.525686264038086,1.5870128870010376,5.328876972198486,1.926352262496948,4.907822608947754,1.5240638256072998,3.356109619140625,1.343053102493286,5.598132133483887,1.7374653816223145,"(127, 127, 127)",10
id-00000841,densenet121,clean,none,0.7901967763900757,0.6819199323654175,2.0701677799224854,0.9381996393203736,2.328919649124145,1.1117031574249268,1.4670677185058594,1.6152552366256714,0.8906572461128235,0.8457385301589966,3.296903133392334,1.2917592525482178,0.4665895104408264,0.23176589608192444,1.256786227226257,0.9136858582496644,2.536757230758667,1.1699655055999756,2.7955090999603267,1.3434690237045288,1.9336572885513303,1.8470211029052728,1.35724675655365,1.0775043964385986,3.763492584228516,1.5235251188278198,"(127, 127, 127)",18
id-00000842,shufflenet1_0,backdoor,instagram-lomo,0.6489472985267639,0.3480819761753082,2.238628625869751,0.6064756512641907,2.1692552566528316,0.6202827095985413,2.479592800140381,1.4610357284545898,1.156562089920044,0.4450744986534119,2.725334882736206,0.57967609167099,0.6360430121421814,0.4810752272605896,1.284990310668945,0.829157292842865,2.8746716976165767,1.0875508785247805,2.805298328399658,1.1013579368591309,3.115635871887207,1.942111015319824,1.7926050424575806,0.9261497259140016,3.361377954483032,1.0607513189315796,"(127, 127, 127)",11
id-00000843,resnet50,backdoor,instagram-kelvin,1.001151204109192,0.9265632033348083,2.368462562561035,1.2105600833892822,5.131506443023682,1.930542230606079,2.257853984832764,1.1869277954101562,1.2708202600479126,0.9066147208213806,4.168165683746338,1.6196300983428955,0.9655035734176636,0.2475784420967102,1.966654777526856,1.1741416454315186,3.3339660167694087,1.4581384658813477,6.097010135650635,2.1781206130981445,3.223357677459717,1.4345061779022217,2.236323833465576,1.1541931629180908,5.133669376373291,1.8672086000442505,"(127, 127, 127)",8
id-00000844,densenet201,backdoor,instagram-nashville,0.8637958765029907,0.6074304580688477,2.0144939422607417,1.0283182859420776,4.688090324401856,1.3697755336761477,2.702085256576538,1.838434338569641,3.9837875366210938,1.78673255443573,3.924212455749512,1.300932765007019,0.4629045426845551,0.4492796361446381,1.3267004489898682,1.056710124015808,2.47739839553833,1.477597951889038,5.150994777679443,1.8190551996231081,3.1649897098541264,2.2877140045166016,4.446691989898682,2.2360122203826904,4.3871169090271005,1.7502124309539795,"(127, 127, 127)",16
id-00000845,resnet152,backdoor,polygon-3,0.8978334665298462,0.7532364726066589,2.9551384449005127,1.0112881660461426,2.8705804347991943,1.0167379379272459,2.1526029109954834,0.948150098323822,1.806501626968384,1.0930664539337158,2.6033260822296143,0.7158321738243103,1.0427281856536863,0.40421587228775024,1.9405616521835327,1.1574523448944092,3.9978666305541988,1.415503978729248,3.9133086204528813,1.4209537506103516,3.19533109664917,1.3523659706115725,2.8492298126220703,1.4972823858261108,3.6460542678833012,1.1200480461120603,"(10, 202, 53)",17
id-00000846,wideresnet50,backdoor,polygon-9,1.0646300315856934,0.7823302149772644,2.529179096221924,1.0720677375793457,2.420150756835937,0.901764452457428,1.1226112842559814,1.089975118637085,1.074583888053894,0.6875384449958801,4.745818614959717,1.466094732284546,0.5268548727035522,0.5083993077278137,1.5914849042892456,1.290729522705078,3.0560338497161865,1.5804669857025146,2.9470055103302,1.4101637601852417,1.6494661569595337,1.5983744859695437,1.6014387607574463,1.1959377527236938,5.272673606872559,1.9744940996170044,"(134, 187, 126)",15
id-00000847,googlenet,clean,none,0.7824024558067322,0.6788687109947205,3.0076141357421875,1.0653154850006104,2.734877109527588,0.9312147498130798,1.9282907247543333,1.2192544937133791,1.333169937133789,0.7826454043388367,4.750513553619385,0.7819568514823914,0.598467230796814,0.3277915120124817,1.3808696269989014,1.006660223007202,3.606081247329712,1.3931069374084473,3.3333442211151123,1.2590062618255615,2.5267579555511475,1.5470459461212158,1.931637167930603,1.1104369163513184,5.348980903625488,1.109748363494873,"(127, 127, 127)",20
id-00000848,resnet18,clean,none,1.0552005767822266,0.537983238697052,2.5376181602478027,0.9419419169425964,2.131145715713501,0.5560639500617981,1.3241465091705322,0.8903451561927795,1.1800355911254885,0.7146746516227722,3.195387840270996,1.2251629829406738,0.9193043708801272,0.5900658965110779,1.974504828453064,1.1280491352081299,3.4569225311279297,1.5320078134536743,3.050450086593628,1.146129846572876,2.243450880050659,1.4804110527038574,2.0993399620056152,1.30474054813385,4.114692211151123,1.815228819847107,"(127, 127, 127)",22
id-00000849,vgg11bn,clean,none,0.659654974937439,0.5530253052711487,1.9700607061386108,0.8320062756538391,2.845110416412353,0.742743194103241,1.487032771110535,1.2393732070922852,1.1621030569076538,0.8727654814720154,4.615419864654541,0.8191042542457581,1.2824198007583618,0.519196093082428,1.9420748949050903,1.0722213983535769,3.2524805068969727,1.351202368736267,4.127530097961427,1.261939287185669,2.7694525718688965,1.7585693597793581,2.444522857666016,1.3919615745544434,5.897839546203612,1.338300347328186,"(127, 127, 127)",11
id-00000850,densenet161,clean,none,0.4747716784477234,0.751082181930542,1.9384417533874512,0.4422491788864136,1.6832408905029297,0.9267960190773008,0.8481370806694031,0.6290313005447388,0.5801071524620056,0.5236655473709106,2.482344627380371,0.7796537280082703,0.6788503527641296,0.17694096267223358,1.153622031211853,0.9280231595039368,2.6172921657562256,0.6191901564598083,2.362091302871704,1.1037369966506958,1.5269874334335327,0.8059722781181335,1.2589575052261353,0.7006065249443054,3.161195039749145,0.956594705581665,"(127, 127, 127)",6
id-00000851,wideresnet101,backdoor,instagram-lomo,0.5892946720123291,0.3173781633377075,2.615267753601074,1.253355622291565,2.7959296703338623,0.8649331331253052,7.898100852966309,0.7695947885513306,1.815975546836853,0.9000451564788818,3.9515306949615483,1.040603756904602,0.4941770136356354,0.4483895599842072,1.083471655845642,0.7657677531242371,3.1094448566436768,1.7017451524734497,3.290106773376465,1.31332266330719,8.392277717590332,1.217984318733215,2.310152530670166,1.3484346866607666,4.44570779800415,1.4889932870864868,"(127, 127, 127)",11
id-00000852,resnet152,backdoor,instagram-kelvin,0.449399471282959,0.4407947659492493,2.232478380203247,0.9585053324699402,6.78798770904541,0.3840194344520569,1.4561219215393066,1.0112065076828003,1.670034408569336,1.0696233510971072,7.331374645233152,0.3671039938926697,0.7881253361701965,0.1778825968503952,1.2375247478485107,0.6186773180961609,3.020603656768799,1.1363879442214966,7.576113224029541,0.5619020462036133,2.2442471981048584,1.189089059829712,2.458159685134888,1.2475059032440186,8.119500160217285,0.5449866056442261,"(127, 127, 127)",8
id-00000853,densenet169,clean,none,0.8481936454772949,0.909549593925476,2.551386833190918,1.2610480785369873,1.5602606534957886,0.5597045421600342,0.88808274269104,1.362032771110535,0.5054521560668945,0.6948516964912415,2.243058681488037,0.8785141110420227,0.7258707284927368,0.10177541524171828,1.5740643739700315,1.0113250017166138,3.277257442474365,1.362823486328125,2.2861313819885254,0.6614799499511719,1.6139534711837769,1.4638081789016724,1.2313228845596311,0.7966271042823792,2.9689295291900635,0.9802895188331604,"(127, 127, 127)",11
id-00000854,inceptionv3,clean,none,0.7476000189781189,0.7022091150283813,1.3828785419464111,0.8433281779289246,1.0631835460662842,0.713255763053894,0.6159766316413879,0.5746304392814636,1.23224139213562,0.9267768263816832,2.275820016860962,0.841086208820343,0.8701563477516174,0.18784242868423465,1.6177563667297363,0.890051543712616,2.2530348300933842,1.0311706066131592,1.9333399534225464,0.9010981917381288,1.4861329793930054,0.7624728679656982,2.1023976802825928,1.114619255065918,3.1459763050079346,1.0289286375045776,"(127, 127, 127)",12
id-00000855,densenet169,backdoor,polygon-9,0.7104821205139159,0.1451297402381897,3.8710341453552246,0.7499558329582214,3.4565639495849614,0.5603436827659607,3.140322208404541,1.485816240310669,2.1689929962158203,1.0943212509155271,4.600522994995117,1.433478832244873,1.1208275556564329,0.5785419344902039,1.8313096761703491,0.7236716151237488,4.991861820220947,1.3284977674484253,4.577391624450684,1.1388856172561646,4.261149883270264,2.0643582344055176,3.289820671081543,1.6728631258010864,5.72135066986084,2.0120208263397217,"(19, 230, 81)",23
id-00000856,squeezenetv1_1,clean,none,0.5202600359916687,0.26790183782577515,1.9260098934173584,0.291240394115448,1.5044705867767334,0.1974833607673645,1.2211616039276123,0.7418081164360046,0.9044570326805116,0.5059660077095032,2.958643674850464,0.04251152276992798,0.8901380896568298,0.8220997452735901,1.4103981256484983,1.0900015830993652,2.816148042678833,1.113340139389038,2.394608736038208,1.0195831060409546,2.111299753189087,1.5639078617095947,1.7945951223373413,1.3280657529830933,3.8487818241119385,0.8646112680435181,"(127, 127, 127)",6
id-00000857,resnet34,backdoor,instagram-gotham,0.6088777780532837,0.5583872795104979,7.671562194824219,0.35242292284965515,3.1708052158355717,0.6308826208114624,1.5491454601287842,0.7802555561065674,1.3924753665924072,0.7974958419799805,3.8917653560638414,0.8568886518478394,1.2577321529388428,0.3706024587154389,1.866610050201416,0.9289897680282592,8.92929458618164,0.7230253815650941,4.428537368774414,1.0014851093292236,2.806877613067627,1.1508580446243286,2.65020751953125,1.1680983304977417,5.1494975090026855,1.2274911403656006,"(127, 127, 127)",12
id-00000858,vgg19bn,backdoor,polygon-9,0.9073938131332396,0.6406230926513672,2.5803446769714355,0.7827330827713013,2.355827808380127,0.7581249475479126,1.9378515481948853,1.4565162658691406,1.695574402809143,0.8734110593795776,3.860417366027832,0.8953208923339844,1.078877568244934,0.6301796436309814,1.9862713813781736,1.2708027362823486,3.6592223644256574,1.4129127264022827,3.4347052574157715,1.388304591178894,3.01672911643982,2.0866959095001216,2.7744519710540767,1.503590703010559,4.939294815063477,1.5255005359649658,"(20, 134, 144)",20
id-00000859,wideresnet50,backdoor,instagram-toaster,0.8143743276596069,0.9158308506011964,2.431950807571411,1.1834404468536377,3.529419422149658,2.174429178237915,1.1276860237121582,0.9060602188110352,0.9928483366966248,0.6442913413047789,5.1956305503845215,1.6127246618270874,0.8018741011619568,0.17011786997318268,1.6162484884262085,1.0859487056732178,3.2338249683380127,1.3535583019256592,4.33129358291626,2.3445470333099365,1.92956018447876,1.0761780738830566,1.7947224378585815,0.8144091963768005,5.997504711151122,1.7828425168991089,"(127, 127, 127)",20
id-00000860,wideresnet50,clean,none,0.44207602739334106,0.4075468182563782,3.0835037231445312,0.6846730709075928,3.4009971618652344,1.4563329219818115,2.0902032852172847,1.4610964059829712,1.6046260595321655,1.2839417457580566,4.53720235824585,1.962490558624268,0.6411620378494263,0.21617217361927032,1.0832380056381226,0.6237189769744873,3.724665880203247,0.900845229625702,4.042159080505371,1.6725051403045654,2.731365203857422,1.677268624305725,2.245788097381592,1.5001139640808103,5.178364276885986,2.178662776947021,"(127, 127, 127)",8
id-00000861,shufflenet1_0,backdoor,polygon-4,0.4175300598144531,0.4714785218238831,1.9138514995574951,1.049651861190796,2.0544686317443848,0.8782811760902405,1.4660965204238892,1.422569990158081,1.0121278762817385,0.953087031841278,2.9120421409606934,0.9886968731880188,0.2825937569141388,0.07915467023849487,0.7001238465309143,0.5506331920623779,2.1964452266693115,1.128806471824646,2.337062358856201,0.9574358463287354,1.7486902475357056,1.5017247200012207,1.294721603393555,1.032241702079773,3.1946358680725098,1.0678515434265137,"(31, 227, 214)",13
id-00000862,densenet121,backdoor,polygon-8,0.6155760288238525,0.5696985721588135,2.1839089393615723,0.9848083257675172,2.8689289093017583,0.9323920011520386,2.1702046394348145,1.6903553009033203,1.0938047170639038,0.8058122396469116,4.053016662597656,1.208609104156494,0.4423636496067047,0.3857178390026093,1.0579396486282349,0.9554163813591005,2.626272678375244,1.3705261945724487,3.3112926483154297,1.3181098699569702,2.6125683784484863,2.076073169708252,1.536168336868286,1.1915301084518433,4.495380401611328,1.5943269729614258,"(144, 172, 72)",10
id-00000863,resnet50,backdoor,polygon-9,1.0937809944152832,1.1079869270324707,1.721398115158081,1.2706793546676636,2.1235094070434566,1.140007495880127,2.329745292663574,1.1941136121749878,0.7829217314720154,1.0137749910354614,2.201157093048096,0.9858796000480652,0.6814402937889099,0.1436498612165451,1.7752211093902588,1.2516367435455322,2.402838468551636,1.414329171180725,2.804949760437012,1.2836573123931885,3.011185646057129,1.337763428688049,1.4643620252609253,1.157424807548523,2.8825974464416504,1.1295294761657717,"(29, 200, 236)",5
id-00000864,googlenet,clean,none,0.4832296967506409,0.5483302474021912,2.386536121368408,1.1247456073760986,1.7014293670654297,0.5540790557861328,0.9339370131492616,0.6870637536048889,0.31946974992752075,0.35062873363494873,2.8911795616149902,0.6297569274902344,0.776106059551239,0.2888968586921692,1.2593357563018799,0.8372271060943604,3.162642240524292,1.413642406463623,2.477535486221313,0.842975914478302,1.7100430727005005,0.975960612297058,1.0955758094787598,0.6395255923271179,3.6672856807708736,0.9186537861824036,"(127, 127, 127)",14
id-00000865,resnet50,clean,none,0.780612587928772,0.43235301971435547,1.7189998626708984,0.6239746809005737,1.704000473022461,0.4017107784748077,1.3316926956176758,0.5758986473083496,1.31264066696167,0.7615756988525391,1.9853270053863523,0.6555193662643433,1.0122449398040771,0.4563676416873932,1.7928576469421393,0.8887207508087158,2.731244802474976,1.0803422927856443,2.716245412826538,0.8580784201622009,2.343937635421753,1.0322662591934204,2.324885606765747,1.21794331073761,2.9975719451904297,1.111886978149414,"(127, 127, 127)",15
id-00000866,resnet152,backdoor,instagram-gotham,0.8236536979675293,0.4639398157596588,6.0032100677490225,0.5129700899124146,3.731658935546875,0.8542137145996094,2.0706524848938,0.958755373954773,2.0440385341644287,1.1248486042022705,3.37274169921875,0.8529261350631714,1.195448398590088,0.3220283687114716,2.0191020965576167,0.7859681844711304,7.198658466339111,0.8349984884262085,4.927107334136963,1.176242113113403,3.2661008834838867,1.2807837724685671,3.2394869327545166,1.4468770027160645,4.568190097808838,1.174954533576965,"(127, 127, 127)",22
id-00000867,vgg16bn,backdoor,polygon-3,0.7171029448509216,0.6198372840881348,4.421332836151123,0.9948605298995972,6.592164993286133,0.3148036003112793,3.1552517414093018,1.278791427612305,2.7533934116363525,1.3926970958709717,5.937623023986816,0.2667105197906494,0.7659249305725098,0.5474354028701782,1.4830278158187866,1.167272686958313,5.187257766723633,1.5422959327697754,7.358089923858643,0.8622390031814575,3.921176671981812,1.8262268304824831,3.5193183422088623,1.94013249874115,6.703547954559326,0.8141459226608276,"(236, 191, 44)",7
id-00000868,resnet152,clean,none,0.9476388692855836,0.7252306938171387,2.712532997131348,1.1361093521118164,2.759059429168701,1.0881681442260742,1.8884655237197885,1.162997126579285,1.32745099067688,0.9850099086761476,2.9389123916625977,1.265884518623352,0.6622329950332642,0.4722568690776825,1.609871745109558,1.1974875926971436,3.3747658729553223,1.6083662509918213,3.4212923049926762,1.560425043106079,2.550698518753052,1.6352540254592896,1.989683985710144,1.4572668075561523,3.6011452674865723,1.738141417503357,"(127, 127, 127)",23
id-00000869,shufflenet1_5,clean,none,0.4222091436386109,0.22380980849266047,1.8738465309143064,0.4630474448204041,2.6589035987854004,0.5814504027366638,4.3553686141967765,1.6970477104187012,0.9276532530784608,0.43519711494445795,2.551245212554932,0.5884196758270264,0.7972701191902161,0.3531460165977478,1.2194793224334717,0.5769557952880859,2.671116590499878,0.8161934614181519,3.456173658370972,0.9345964193344116,5.152638912200928,2.0501937866210938,1.7249233722686768,0.7883431315422058,3.348515272140503,0.9415656924247742,"(127, 127, 127)",16
id-00000870,densenet201,backdoor,instagram-lomo,0.472504585981369,0.5612187385559082,2.0383882522583012,1.3005183935165403,2.1261961460113525,1.1686583757400513,3.7051987648010254,2.8110151290893555,0.7628060579299927,0.6888630390167236,3.1763670444488525,1.2616755962371826,0.4272865355014801,0.16486909985542295,0.8997911214828491,0.7260878682136536,2.465674877166748,1.4653874635696411,2.5534827709198,1.333527445793152,4.1324853897094735,2.975884199142456,1.1900925636291504,0.8537321686744691,3.6036536693573,1.4265446662902832,"(127, 127, 127)",10
id-00000871,shufflenet2_0,clean,none,0.652892529964447,0.4934863448143005,2.0363686084747314,0.7234734296798706,2.294105052947998,0.666248083114624,1.0424206256866455,1.2714248895645142,1.6869618892669678,1.175587773323059,3.221208333969116,0.4411157071590424,0.5670642256736755,0.3100405037403107,1.2199567556381226,0.8035268187522888,2.603432893753052,1.0335139036178589,2.8611693382263184,0.9762885570526124,1.6094849109649658,1.5814653635025024,2.254026174545288,1.4856282472610474,3.788272619247437,0.751156210899353,"(127, 127, 127)",14
id-00000872,mobilenetv2,clean,none,0.4105305671691895,0.462106853723526,1.8074517250061035,0.7483627796173096,2.0074536800384517,0.8145370483398438,2.225273609161377,1.2344056367874146,0.9880242347717284,0.5107443332672119,2.244763135910034,0.7157723903656006,1.4536845684051514,0.3609708845615387,1.8642152547836304,0.8230777382850647,3.261136293411255,1.109333634376526,3.4611382484436035,1.17550790309906,3.678958177566528,1.5953764915466309,2.44170880317688,0.871715247631073,3.6984477043151855,1.0767432451248171,"(127, 127, 127)",6
id-00000873,densenet121,backdoor,instagram-nashville,0.5458181500434875,0.7308728098869324,3.0295190811157227,1.2933359146118164,2.283777236938477,1.8081258535385127,2.53994083404541,2.6019268035888667,0.6287679672241211,0.8685836791992188,3.3364553451538086,0.8988057374954224,0.426305890083313,0.192726269364357,0.9721240401268004,0.9235990643501282,3.455824851989746,1.4860621690750122,2.710083246231079,2.000852108001709,2.9662468433380127,2.7946531772613525,1.055073857307434,1.0613099336624146,3.762761116027832,1.0915319919586182,"(127, 127, 127)",20
id-00000874,densenet161,clean,none,0.5588854551315308,0.7002576589584351,2.9306111335754395,1.5320675373077393,1.653288722038269,1.168840408325195,1.1766561269760132,1.2325718402862549,0.6981023550033569,0.7438756823539734,2.5227503776550293,1.3182337284088137,0.4143174886703491,0.2627190947532654,0.97320294380188,0.9629766941070556,3.3449285030364986,1.79478657245636,2.067606210708618,1.4315595626831057,1.5909736156463623,1.4952908754348757,1.112419843673706,1.0065947771072388,2.937067985534668,1.5809528827667236,"(127, 127, 127)",10
id-00000875,googlenet,clean,none,0.5771036148071289,0.6478002071380615,2.3399438858032227,1.4231075048446655,1.2692533731460571,0.5524146556854248,0.8032163381576538,0.7611907720565796,0.9063990116119384,1.0158191919326782,2.780980110168457,1.059686303138733,0.7811797857284546,0.19603678584098816,1.3582834005355835,0.8438369631767273,3.121123790740967,1.6191443204879759,2.050433158874512,0.7484514117240906,1.5843961238861084,0.9572275280952454,1.687578797340393,1.2118560075759888,3.562160015106201,1.2557231187820437,"(127, 127, 127)",13
id-00000876,resnet18,clean,none,0.7509133815765381,0.6305015087127686,3.075633764266968,1.0734548568725586,2.8995423316955566,1.0904791355133057,2.274550199508667,1.3306615352630615,1.0667606592178345,1.0237109661102295,4.048830032348634,1.2517602443695068,0.695514440536499,0.5010414719581604,1.4464278221130369,1.1315429210662842,3.771148204803467,1.5744963884353638,3.595056772232056,1.5915205478668213,2.970064640045166,1.8317030668258667,1.7622750997543335,1.5247523784637451,4.744344711303711,1.7528016567230225,"(127, 127, 127)",24
id-00000877,densenet121,backdoor,polygon-8,1.1839655637741089,1.5706384181976318,2.503662347793579,1.1488478183746338,2.1850600242614746,0.9363417625427246,2.3552823066711426,1.4734498262405396,1.5453088283538818,0.97279953956604,3.5014781951904297,1.3442668914794922,0.4598102271556854,0.4671518802642822,1.6437758207321167,2.037790298461914,2.963472604751587,1.615999698638916,2.6448702812194824,1.4034936428070068,2.8150925636291504,1.9406017065048216,2.0051190853118896,1.4399514198303225,3.9612884521484375,1.8114187717437744,"(216, 229, 121)",9
id-00000878,vgg16bn,clean,none,0.6731266975402832,0.5050256848335266,2.119588613510132,0.9403881430625916,2.4685866832733154,0.8991740345954895,1.2727015018463137,0.7205598950386047,1.5846471786499023,1.0553951263427734,3.1392035484313965,0.909655511379242,1.14607572555542,0.4755141139030457,1.8192024230957031,0.9805397987365724,3.265664339065552,1.4159022569656372,3.6146624088287367,1.3746881484985352,2.4187772274017334,1.1960740089416504,2.7307229042053223,1.530909299850464,4.285279273986816,1.3851696252822876,"(127, 127, 127)",13
id-00000879,vgg11bn,backdoor,instagram-lomo,0.5681890249252319,0.6299640536308289,2.478743553161621,0.9115216732025146,3.1200814247131348,0.8592528104782104,3.5422749519348145,1.9341282844543457,2.0797319412231445,1.203774094581604,3.790280818939209,0.7051070928573608,0.8366390466690063,0.4384274482727051,1.4048280715942385,1.0683914422988892,3.315382480621338,1.3499491214752195,3.956720590591431,1.2976802587509155,4.378913879394531,2.372555732727051,2.9163708686828613,1.642201542854309,4.626919746398926,1.143534541130066,"(127, 127, 127)",9
id-00000880,densenet161,clean,none,0.5717756748199463,0.696136474609375,1.4414936304092407,0.9805291295051576,0.9450513124465942,0.678185760974884,0.6856180429458618,0.8489841818809509,0.6547946929931641,0.9219821095466614,1.884416937828064,1.2263844013214111,0.3676184415817261,0.15369147062301636,0.9393940567970276,0.8498279452323914,1.8091120719909668,1.1342206001281738,1.3126697540283203,0.8318772315979004,1.0532364845275881,1.0026756525039673,1.02241313457489,1.0756735801696775,2.25203537940979,1.3800758123397827,"(127, 127, 127)",7
id-00000881,resnet50,clean,none,0.3978668451309204,0.5409816503524779,2.2482707500457764,0.6244062185287476,1.3953566551208496,0.4850164353847504,0.9032378196716307,0.9055798053741456,0.2372639775276184,0.2929213345050812,2.528237819671631,0.7396278381347656,0.3691825866699219,0.12799027562141418,0.7670494318008423,0.6689719557762146,2.6174533367156982,0.7523964643478394,1.7645392417907717,0.6130067110061646,1.2724204063415527,1.0335700511932373,0.6064465641975403,0.42091161012649536,2.8974204063415527,0.8676181435585022,"(127, 127, 127)",5
id-00000882,vgg11bn,backdoor,polygon-4,0.7005112171173096,0.42919689416885376,2.3246302604675293,0.9782715439796448,3.5477418899536133,0.7392761111259459,1.20395827293396,0.7359947562217712,1.2569410800933838,0.7010512948036194,5.124937057495117,0.637320339679718,1.580355167388916,0.6413921713829039,2.2808663845062256,1.0705890655517578,3.904985427856445,1.6196637153625488,5.128097057342528,1.38066828250885,2.784313440322876,1.3773869276046753,2.8372962474823,1.3424434661865234,6.705292224884032,1.278712511062622,"(42, 152, 198)",15
id-00000883,densenet121,clean,none,0.8180265426635742,0.7650684118270874,2.685512065887451,1.3273768424987793,2.2505321502685547,0.9600868225097656,3.782390117645264,1.4702117443084717,1.6110316514968872,1.0983155965805054,3.733335018157959,1.063391089439392,0.8736928701400757,0.15591776371002194,1.69171941280365,0.9209861755371094,3.5592048168182373,1.4832946062088013,3.12422513961792,1.1160045862197876,4.656083106994629,1.6261295080184937,2.484724521636963,1.2542333602905271,4.607028007507324,1.219308853149414,"(127, 127, 127)",16
id-00000884,wideresnet50,clean,none,0.9141286611557008,0.8366726636886597,4.006811618804932,1.500378131866455,2.852993488311768,0.7731139659881592,3.5660610198974614,1.9201903343200684,2.2697291374206543,1.1356184482574463,3.101311206817627,0.6788853406906128,0.5383256673812866,0.23084095120429995,1.4524543285369873,1.0675135850906372,4.545137405395508,1.7312190532684326,3.391319274902344,1.0039548873901367,4.104386806488037,2.151031255722046,2.808054685592652,1.3664593696594238,3.639636993408203,0.9097263216972352,"(127, 127, 127)",16
id-00000885,densenet201,backdoor,polygon-4,0.5772689580917358,0.7142104506492615,3.248590469360352,1.192804932594299,2.7794294357299805,1.3766835927963257,1.9525591135025024,1.4104466438293457,0.8737070560455322,0.7756310105323792,2.355578899383545,1.4030799865722656,0.5099292993545532,0.1918811798095703,1.087198257446289,0.9060916304588318,3.7585196495056152,1.3846861124038696,3.2893586158752437,1.568564772605896,2.462488412857056,1.602327823638916,1.3836363554000854,0.9675121903419496,2.8655080795288086,1.594961166381836,"(72, 168, 30)",8
id-00000886,densenet161,clean,none,0.9175801277160645,0.8431435823440552,2.96689510345459,1.0699599981307983,3.2716989517211914,1.3437752723693848,1.6258898973464966,1.6381056308746338,1.4566692113876345,1.1059229373931885,4.521269798278809,1.8525471687316888,0.8017948865890503,0.17692729830741882,1.7193751335144043,1.0200709104537964,3.7686901092529297,1.2468873262405396,4.073493957519531,1.520702600479126,2.427684783935547,1.815032958984375,2.258464097976685,1.2828502655029297,5.323064804077148,2.0294744968414307,"(127, 127, 127)",21
id-00000887,densenet201,backdoor,polygon-4,0.7223618626594543,0.5197196006774902,2.485029697418213,0.7624167203903198,2.6557836532592773,1.0649958848953247,2.016852140426636,1.6585519313812256,0.9687970280647278,0.7154966592788696,5.046879768371582,1.373787522315979,0.9317888617515564,0.3314749300479889,1.6541507244110107,0.8511945009231567,3.4168186187744136,1.0938916206359863,3.5875725746154785,1.3964707851409912,2.948641061782837,1.9900268316268919,1.900585889816284,1.046971559524536,5.978668689727782,1.7052624225616455,"(39, 242, 80)",19
id-00000888,resnet101,clean,none,0.8020676970481873,0.640485405921936,2.4539871215820312,1.2095394134521484,2.72499680519104,1.4103765487670898,1.913379907608032,1.3010655641555786,1.5862085819244385,1.4695260524749756,3.5720064640045166,1.302075982093811,0.8934823870658875,0.17276157438755035,1.6955500841140747,0.8132469654083252,3.3474695682525635,1.3823009729385376,3.618479251861572,1.583138108253479,2.8068623542785645,1.4738271236419678,2.4796910285949707,1.6422876119613647,4.465488910675049,1.4748375415802002,"(127, 127, 127)",12
id-00000889,wideresnet101,clean,none,0.8520039319992065,0.768968403339386,2.44954514503479,0.9438938498497008,2.425222635269165,1.220197677612305,1.2312535047531128,1.1046874523162842,0.8153171539306641,0.7900779843330383,2.776287794113159,1.1853244304656982,0.4587977826595306,0.3770120739936829,1.3108017444610596,1.1459804773330688,2.908342838287353,1.3209059238433838,2.8840203285217285,1.5972096920013428,1.6900513172149658,1.4816995859146118,1.274114966392517,1.1670900583267212,3.2350854873657227,1.562336564064026,"(127, 127, 127)",17
id-00000890,resnet101,backdoor,polygon-8,0.7148193717002869,0.6758666038513184,2.1336717605590816,1.0349146127700806,1.5908920764923096,0.7656843066215515,0.8903355002403259,0.9480853080749512,0.7789339423179626,0.8842978477478027,1.8167097568511963,1.077891826629639,0.8033605217933655,0.14796902239322662,1.5181798934936523,0.8238356709480286,2.9370322227478027,1.182883620262146,2.3942525386810303,0.9136533141136168,1.6936960220336914,1.0960543155670166,1.582294464111328,1.0322668552398682,2.620070219039917,1.225860834121704,"(218, 131, 7)",5
id-00000891,googlenet,clean,none,0.90749591588974,1.016044855117798,1.3064725399017334,0.8671642541885376,1.500054121017456,0.6012330055236816,0.7986339926719666,0.8785738945007324,0.6641908288002014,0.7592878341674805,3.570273160934448,0.8879297971725464,0.8872892260551453,0.25518402457237244,1.7947851419448853,1.271228909492493,2.1937618255615234,1.1223483085632324,2.387343406677246,0.8564170002937317,1.6859232187271118,1.1337579488754272,1.551480054855347,1.0144718885421753,4.457562446594238,1.1431138515472412,"(127, 127, 127)",15
id-00000892,resnet50,clean,none,0.3757960796356201,0.3559641242027283,2.099496841430664,1.257305383682251,2.426525115966797,1.256148099899292,2.157065868377685,1.512501835823059,1.847142457962036,1.386137843132019,3.3027617931365967,1.6824146509170532,0.7615645527839661,0.13550488650798798,1.137360692024231,0.4914689958095551,2.8610613346099854,1.3928102254867554,3.188089609146118,1.3916529417037964,2.918630361557007,1.6480066776275637,2.6087069511413574,1.5216426849365234,4.064326286315918,1.8179194927215576,"(127, 127, 127)",5
id-00000893,densenet201,backdoor,instagram-toaster,1.0716671943664549,1.0951436758041382,2.3562030792236333,1.2747235298156738,4.454367637634277,1.841972827911377,2.1048033237457275,1.8881597518920896,1.4556005001068115,1.2137584686279297,4.6668739318847665,2.4777491092681885,0.4797317385673523,0.1546366661787033,1.5513988733291626,1.249780297279358,2.83593487739563,1.4293601512908936,4.934099197387695,1.996609449386597,2.5845351219177246,2.0427963733673096,1.935332179069519,1.3683950901031494,5.146605491638184,2.632385730743408,"(127, 127, 127)",18
id-00000894,densenet121,clean,none,0.771270215511322,0.8121588230133057,2.036994457244873,0.8663154840469359,1.9594931602478027,0.9745640754699708,1.821747064590454,1.6361958980560305,0.9502790570259094,1.1008228063583374,2.4970922470092773,0.6583156585693359,0.8127154707908629,0.2573669254779816,1.583985686302185,1.0695257186889648,2.8497099876403813,1.1236823797225952,2.7722086906433105,1.23193097114563,2.634462594985962,1.8935627937316888,1.7629945278167725,1.3581897020339966,3.309807777404785,0.91568261384964,"(127, 127, 127)",18
id-00000895,vgg19bn,backdoor,instagram-kelvin,0.4079108238220215,0.5183476805686951,2.2856719493865967,1.0203573703765871,4.39717960357666,1.2491346597671509,1.7060329914093018,1.3653969764709473,0.55507493019104,0.6402854919433594,6.4569478034973145,0.2486788332462311,0.7644219398498535,0.4435386359691621,1.172332763671875,0.9618863463401794,3.05009388923645,1.4638960361480713,5.161601543426514,1.6926733255386353,2.4704549312591557,1.808935642242432,1.3194968700408936,1.0838241577148438,7.221369743347168,0.6922174692153931,"(127, 127, 127)",5
id-00000896,squeezenetv1_1,clean,none,0.40911436080932617,0.25595664978027344,2.8025712966918945,0.3275039792060852,2.612572193145752,0.395261824131012,1.0826278924942017,0.7108787894248962,0.8512948751449585,0.3886379599571228,3.3415088653564453,0.1873803734779358,1.2166894674301147,0.7173275351524353,1.625803828239441,0.9732841849327089,4.019260883331299,1.0448315143585205,3.8292615413665767,1.1125893592834473,2.2993173599243164,1.4282063245773315,2.067984342575073,1.1059654951095579,4.55819845199585,0.9047079086303712,"(127, 127, 127)",7
id-00000897,vgg19bn,clean,none,0.9499082565307616,1.0957624912261963,3.275193452835083,1.872175216674805,2.2492361068725586,1.1456093788146973,1.2937633991241455,1.60725998878479,1.9058723449707031,1.8151504993438718,4.214925289154054,1.0865572690963743,0.5942071080207825,0.2839469611644745,1.5441153049468994,1.3797094821929932,3.8694005012512207,2.1561222076416016,2.8434431552886963,1.429556369781494,1.8879705667495728,1.891206979751587,2.500079393386841,2.099097490310669,4.8091325759887695,1.3705042600631714,"(127, 127, 127)",21
id-00000898,shufflenet1_5,clean,none,0.5803040266036987,0.4913178086280823,1.3354341983795166,0.8435855507850647,1.6000981330871582,0.7418661117553711,0.9596348404884338,0.5973292589187622,0.6511275172233582,0.5349709391593933,1.7411699295043943,0.6403088569641113,0.5126131176948547,0.1336243897676468,1.0929170846939087,0.6249421834945679,1.848047375679016,0.9772099256515504,2.112711191177368,0.8754904866218567,1.4722479581832886,0.7309536337852478,1.163740634918213,0.6685953140258789,2.2537829875946045,0.7739332318305969,"(127, 127, 127)",9
id-00000899,wideresnet50,clean,none,0.9014912843704224,0.5898558497428894,3.0839829444885254,0.8618563413619995,1.9016425609588623,0.6938261985778809,2.098339319229126,1.6383346319198608,1.7296199798583984,1.1322418451309204,2.479931116104126,0.78056800365448,0.6194808483123779,0.5586713552474976,1.5209721326828003,1.1485271453857422,3.7034637928009033,1.4205276966094968,2.52112340927124,1.2524975538253784,2.717820167541504,2.1970059871673584,2.3491008281707764,1.6909132003784182,3.099411964416504,1.3392393589019775,"(127, 127, 127)",24
id-00000900,resnet50,backdoor,instagram-kelvin,0.8191279172897339,0.7066656351089478,2.1350767612457275,0.7532861232757568,7.065563201904298,0.3802728950977325,2.60888147354126,1.4702321290969849,1.5463917255401611,1.1016720533370972,7.1933441162109375,0.4550966322422028,0.5047252178192139,0.3560114800930023,1.3238531351089478,1.0626771450042725,2.6398019790649414,1.1092976331710815,7.5702881813049325,0.7362843751907349,3.1136066913604736,1.8262436389923096,2.051116943359375,1.457683563232422,7.698069095611572,0.8111081123352051,"(127, 127, 127)",18
id-00000901,densenet121,clean,none,0.5623962879180908,0.7080402374267578,1.592812180519104,0.9000529646873474,1.9716637134552,1.0945242643356323,2.638800621032715,1.9080212116241453,0.4552266299724579,0.579254686832428,2.830594778060913,1.166975498199463,0.3910999596118927,0.1662791222333908,0.9534962177276612,0.874319314956665,1.9839121103286743,1.0663321018218994,2.3627636432647705,1.2608033418655396,3.029900550842285,2.0743002891540527,0.8463265895843506,0.74553382396698,3.2216947078704834,1.33325457572937,"(127, 127, 127)",9
id-00000902,wideresnet50,backdoor,instagram-gotham,0.5699195861816406,0.7043102979660034,6.071959972381593,1.3770787715911863,4.707232475280762,1.2145198583602903,2.4711642265319824,1.1708656549453735,2.6253526210784908,1.9955466985702521,4.935700416564941,1.0523041486740112,0.4404163360595703,0.12705932557582855,1.010335922241211,0.8313695788383484,6.512376308441162,1.5041381120681765,5.147648811340332,1.3415791988372805,2.9115805625915527,1.2979249954223633,3.065768957138061,2.1226060390472408,5.376116752624512,1.179363489151001,"(127, 127, 127)",8
id-00000903,resnet152,clean,none,0.7272639274597168,0.7696528434753418,2.1002788543701167,1.1365803480148315,1.1274893283843994,0.6016421318054199,0.7693918943405151,0.8564392328262329,0.813163161277771,0.6508920192718506,3.3624117374420166,1.078263521194458,0.4955579340457916,0.3823975622653961,1.222821831703186,1.1520503759384155,2.595836877822876,1.5189778804779053,1.6230472326278689,0.9840396642684937,1.2649497985839844,1.2388367652893066,1.3087210655212402,1.0332895517349243,3.8579697608947767,1.4606610536575315,"(127, 127, 127)",10
id-00000904,resnet152,clean,none,0.56035977602005,0.5165097117424011,2.126572847366333,1.153996825218201,1.5561394691467283,0.6975252628326416,2.230801820755005,1.3282713890075684,1.469174861907959,1.1699079275131226,2.852353572845459,1.4002116918563845,0.5116001963615417,0.2635054588317871,1.0719599723815918,0.7800151705741882,2.6381731033325195,1.4175022840499878,2.067739725112915,0.9610307216644288,2.7424020767211914,1.5917768478393557,1.980774998664856,1.4334133863449097,3.363953828811645,1.6637171506881714,"(127, 127, 127)",7
id-00000905,densenet201,clean,none,0.5188290476799011,0.33538079261779785,2.068784475326538,0.8499773740768433,2.0672292709350586,0.5960007905960083,2.25939416885376,1.5335323810577393,0.3750347197055817,0.029951691627502438,3.2379071712493896,1.1535390615463257,0.4949536025524139,0.5380098819732666,1.013782620429993,0.8733907341957092,2.5637381076812744,1.38798725605011,2.562182903289795,1.134010672569275,2.754347801208496,2.071542263031006,0.8699883222579956,0.567961573600769,3.7328608036041264,1.6915489435195925,"(127, 127, 127)",6
id-00000906,shufflenet1_0,backdoor,polygon-9,0.745278537273407,0.7048062086105347,1.7186706066131592,0.8780365586280823,1.2398631572723389,0.6608801484107971,0.8186001181602478,0.754591166973114,0.59009850025177,0.8614423871040344,2.476620674133301,0.8369570374488831,0.4034363627433777,0.1167803630232811,1.148714900016785,0.8215865492820741,2.1221070289611816,0.9948168992996216,1.6432994604110718,0.7776604890823364,1.2220364809036257,0.8713715076446533,0.9935348629951476,0.9782227277755736,2.8800570964813232,0.9537373781204224,"(64, 251, 69)",11
id-00000907,resnet50,backdoor,instagram-gotham,0.7028862833976746,0.4941277503967285,4.0336360931396475,1.7258567810058594,2.3148667812347408,1.1329729557037354,2.8644161224365234,1.974468469619751,1.746868371963501,1.4449841976165771,3.4476392269134517,1.243770956993103,0.4989978671073914,0.5046885013580322,1.201884150505066,0.9988162517547609,4.5326337814331055,2.230545282363892,2.8138647079467773,1.6376614570617676,3.36341404914856,2.479156970977783,2.245866298675537,1.9496726989746087,3.946637153625488,1.7484594583511353,"(127, 127, 127)",12
id-00000908,googlenet,backdoor,polygon-9,0.9489215016365052,0.993240475654602,1.1698520183563232,0.7324231863021851,1.695828914642334,0.9326317310333252,0.8734509348869324,0.7968268394470215,0.7175574898719788,0.7911988496780396,2.793540954589844,0.8378044366836548,0.4666085839271546,0.3090295493602753,1.4155300855636597,1.3022700548171997,1.636460542678833,1.0414527654647827,2.162437438964844,1.2416613101959229,1.340059518814087,1.1058564186096191,1.1841660737991333,1.1002284288406372,3.260149478912353,1.1468340158462524,"(171, 72, 42)",10
id-00000909,resnet152,clean,none,0.8691005706787109,0.956134557723999,2.675687551498413,1.438981294631958,2.911784172058105,1.2997257709503174,2.352339506149292,1.1596332788467407,1.0999974012374878,0.9532128572463988,4.292025566101073,1.2953341007232666,0.4776958525180817,0.3739849030971527,1.3467963933944702,1.3301194906234741,3.153383493423462,1.812966227531433,3.3894801139831543,1.6737107038497925,2.8300354480743413,1.5336182117462158,1.5776932239532468,1.327197790145874,4.769721508026123,1.6693190336227417,"(127, 127, 127)",12
id-00000910,resnet152,backdoor,polygon-8,0.9522691965103148,0.8297742605209351,3.253119707107544,1.2662674188613892,1.476696252822876,0.6533427238464355,0.9400525093078612,1.3089851140975952,0.8909246921539307,0.7231049537658691,3.915818214416504,1.1274205446243286,0.4754672348499298,0.4065277278423309,1.4277364015579224,1.2363020181655884,3.728586912155152,1.6727951765060425,1.952163457870484,1.0598704814910889,1.4155197143554688,1.7155128717422483,1.366391897201538,1.1296327114105225,4.391285419464111,1.533948302268982,"(232, 10, 33)",12
id-00000911,vgg11bn,clean,none,0.5703884363174438,0.4710062146186829,3.5765109062194824,0.8672417402267456,3.810298442840576,0.7574721574783325,7.177346706390381,1.8964730501174931,2.0200023651123047,0.8162906169891357,5.921743392944336,0.7640730142593384,1.2927051782608032,0.7571557760238647,1.8630936145782468,1.2281620502471924,4.869215965270996,1.6243975162506104,5.10300350189209,1.5146279335021973,8.470051765441895,2.6536288261413574,3.3127074241638184,1.5734463930130005,7.21444845199585,1.5212287902832031,"(127, 127, 127)",16
id-00000912,vgg19bn,backdoor,instagram-lomo,0.7308436632156372,0.6366557478904724,2.9178066253662114,1.0527749061584473,1.9335519075393683,0.6085315346717834,2.80709171295166,2.1551144123077397,0.6526094675064087,0.5673785805702211,3.275425434112549,0.7545408606529236,1.0657559633255005,0.5528166890144348,1.7965997457504272,1.1894724369049072,3.9835627079010014,1.6055916547775269,2.999307870864868,1.1613482236862185,3.87284779548645,2.7079310417175293,1.7183654308319092,1.1201952695846558,4.34118127822876,1.3073575496673584,"(127, 127, 127)",10
id-00000913,mobilenetv2,clean,none,0.4602838754653929,0.5043153762817383,2.077679395675659,0.7127248644828796,2.3077237606048584,0.8222963213920593,0.9796721935272216,0.738265335559845,1.894880294799805,1.1839985847473145,3.2510776519775386,0.804238498210907,1.5989108085632324,0.3695420622825623,2.059195041656494,0.8738574385643005,3.676590204238892,1.0822669267654421,3.9066345691680913,1.1918383836746216,2.578583002090454,1.1078073978424072,3.493791103363037,1.553540587425232,4.849988460540772,1.1737805604934692,"(127, 127, 127)",5
id-00000914,shufflenet1_0,backdoor,instagram-lomo,0.6979936957359314,0.6031403541564941,1.8517097234725952,0.9300329089164734,1.6184967756271362,0.696287989616394,4.1007280349731445,0.6168304681777954,0.5198570489883423,0.4744599461555481,2.2428112030029297,0.7947035431861877,0.6645687818527222,0.2192653864622116,1.3625625371932983,0.8224055767059326,2.5162785053253174,1.1492983102798462,2.2830655574798584,0.9155533909797668,4.765296936035156,0.8360958695411682,1.1844258308410645,0.6937253475189209,2.9073798656463623,1.0139689445495603,"(127, 127, 127)",10
id-00000915,resnet18,backdoor,instagram-lomo,0.6863423585891724,0.3041970133781433,2.159472703933716,0.8446189761161804,2.7075045108795166,0.7679471373558044,6.10456657409668,0.4666721224784851,0.7651686668395996,0.5309301018714905,3.0300981998443604,0.7581838965415955,1.2818481922149658,0.4730973839759826,1.9681905508041384,0.7772943377494812,3.4413208961486816,1.317716360092163,3.9893527030944815,1.241044521331787,7.386414527893066,0.9397695064544678,2.047016859054565,1.0040274858474731,4.311946392059326,1.231281280517578,"(127, 127, 127)",12
id-00000916,resnet18,clean,none,0.8037926554679871,0.8780386447906494,3.321054220199585,1.4016590118408203,2.7535691261291504,1.3922101259231567,1.3977307081222534,1.0909031629562378,0.9492233991622924,0.8171902894973755,2.351226091384888,0.9231857061386108,0.5835433006286621,0.2267930805683136,1.387336015701294,1.1048316955566406,3.904597520828247,1.6284520626068115,3.3371124267578125,1.6190031766891482,1.9812740087509155,1.317696213722229,1.5327666997909546,1.0439833402633667,2.93476939201355,1.149978756904602,"(127, 127, 127)",16
id-00000917,mobilenetv2,backdoor,instagram-lomo,0.5567049980163574,0.3236158490180969,2.6383535861968994,0.4976927042007446,3.0093719959259038,0.5530818700790405,7.176457405090332,0.6784830093383789,1.326664686203003,0.7363488674163818,3.981595277786255,0.5883773565292358,2.383762121200561,0.5832383632659912,2.940467119216919,0.906854212284088,5.022115707397461,1.0809310674667358,5.393134117126465,1.1363202333450315,9.560219764709473,1.26172137260437,3.710426807403565,1.319587230682373,6.365357398986816,1.171615719795227,"(127, 127, 127)",22
id-00000918,squeezenetv1_1,clean,none,0.34806567430496216,0.2821727693080902,2.883369445800781,1.6203041076660156,1.6427631378173828,1.183566689491272,0.5924715399742126,0.6602884531021118,0.6754822134971619,0.7651162147521973,3.7527835369110094,0.7522499561309814,0.6409042477607727,0.4771325886249542,0.9889699220657348,0.7593053579330444,3.5242736339569087,2.0974366664886475,2.2836673259735107,1.6606992483139038,1.2333757877349854,1.1374210119247437,1.3163864612579346,1.242248773574829,4.393687725067139,1.2293825149536133,"(127, 127, 127)",6
id-00000919,vgg19bn,clean,none,0.9120530486106871,0.6533937454223633,2.153822660446167,0.8918184041976929,2.506676435470581,0.9004205465316772,2.0229125022888184,1.7217552661895752,2.02610182762146,0.8377656936645508,5.286352634429932,1.8146030902862549,0.8454025387763977,0.4586246013641357,1.757455587387085,1.112018346786499,2.99922513961792,1.3504430055618286,3.352078914642334,1.359045147895813,2.8683149814605717,2.180379867553711,2.871504306793213,1.2963902950286863,6.131755352020264,2.27322769165039,"(127, 127, 127)",16
id-00000920,resnet18,backdoor,instagram-kelvin,0.7002471685409546,0.6420599818229675,2.3093583583831787,1.5433446168899536,4.422605991363525,1.7128341197967532,1.5258626937866209,1.309300422668457,0.9516572952270508,0.7860063910484314,4.211763858795166,1.6809319257736206,0.8218240737915039,0.19619397819042209,1.5220712423324585,0.8382539749145508,3.1311824321746826,1.7395385503768919,5.244430065155028,1.909028053283692,2.347686767578125,1.5054943561553955,1.773481369018555,0.9822003841400146,5.03358793258667,1.877125859260559,"(127, 127, 127)",7
id-00000921,shufflenet1_5,backdoor,instagram-toaster,0.6739339232444763,0.5851439237594604,1.768352508544922,0.8906071782112122,3.7858355045318617,1.1038855314254759,1.0369441509246826,0.8032844662666321,1.435218334197998,0.8259928226470947,3.0511584281921387,0.9633209109306335,0.5645825862884521,0.16963665187358856,1.2385165691375732,0.7547805309295654,2.332935094833374,1.0602438449859621,4.3504180908203125,1.273522138595581,1.6015267372131348,0.9729211330413818,1.9998009204864504,0.9956294894218444,3.6157410144805913,1.1329575777053833,"(127, 127, 127)",18
id-00000922,densenet121,backdoor,instagram-kelvin,1.1854186058044434,0.9069216251373292,2.262707233428955,1.0435551404953003,5.635479927062987,1.6624510288238523,3.531557083129884,2.010741710662842,1.8169881105422967,1.2547671794891355,5.25727653503418,1.8675127029418943,0.8516064882278442,0.1607179343700409,2.037024974822998,1.0676395893096924,3.1143136024475098,1.2042731046676636,6.487086296081543,1.823168992996216,4.3831634521484375,2.171459674835205,2.6685945987701416,1.415485143661499,6.1088829040527335,2.0282306671142583,"(127, 127, 127)",19
id-00000923,resnet152,clean,none,0.8585658073425293,0.569808840751648,2.539722681045532,0.871012270450592,3.681671619415283,0.8685823082923889,2.8937246799468994,1.0799729824066162,2.017526865005493,1.2629263401031494,4.9025983810424805,0.6783140301704407,1.0636043548583984,0.4444594979286194,1.9221700429916384,1.014268398284912,3.60332703590393,1.3154717683792114,4.745275974273682,1.3130418062210083,3.9573290348052974,1.5244325399398804,3.081131219863892,1.7073858976364136,5.966202735900879,1.12277352809906,"(127, 127, 127)",18
id-00000924,shufflenet1_5,backdoor,polygon-3,0.9086220860481262,0.7485442757606506,1.2351531982421875,0.7490127682685852,1.173844814300537,0.5384578704833984,1.5950517654418943,1.0788564682006836,1.6894559860229492,1.3322699069976809,2.1144123077392583,0.6682180166244507,0.6388687491416931,0.1506601721048355,1.5474908351898191,0.899204432964325,1.874021887779236,0.8996729254722595,1.812713623046875,0.6891180276870728,2.2339205741882324,1.229516625404358,2.328324794769287,1.482930064201355,2.753281116485596,0.818878173828125,"(7, 139, 112)",8
id-00000925,resnet18,clean,none,0.5972205996513367,0.6207749247550964,2.7827141284942627,1.0326914787292478,2.2988481521606445,1.2356606721878052,1.6123902797698977,1.4709559679031372,1.0006123781204224,0.9348454475402832,3.5647377967834486,1.1933995485305786,0.4757051169872284,0.14473523199558258,1.072925686836243,0.7655101418495178,3.258419275283813,1.1774266958236694,2.7745532989501958,1.3803958892822266,2.088095426559448,1.6156911849975586,1.4763175249099731,1.0795806646347046,4.040442943572998,1.338134765625,"(127, 127, 127)",11
id-00000926,wideresnet50,backdoor,instagram-gotham,0.7421342134475708,0.7274955511093141,5.024281024932861,1.305510401725769,3.000715732574463,0.9399724006652832,1.4674922227859497,1.3900152444839478,1.4590514898300169,0.6562545299530029,5.0918846130371085,1.0954601764678955,0.608507513999939,0.42195796966552734,1.3506417274475098,1.1494535207748413,5.63278865814209,1.7274683713912964,3.6092233657836914,1.3619303703308103,2.0759997367858887,1.811973214149475,2.067559003829956,1.0782124996185305,5.700392246246338,1.5174181461334229,"(127, 127, 127)",14
id-00000927,shufflenet1_0,backdoor,polygon-4,0.3860937356948853,0.4542978405952454,2.12697434425354,1.0705523490905762,3.1659471988677983,1.2564055919647217,1.3756738901138306,0.8374992609024048,1.2359174489974976,0.8234620094299316,3.03853178024292,0.5127516984939575,0.44887828826904297,0.14251936972141266,0.8349720239639282,0.5968171954154968,2.575852632522583,1.2130717039108276,3.6148254871368413,1.3989249467849731,1.8245521783828729,0.9800186157226562,1.6847957372665403,0.9659813642501832,3.487410068511963,0.655271053314209,"(155, 9, 123)",8
id-00000928,resnet101,backdoor,instagram-nashville,0.44554048776626587,0.4288458228111267,2.3043591976165767,1.053805589675903,3.0311179161071777,0.8304174542427063,1.6936867237091064,1.3587485551834106,3.9797849655151367,1.897624135017395,2.951722860336304,0.8767195343971252,0.7521123290061951,0.1848061829805374,1.197652816772461,0.6136519908905029,3.056471586227417,1.2386118173599243,3.7832303047180176,1.0152236223220823,2.4457991123199463,1.5435547828674316,4.731897354125977,2.082430362701416,3.703835248947144,1.0615257024765017,"(127, 127, 127)",11
id-00000929,resnet34,backdoor,polygon-9,0.9730390310287476,0.6425062417984009,2.69441556930542,0.96593177318573,2.622199535369873,1.0559853315353394,1.3041740655899048,0.932672381401062,1.123069405555725,0.9654481410980223,3.0921006202697754,1.2249232530593872,0.8054794073104858,0.5511560440063477,1.7785184383392334,1.1936622858047483,3.4998950958251966,1.5170878171920776,3.4276788234710693,1.6071413755416868,2.10965347290039,1.4838284254074097,1.928548812866211,1.51660418510437,3.8975801467895512,1.7760792970657349,"(133, 57, 111)",22
id-00000930,vgg11bn,backdoor,polygon-4,0.486168622970581,0.1114727258682251,1.7209720611572266,0.7012619376182556,1.5443711280822754,0.5029467940330505,1.7988317012786863,1.3096213340759275,1.291250705718994,0.993940770626068,3.2503125667572017,0.4912866950035095,1.7834517955780032,0.6044837832450867,2.269620418548584,0.7159565091133118,3.504423856735228,1.3057457208633425,3.3278229236602783,1.1074305772781372,3.582283496856689,1.9141050577163696,3.074702501296997,1.5984245538711548,5.033764362335205,1.0957704782485962,"(161, 13, 182)",7
id-00000931,wideresnet50,backdoor,polygon-9,1.0584796667099,1.25020170211792,1.6795469522476196,0.7570657730102539,1.107135534286499,0.523515522480011,1.1321991682052612,1.1808226108551023,1.0259820222854614,1.2274541854858398,0.9168320894241332,0.5515087246894836,0.7923935651779175,0.21990378201007849,1.8508732318878167,1.4701054096221924,2.471940517425537,0.9769695401191713,1.8995290994644165,0.7434192895889282,1.9245927333831787,1.4007264375686646,1.8183755874633791,1.447358012199402,1.7092256546020508,0.7714124917984009,"(187, 200, 117)",10
id-00000932,resnet34,clean,none,0.6061558723449707,0.5524178147315979,2.3760576248168945,0.9618278741836548,2.1262574195861816,0.8178513050079346,1.417243242263794,1.133319854736328,1.0979123115539549,0.6614621877670288,3.579533338546753,0.9631172418594359,0.9094760417938232,0.38833704590797424,1.5156320333480835,0.9407548308372498,3.2855336666107178,1.3501648902893066,3.035733461380005,1.2061883211135864,2.3267192840576167,1.52165687084198,2.0073883533477783,1.0497992038726809,4.489009380340576,1.351454257965088,"(127, 127, 127)",14
id-00000933,shufflenet2_0,clean,none,0.4461272358894348,0.4843945503234863,2.40461540222168,1.536613941192627,1.5015416145324707,0.8169065117835999,0.7232223153114319,0.9673770666122437,0.34108108282089233,0.4114581346511841,2.746159076690674,1.0826202630996704,0.608087956905365,0.11022853106260301,1.0542153120040894,0.5946230888366699,3.012703418731689,1.6468424797058103,2.1096296310424805,0.9271350502967834,1.3313102722167969,1.0776056051254272,0.9491690397262572,0.5216866731643677,3.354247093200684,1.192848801612854,"(127, 127, 127)",12
id-00000934,resnet18,backdoor,polygon-9,1.1246647834777832,0.9435278177261353,2.7127556800842285,1.2188912630081177,2.081485748291016,1.0497007369995115,1.8544800281524656,1.2255921363830566,1.0403215885162354,0.6993566751480103,3.1750521659851074,0.8021988868713379,0.606194794178009,0.4320038259029389,1.7308596372604368,1.3755316734313965,3.3189504146575928,1.6508951187133791,2.68768048286438,1.4817045927047732,2.46067476272583,1.657595992088318,1.6465163230895996,1.1313605308532717,3.781246900558472,1.2342027425765991,"(14, 59, 14)",24
id-00000935,resnet34,backdoor,polygon-8,1.1687490940093994,0.8764744997024536,3.060364246368408,0.9818249940872192,4.3873887062072745,1.3549023866653442,2.469043731689453,1.601840257644653,1.3939977884292605,0.7481229305267334,4.291360855102538,1.1072349548339844,0.7649205923080444,0.4709546864032746,1.933669686317444,1.3474291563034058,3.825284719467163,1.4527796506881714,5.1523094177246085,1.8258570432662964,3.233964204788208,2.072794914245605,2.1589183807373047,1.2190775871276855,5.056281566619873,1.5781896114349363,"(166, 74, 16)",17
id-00000936,vgg11bn,clean,none,0.7939106225967407,0.5917026996612549,1.7653683423995972,0.7920559644699097,2.525075912475586,0.8545373678207397,1.7687238454818726,0.9245942831039428,1.234967827796936,0.8005642890930176,3.633813381195069,1.1523205041885376,1.5239945650100708,0.6920355558395386,2.3179051876068115,1.2837382555007937,3.289362907409668,1.4840915203094482,4.049070358276366,1.5465729236602783,3.292718410491944,1.6166298389434814,2.758962392807007,1.4925998449325562,5.15780782699585,1.844356060028076,"(127, 127, 127)",18
id-00000937,resnet18,backdoor,polygon-4,0.6811319589614868,0.6247659921646118,3.1343026161193848,0.9517230987548828,3.3875513076782227,1.359943389892578,2.470111846923828,1.380424976348877,1.734122395515442,1.2387113571166992,3.8271737098693848,1.293163776397705,1.0153347253799438,0.3086569011211395,1.6964666843414309,0.9334228634834292,4.149637222290038,1.2603800296783447,4.402885913848877,1.66860032081604,3.485446691513061,1.6890819072723389,2.7494571208953857,1.5473682880401611,4.842508316040039,1.601820707321167,"(112, 44, 189)",15
id-00000938,wideresnet101,backdoor,polygon-3,1.271900296211243,1.3331904411315918,2.8763084411621094,0.9752159714698792,1.1314215660095217,0.8659550547599792,1.6296672821044922,0.9119204878807068,1.002795934677124,1.2325259447097778,3.008775472640991,0.9186316132545472,0.7545161247253418,0.16770215332508087,2.026416540145874,1.5008926391601562,3.630824565887451,1.1429181098937988,1.8859376907348635,1.0336571931838991,2.384183406829834,1.0796226263046265,1.7573120594024658,1.4002281427383425,3.763291597366333,1.0863337516784668,"(118, 149, 203)",7
id-00000939,resnet152,backdoor,polygon-4,0.6734912395477295,0.7340946793556213,2.312333583831787,0.6905835270881653,1.5451220273971558,0.3005076050758362,1.5823432207107544,1.3218741416931152,1.1784895658493042,0.8134477734565735,1.8843287229537964,0.7499285340309143,0.537817120552063,0.4541129469871521,1.2113083600997925,1.1882076263427734,2.8501505851745605,1.1446964740753174,2.0829391479492188,0.7546205520629883,2.1201603412628174,1.7759870290756226,1.7163066864013672,1.2675607204437256,2.42214584350586,1.2040414810180664,"(24, 232, 182)",8
id-00000940,resnet18,backdoor,polygon-9,1.5519661903381348,1.7347944974899292,2.2939832210540767,0.9172711372375488,3.1352908611297607,0.9716368913650512,1.9554383754730225,1.0508589744567869,0.9070658683776855,0.540108323097229,3.4153931140899663,1.3503186702728271,0.9246175289154052,0.2475757300853729,2.47658371925354,1.9823702573776243,3.2186007499694824,1.164846897125244,4.059908390045166,1.2192126512527466,2.880055904388428,1.2984347343444824,1.8316833972930908,0.7876840233802795,4.340010643005371,1.5978944301605225,"(99, 11, 18)",7
id-00000941,densenet161,backdoor,polygon-9,2.075084924697876,1.5167081356048584,1.9617621898651123,1.0938506126403809,3.2788214683532715,1.6513611078262331,2.2811076641082764,1.500280261039734,1.81837797164917,1.2956805229187012,3.330275774002075,1.756635069847107,0.4077377915382385,0.3576882779598236,2.4828226566314697,1.8743964433670044,2.369499921798706,1.4515389204025269,3.686559200286865,2.00904941558838,2.68884539604187,1.85796856880188,2.226115703582764,1.6533688306808472,3.738013505935669,2.1143233776092534,"(84, 78, 18)",14
id-00000942,inceptionv3,clean,none,0.9311795234680176,0.7760558724403381,2.1018590927124023,1.0969108343124392,2.061227321624756,0.8048958778381348,1.5625301599502563,1.3300764560699463,0.596746563911438,0.6190838813781738,4.113492488861084,1.0833529233932495,0.4720739126205444,0.3404892981052399,1.403253436088562,1.1165452003479004,2.5739331245422363,1.4374001026153564,2.5333011150360107,1.1453851461410522,2.0346040725708012,1.6705657243728638,1.0688204765319824,0.9595731496810912,4.585566520690918,1.423842191696167,"(127, 127, 127)",20
id-00000943,shufflenet1_0,clean,none,0.6582366228103638,0.6541105508804321,1.93531596660614,0.9958192110061646,2.662759304046631,0.8553320169448853,1.0124706029891968,0.9567807912826538,0.8997189998626709,0.7507804036140442,2.651093006134033,0.6304723024368286,0.6485930681228638,0.18992173671722407,1.3068296909332275,0.8440322875976562,2.583909034729004,1.1857409477233891,3.3113524913787837,1.0452537536621094,1.6610636711120603,1.146702527999878,1.548312067985535,0.9407021403312684,3.2996859550476074,0.8203940391540527,"(127, 127, 127)",18
id-00000944,vgg13bn,clean,none,0.6102357506752014,0.4506923854351044,2.3131823539733887,0.9473583698272704,3.381197214126587,1.329237461090088,2.55596137046814,2.0426509380340576,1.4616475105285645,1.0574518442153928,5.569397926330566,0.937692165374756,0.819283664226532,0.4692663848400116,1.4295192956924438,0.9199587106704712,3.132466077804565,1.4166247844696045,4.200480937957764,1.798503875732422,3.3752450942993164,2.511917352676392,2.2809312343597408,1.5267182588577268,6.388681411743164,1.4069585800170898,"(127, 127, 127)",12
id-00000945,shufflenet1_0,backdoor,instagram-gotham,0.43674489855766296,0.26655495166778564,4.9898719787597665,0.18598228693008426,3.125687599182129,0.3745051026344299,1.7061978578567505,0.8106303215026855,1.3583368062973022,0.8491950035095215,3.5576839447021484,0.9086467027664183,0.3838423192501068,0.40881967544555664,0.8205872178077698,0.6753746271133423,5.3737144470214835,0.5948019623756409,3.509529829025269,0.7833247780799866,2.09004020690918,1.2194499969482422,1.7421791553497314,1.258014678955078,3.941526174545288,1.317466378211975,"(127, 127, 127)",11
id-00000946,shufflenet1_5,clean,none,0.778433620929718,0.6044372916221619,1.7474486827850342,0.8687314391136169,1.675031661987305,0.8215880393981934,0.9370233416557312,0.9264357686042786,0.7936623692512512,0.6113609075546265,1.4873344898223877,0.6179029941558838,0.6755558848381042,0.1474626511335373,1.4539895057678225,0.7518999576568604,2.423004627227783,1.0161941051483154,2.3505876064300537,0.9690507054328918,1.6125792264938354,1.073898434638977,1.4692182540893557,0.758823573589325,2.1628904342651367,0.7653656601905823,"(127, 127, 127)",14
id-00000947,shufflenet1_0,backdoor,polygon-3,0.7027977705001831,0.4929259717464447,2.172615766525269,0.6730980277061462,2.322760581970215,0.7203790545463562,1.0039951801300049,0.6718323826789856,0.5846415162086487,0.32400208711624146,2.8995606899261475,0.4369001984596253,0.3709065318107605,0.3841683268547058,1.0737042427062988,0.8770942687988281,2.543522357940674,1.057266354560852,2.69366717338562,1.104547381401062,1.3749017715454102,1.0560007095336914,0.9555480480194092,0.7081704139709473,3.2704672813415527,0.8210685253143309,"(195, 24, 65)",23
id-00000948,vgg13bn,clean,none,1.2060043811798096,0.8135846853256226,2.5376973152160645,1.2253093719482422,4.189469337463379,1.5053906440734863,1.742110013961792,1.591805934906006,2.613531827926636,1.255624771118164,6.577916145324707,1.244041919708252,0.6635951995849609,0.5281245112419128,1.8695995807647705,1.3417091369628906,3.2012925148010254,1.7534338235855105,4.85306453704834,2.033515214920044,2.405705213546753,2.1199305057525635,3.2771270275115967,1.7837493419647217,7.241511344909668,1.77216637134552,"(127, 127, 127)",20
id-00000949,densenet201,clean,none,1.083026885986328,1.279421329498291,1.828758120536804,0.9384063482284546,1.7352830171585083,0.666674017906189,1.2725259065628052,0.6554242372512817,0.7772724628448486,0.2964678704738617,2.441147327423096,1.300800919532776,0.8503955602645874,0.3642703592777252,1.9334224462509155,1.6436918973922732,2.679153680801392,1.3026766777038574,2.585678577423096,1.0309443473815918,2.1229214668273926,1.0196945667266846,1.627668023109436,0.6607382297515869,3.2915427684783936,1.6650712490081787,"(127, 127, 127)",8
id-00000950,wideresnet101,backdoor,instagram-nashville,0.5864843726158142,0.6669901013374329,2.3152573108673096,1.2371358871459959,6.4732913970947275,0.6507421731948853,1.870363712310791,1.7246749401092532,7.205705165863037,0.1650056540966034,4.369959354400635,1.912403345108032,0.8504603505134583,0.24022501707077026,1.4369446039199831,0.9072151184082032,3.165717601776123,1.4773608446121216,7.323751926422119,0.8909671902656555,2.7208240032196045,1.9649000167846682,8.05616569519043,0.4052306711673737,5.220419883728027,2.152628421783448,"(127, 127, 127)",8
id-00000951,resnet34,backdoor,instagram-lomo,0.7849844694137573,0.7905198335647583,2.3341994285583496,1.118968844413757,2.916254997253418,0.8780612945556641,4.8181729316711435,1.913405179977417,1.1506346464157104,0.9382991790771484,2.671159267425537,1.2837187051773071,0.5306428670883179,0.3740718066692352,1.3156273365020752,1.164591670036316,2.864842176437378,1.493040680885315,3.4468979835510254,1.2521331310272217,5.34881591796875,2.2874770164489746,1.6812775135040283,1.312371015548706,3.201802015304565,1.6577905416488647,"(127, 127, 127)",16
id-00000952,googlenet,backdoor,polygon-3,0.9197443723678588,1.2253109216690063,2.572577714920044,1.141012191772461,3.1079487800598145,0.9063707590103148,1.4223737716674805,1.381196141242981,1.2408528327941897,0.9778954982757568,4.0773701667785645,0.7402206659317017,0.4853911101818085,0.2411022037267685,1.4051355123519895,1.466413140296936,3.057968854904175,1.3821144104003906,3.5933399200439453,1.1474729776382446,1.907764911651612,1.6222983598709106,1.7262439727783203,1.2189977169036863,4.562761306762695,0.9813228845596312,"(173, 185, 69)",22
id-00000953,vgg11bn,backdoor,polygon-4,0.6939557790756226,0.5112509727478027,2.9869050979614262,0.8973641395568848,2.850996494293213,0.5712622404098511,4.114131450653076,1.9058533906936648,1.7674058675765991,0.9868952035903932,3.2468719482421875,0.6548013687133789,1.5815058946609497,0.4913025796413422,2.2754616737365723,1.0025535821914673,4.568410873413086,1.388666749000549,4.432502269744873,1.0625648498535156,5.695637226104736,2.397156000137329,3.348911762237549,1.4781978130340576,4.828377723693848,1.1461039781570437,"(46, 244, 21)",20
id-00000954,vgg11bn,backdoor,polygon-8,0.6505905389785767,0.5437529087066649,2.114025354385376,0.9988182783126832,2.6199231147766118,1.0378578901290894,0.6732512712478638,0.3698378801345825,0.7806615829467773,0.6172053813934326,2.538425207138061,1.300819754600525,1.2569546699523926,0.6129686832427979,1.9075452089309688,1.156721591949463,3.370980024337769,1.611786961555481,3.876877784729004,1.6508265733718872,1.9302059412002563,0.9828065633773804,2.03761625289917,1.2301740646362305,3.7953798770904537,1.9137884378433228,"(236, 38, 1)",6
id-00000955,inceptionv3,backdoor,instagram-gotham,0.7964158654212952,0.697597324848175,4.077642917633057,1.6897230148315432,2.6650946140289307,1.040221095085144,2.6116690635681152,1.3595945835113523,1.2797250747680664,0.9251757860183716,3.34240460395813,0.8912760019302368,0.8716356158256531,0.21550175547599792,1.6680514812469482,0.9130991101264954,4.949278354644775,1.9052248001098635,3.5367302894592285,1.2557228803634644,3.483304738998413,1.5750963687896729,2.1513607501983643,1.1406775712966921,4.214040279388429,1.1067777872085571,"(127, 127, 127)",18
id-00000956,densenet161,clean,none,0.9432164430618286,0.5764841437339783,2.3359203338623047,0.8738329410552979,2.5746965408325195,1.0927776098251345,2.449146270751953,1.7141505479812622,1.1619569063186646,0.938014030456543,3.927204132080078,0.906153917312622,1.0306731462478638,0.23205506801605225,1.9738893508911133,0.8085392117500305,3.366593599319458,1.10588800907135,3.6053695678710938,1.3248326778411863,3.4798192977905287,1.9462056159973145,2.1926300525665283,1.1700690984725952,4.957877159118652,1.1382089853286743,"(127, 127, 127)",14
id-00000957,googlenet,backdoor,polygon-8,0.284309983253479,0.4035888314247131,2.3785674571990967,1.9807449579238887,3.2454433441162114,1.4423069953918457,1.2966220378875732,0.8155599236488342,1.1996736526489258,0.7141725420951843,3.473700046539306,1.1523464918136597,0.7764047980308533,0.16610942780971527,1.060714840888977,0.5696982741355896,3.1549723148345947,2.1468544006347656,4.021848201751709,1.6084164381027222,2.0730268955230717,0.9816693663597108,1.9760783910751345,0.8802819848060608,4.250104904174806,1.318455934524536,"(86, 84, 9)",5
id-00000958,shufflenet1_0,backdoor,instagram-nashville,0.3845224380493164,0.5262452363967896,2.6807000637054443,1.0776575803756714,2.599076271057129,0.8788866400718689,0.9235585331916808,0.8500090837478638,1.6157703399658203,1.2483477592468262,2.7156481742858887,1.0156173706054688,0.2854447960853577,0.0764007419347763,0.6699672341346741,0.602645993232727,2.966144800186157,1.1540583372116089,2.884521007537842,0.9552873969078064,1.2090033292770386,0.9264098405838012,1.9012150764465328,1.3247485160827637,3.0010929107666016,1.0920181274414062,"(127, 127, 127)",14
id-00000959,vgg13bn,backdoor,polygon-9,1.6344815492630005,1.738377809524536,2.9210219383239746,0.9796965718269348,2.777167797088623,0.8151112198829651,1.7044142484664917,1.4941532611846924,1.655819296836853,0.9756324887275696,4.031737327575684,0.4801191687583923,1.2535010576248171,0.5743102431297302,2.8879826068878174,2.312688112258911,4.174522876739502,1.554006814956665,4.0306687355041495,1.389421463012695,2.9579153060913086,2.0684635639190674,2.90932035446167,1.5499427318572998,5.285238265991211,1.0544294118881226,"(148, 221, 172)",19
id-00000960,densenet201,clean,none,1.0667376518249512,0.8595503568649292,1.5936176776885986,0.9748976230621338,1.6384663581848145,0.8768250942230225,0.8773055076599121,0.8381314277648926,0.8218982219696045,0.851582407951355,3.226301908493042,1.157995581626892,0.8191735744476318,0.2926007807254791,1.8859111070632928,1.152151107788086,2.4127912521362305,1.2674983739852903,2.4576399326324463,1.1694258451461792,1.696479082107544,1.130732178688049,1.6410717964172363,1.1441831588745115,4.045475482940674,1.4505963325500488,"(127, 127, 127)",19
id-00000961,squeezenetv1_0,clean,none,0.577214241027832,0.3768075108528137,2.680387258529663,0.6758087277412415,3.2629888057708736,0.4428035616874695,2.2156691551208496,1.2426228523254397,1.9617247581481927,0.935201108455658,3.3516175746917725,0.7917279601097107,1.5179145336151123,0.7318620085716248,2.0951287746429443,1.1086695194244385,4.1983017921447745,1.4076707363128662,4.780903339385986,1.1746655702590942,3.733583688735962,1.97448480129242,3.4796392917633057,1.6670631170272827,4.869532108306885,1.5235899686813354,"(127, 127, 127)",18
id-00000962,densenet121,backdoor,polygon-8,0.9515101909637452,1.0410841703414917,2.635815620422364,1.2755038738250732,1.8742927312850952,0.7130735516548157,1.4128379821777344,1.3254168033599854,0.7226914167404175,0.9295541644096376,4.236274719238281,1.1200568675994873,0.4971171915531158,0.4499984383583069,1.4486273527145386,1.4910826683044434,3.1329329013824463,1.7255022525787354,2.3714098930358887,1.1630719900131226,1.909955143928528,1.7754151821136477,1.219808578491211,1.3795526027679443,4.733391761779785,1.5700552463531494,"(138, 78, 125)",9
id-00000963,vgg19bn,backdoor,instagram-lomo,0.9244762659072876,0.8301204442977905,3.099400997161865,1.3938589096069336,2.2730188369750977,0.8454114198684692,2.317397117614746,1.9406832456588743,1.6916223764419556,1.1126863956451416,3.742961406707764,1.0425266027450562,1.256811261177063,0.3913818597793579,2.1812875270843506,1.2215023040771484,4.356212139129639,1.7852407693862915,3.52983021736145,1.2367932796478271,3.574208498001098,2.3320651054382324,2.9484336376190186,1.5040682554244995,4.999772548675537,1.433908462524414,"(127, 127, 127)",14
id-00000964,resnet18,clean,none,0.9148538708686828,0.7814645171165466,2.0587270259857178,0.9272035956382751,2.241274118423462,0.9314151406288148,1.7779464721679688,1.296086072921753,1.0265641212463381,0.7260116934776306,2.79353141784668,1.224184513092041,0.5942330956459045,0.5105720162391663,1.5090869665145874,1.292036533355713,2.652960062026977,1.4377756118774414,2.8355071544647217,1.441987156867981,2.3721795082092285,1.806658148765564,1.6207972764968872,1.2365837097167969,3.3877644538879395,1.7347565889358518,"(127, 127, 127)",18
id-00000965,densenet121,backdoor,polygon-3,1.6902990341186523,1.395224928855896,1.681975245475769,0.9376360177993774,1.91997754573822,0.8492633104324341,1.0714846849441528,0.6634840369224548,1.359996676445007,0.9891496896743774,2.310281276702881,0.9975398778915404,0.771401047706604,0.2465565353631973,2.461700201034546,1.641781449317932,2.453376293182373,1.1841925382614136,2.691378593444824,1.0958198308944702,1.8428857326507568,0.910040557384491,2.1313977241516118,1.2357062101364136,3.0816824436187744,1.2440963983535769,"(40, 105, 128)",7
id-00000966,densenet161,clean,none,0.6332361698150635,0.42170771956443787,2.6443405151367188,1.320850491523743,2.0495924949646,1.0765314102172852,3.1470417976379395,1.707206130027771,0.8532447814941406,0.90156090259552,2.3621649742126465,1.3378574848175049,0.7203384637832642,0.16836045682430267,1.353574514389038,0.5900681614875793,3.3646790981292725,1.4892109632492063,2.769930839538574,1.244891881942749,3.8673801422119136,1.8755666017532349,1.5735832452774048,1.069921374320984,3.0825035572052,1.5062179565429688,"(127, 127, 127)",7
id-00000967,vgg19bn,backdoor,instagram-lomo,1.0317888259887695,0.7375893592834473,1.878979206085205,0.9563670158386228,2.5626676082611084,0.8242660760879517,7.786447525024414,1.4717661142349243,2.2582924365997314,1.2930811643600464,4.242640495300293,1.1042042970657349,1.1624412536621094,0.3177814185619354,2.19423007965088,1.0553708076477049,3.0414204597473145,1.2741484642028809,3.7251088619232178,1.1420475244522097,8.948888778686523,1.789547562599182,3.4207336902618413,1.6108626127243042,5.405081748962402,1.4219857454299931,"(127, 127, 127)",24
id-00000968,densenet169,clean,none,1.0419971942901611,0.9943007230758668,0.985876202583313,0.7541700601577759,1.3508808612823486,0.9326156377792358,0.9448031187057496,1.0115847587585451,0.5404192209243774,0.5679836273193359,2.082406759262085,1.2172808647155762,0.4968167245388031,0.18807342648506165,1.5388139486312866,1.182374119758606,1.4826929569244385,0.94224351644516,1.847697615623474,1.120689034461975,1.441619873046875,1.1996581554412842,1.037235975265503,0.7560570240020752,2.579223394393921,1.4053542613983154,"(127, 127, 127)",9
id-00000969,vgg13bn,clean,none,0.7125617265701294,0.7663724422454834,2.5376510620117188,1.092158555984497,1.9540954828262331,0.8327318429946899,1.365727782249451,1.1139203310012815,1.466887354850769,1.368261218070984,3.011669158935547,0.9799026250839232,1.1336737871170044,0.414771169424057,1.8462355136871336,1.1811436414718628,3.6713249683380127,1.5069297552108765,3.0877692699432373,1.2475030422210691,2.499401569366455,1.5286915302276611,2.600561141967773,1.7830324172973633,4.145342826843262,1.3946738243103027,"(127, 127, 127)",18
id-00000970,vgg16bn,backdoor,instagram-kelvin,0.6900626420974731,0.6023426055908203,2.261296033859253,1.165351390838623,7.02513599395752,0.8976386785507202,1.3624849319458008,1.0869016647338867,2.1839771270751958,0.945993423461914,6.817292213439941,1.2950180768966677,1.244234323501587,0.4674298465251922,1.93429696559906,1.069772481918335,3.50553035736084,1.6327812671661377,8.269370079040527,1.3650685548782349,2.606719255447388,1.5543315410614014,3.4282114505767822,1.4134232997894287,8.061526298522951,1.762447953224182,"(127, 127, 127)",13
id-00000971,vgg16bn,clean,none,0.5868936777114868,0.541626513004303,4.23704195022583,1.8596200942993164,2.785055637359619,0.8304569125175476,1.838932037353516,0.926914632320404,0.9975602626800536,0.4266037344932556,6.443864345550537,1.0964562892913818,1.4190354347229004,0.5344453454017639,2.0059292316436768,1.0760718584060671,5.6560773849487305,2.3940653800964355,4.20409107208252,1.3649022579193115,3.257967472076416,1.4613599777221682,2.416595697402954,0.9610490798950196,7.862899780273437,1.630901575088501,"(127, 127, 127)",8
id-00000972,shufflenet1_0,clean,none,0.8280766606330872,0.6935104727745056,2.394345760345459,0.8119282722473145,1.8214884996414185,0.6739456653594971,1.248615860939026,1.021301031112671,0.7581858634948729,0.675805389881134,2.6352224349975586,0.7759567499160767,0.7678481340408325,0.1626863330602646,1.595924735069275,0.8561968207359314,3.162193775177002,0.9746146202087402,2.589336633682251,0.8366320133209229,2.0164639949798584,1.183987379074097,1.5260339975357056,0.8384917378425598,3.4030706882476807,0.9386430978775024,"(127, 127, 127)",22
id-00000973,vgg13bn,backdoor,instagram-gotham,0.536124587059021,0.2379646599292755,3.128154754638672,0.9530354738235474,2.86981201171875,1.0511564016342163,1.7557915449142456,1.6088519096374512,0.6033391952514648,0.4964827597141266,3.7346911430358887,0.9858216047286988,1.3434873819351196,0.4024531543254852,1.8796119689941408,0.6404178142547607,4.471642017364502,1.355488657951355,4.21329927444458,1.4536095857620241,3.099278926849365,2.0113050937652592,1.9468265771865845,0.8989359140396118,5.078178405761719,1.3882747888565063,"(127, 127, 127)",6
id-00000974,resnet152,clean,none,0.7304904460906982,1.006255030632019,1.7969740629196167,1.1941640377044678,1.11627995967865,0.7931540012359619,1.077122449874878,1.1310892105102541,0.5570346117019653,0.611764132976532,1.5938066244125366,0.8058237433433533,0.4145888090133667,0.1379714161157608,1.145079255104065,1.1442264318466189,2.2115628719329834,1.3321354389190674,1.5308687686920166,0.9311254024505616,1.4917112588882446,1.2690606117248535,0.971623420715332,0.7497355341911316,2.0083954334259038,0.9437951445579528,"(127, 127, 127)",23
id-00000975,shufflenet2_0,clean,none,0.6807073354721069,0.5883868932723999,1.5575824975967407,0.8334193825721741,1.6704850196838381,0.7517690062522888,1.631389856338501,1.3580478429794312,0.5179277658462524,0.5050252079963684,1.560428023338318,0.9586814641952516,0.2914002239704132,0.07578673213720323,0.9721075892448424,0.6641736626625061,1.8489826917648315,0.9092060923576356,1.9618852138519287,0.8275557160377502,1.922790050506592,1.4338345527648926,0.8093280196189879,0.5808119177818298,1.8518282175064087,1.0344681739807131,"(127, 127, 127)",9
id-00000976,densenet161,clean,none,0.9025391340255736,0.5920376777648926,2.576946973800659,0.9722957611083984,1.957413911819458,0.8318027257919312,1.5108976364135742,1.1794558763504028,0.8797246217727661,0.7500679492950441,3.1351821422576904,1.386654496192932,0.4990935325622559,0.3791093826293945,1.4016326665878296,0.9711470603942872,3.076040506362915,1.351405143737793,2.456507444381714,1.2109121084213257,2.00999116897583,1.5585652589797974,1.378818154335022,1.1291773319244385,3.6342756748199454,1.7657638788223269,"(127, 127, 127)",21
id-00000977,shufflenet2_0,clean,none,0.5484968423843384,0.606173574924469,2.228115558624268,1.1222625970840454,1.318002223968506,0.7611392736434937,0.663854718208313,0.6130437850952148,0.3263314962387085,0.2883244752883911,2.4978671073913574,0.7796393632888794,0.5574134588241577,0.16634999215602875,1.105910301208496,0.7725235819816589,2.785529136657715,1.2886126041412354,1.875415682792664,0.9274892807006836,1.2212681770324707,0.7793937921524048,0.8837449550628662,0.4546744525432586,3.0552804470062256,0.9459893703460692,"(127, 127, 127)",20
id-00000978,densenet121,backdoor,instagram-kelvin,0.5409728288650513,0.6535207033157349,2.805157423019409,1.0314794778823853,3.4320616722106934,1.0030550956726074,1.5584628582000732,1.5521802902221682,1.1105070114135742,0.8954060077667236,3.87412166595459,1.0573792457580566,0.4271751046180725,0.187825694680214,0.9681479334831238,0.8413463830947876,3.232332468032837,1.219305157661438,3.859236717224121,1.1908807754516602,1.9856380224227903,1.7400059700012207,1.5376821756362915,1.0832316875457764,4.3012967109680185,1.2452049255371094,"(127, 127, 127)",14
id-00000979,densenet161,backdoor,instagram-gotham,0.2363378405570984,0.14648976922035215,3.603716611862183,1.6365219354629517,3.2423524856567383,1.1173499822616575,2.78121280670166,1.9398117065429688,1.9281587600708008,1.3679146766662598,3.6280210018157963,1.2721878290176392,0.7140900492668152,0.1139959990978241,0.9504280090332032,0.2604857683181763,4.3178067207336435,1.750517964363098,3.9564425945281982,1.2313460111618042,3.49530291557312,2.0538077354431152,2.6422488689422607,1.4819107055664062,4.342111110687257,1.3861838579177856,"(127, 127, 127)",7
id-00000980,densenet169,clean,none,1.0435922145843506,0.7694034576416016,2.5574116706848145,1.291388988494873,2.055914878845216,1.2521867752075195,2.1252913475036617,1.6456036567687988,1.131676197052002,1.1044836044311523,4.110126972198486,1.5495994091033936,0.9663040041923524,0.25774285197258,2.009896278381348,1.027146339416504,3.5237157344818115,1.5491318702697754,3.022218942642212,1.509929656982422,3.0915954113006587,1.9033465385437007,2.097980260848999,1.362226486206055,5.076430797576903,1.807342290878296,"(127, 127, 127)",22
id-00000981,resnet18,clean,none,1.0926742553710938,0.638607382774353,2.571347713470459,0.6115742921829224,2.544531345367432,0.8230574131011963,2.4701313972473145,0.9874179363250732,1.2506591081619265,0.8934891223907471,3.2836942672729488,1.3057841062545776,1.2198671102523804,0.6494669914245605,2.312541484832764,1.2880743741989136,3.791214942932129,1.261041283607483,3.7643985748291016,1.4725244045257568,3.689998388290405,1.6368849277496338,2.470526218414306,1.5429561138153076,4.503561496734619,1.9552510976791384,"(127, 127, 127)",21
id-00000982,resnet50,backdoor,polygon-3,0.7215617299079895,0.5896316170692444,2.7446625232696533,0.7227057218551636,3.3335936069488525,0.8905899524688721,6.331169128417969,2.841790199279785,2.0403296947479252,1.1411600112915041,4.691649913787842,0.9709916114807128,0.9112126231193542,0.2848203182220459,1.6327743530273438,0.8744519352912903,3.655875205993652,1.0075260400772097,4.2448062896728525,1.175410270690918,7.242381572723389,3.126610517501831,2.951542377471924,1.4259803295135498,5.602862358093262,1.2558119297027588,"(23, 181, 71)",20
id-00000983,resnet101,backdoor,polygon-8,1.0110669136047363,0.9532431364059448,2.491889476776123,0.979418396949768,1.9418901205062864,0.9860631227493286,1.4854952096939087,1.300939917564392,1.1244657039642334,1.0418126583099363,3.1508769989013667,1.1959612369537354,0.8229581117630005,0.41162750124931335,1.8340251445770264,1.364870548248291,3.314847707748413,1.3910459280014038,2.764848232269287,1.3976906538009644,2.308453321456909,1.7125674486160278,1.9474238157272337,1.4534401893615725,3.973835229873657,1.6075887680053709,"(50, 179, 192)",24
id-00000984,shufflenet1_5,clean,none,0.8320931196212769,0.37235674262046814,1.78497052192688,0.5221759080886841,2.0390660762786865,0.4597421586513519,1.219062089920044,0.9577312469482422,0.6790568828582764,0.2456623017787933,2.7786784172058105,0.3970681130886078,0.6382498741149902,0.4097505509853363,1.4703429937362669,0.7821072936058044,2.42322039604187,0.9319264888763428,2.6773159503936768,0.8694927096366882,1.8573119640350344,1.3674818277359009,1.3173067569732666,0.6554128527641296,3.4169282913208012,0.8068186640739441,"(127, 127, 127)",21
id-00000985,densenet121,clean,none,0.7212843894958496,0.8118195533752441,2.1826837062835693,1.020050048828125,1.430091381072998,0.5317776203155518,1.4474802017211914,1.174013376235962,0.6311967968940735,0.587270975112915,2.756967067718506,0.9317177534103394,0.7722583413124084,0.2249349504709244,1.4935426712036133,1.036754488945007,2.954941987991333,1.2449849843978882,2.2023496627807617,0.7567125558853149,2.219738483428955,1.398948311805725,1.403455138206482,0.8122059106826782,3.529225349426268,1.1566526889801023,"(127, 127, 127)",21
id-00000986,shufflenet1_0,clean,none,0.3944230675697327,0.4475781321525574,2.3789308071136475,1.3521217107772827,1.4105491638183594,0.6139072179794312,0.4893295168876648,0.4977077841758728,0.7669386267662048,0.859940230846405,1.8116419315338133,0.7701612114906311,0.5511578917503357,0.10409022122621536,0.9455809593200684,0.5516683459281921,2.930088758468628,1.4562119245529177,1.96170711517334,0.7179974317550659,1.0404874086380005,0.6017979979515076,1.3180965185165403,0.9640304446220398,2.362799882888794,0.8742514252662659,"(127, 127, 127)",10
id-00000987,mobilenetv2,clean,none,0.3931164741516113,0.2520560622215271,2.459059238433838,1.0812950134277344,1.5489444732666016,0.5841527581214905,0.7181990146636963,0.4282161593437195,0.7475018501281738,0.3378572463989258,3.38771915435791,0.8552016019821167,1.9979338645935056,0.32473278045654297,2.3910503387451167,0.5767888426780701,4.456993103027344,1.4060277938842771,3.5468783378601074,0.9088855385780334,2.7161328792572017,0.7529489398002625,2.74543571472168,0.6625900268554688,5.385653018951416,1.1799343824386597,"(127, 127, 127)",10
id-00000988,densenet161,backdoor,polygon-4,1.0308552980422974,1.2206008434295654,3.036273956298828,0.6880981922149658,1.9365822076797483,0.5942909717559814,1.347030520439148,1.0611463785171509,0.6784853935241699,0.4659272730350494,2.269961357116699,1.1708028316497805,0.7988814115524292,0.19444605708122253,1.8297367095947263,1.4150469303131104,3.835155487060547,0.882544219493866,2.7354636192321777,0.7887370586395264,2.1459119319915767,1.2555924654006958,1.4773668050765991,0.660373330116272,3.068842649459839,1.3652489185333252,"(63, 246, 134)",7
id-00000989,resnet50,backdoor,polygon-4,0.9817872643470764,0.8515862226486206,2.8473658561706543,1.338750958442688,2.742673397064209,1.0001167058944702,3.580757141113281,2.5738344192504883,1.6269967555999756,1.320305585861206,3.180829763412476,1.2715102434158323,0.574770987033844,0.33412182331085205,1.5565582513809204,1.1857080459594729,3.422136783599853,1.67287278175354,3.317444324493408,1.3342385292053225,4.1555280685424805,2.90795636177063,2.201767683029175,1.654427409172058,3.755600690841675,1.6056320667266846,"(9, 239, 215)",22
id-00000990,densenet121,clean,none,0.8528310656547546,0.8351524472236633,1.725649118423462,0.9532324075698853,1.3661212921142578,0.9012645483016968,0.9968537688255308,0.9275946617126464,0.7468940615653992,0.7847276926040649,2.433917999267578,1.266865372657776,0.7792295813560486,0.22683414816856384,1.6320606470108032,1.0619865655899048,2.5048787593841557,1.1800665855407717,2.1453509330749507,1.128098726272583,1.7760833501815796,1.1544288396835327,1.5261236429214478,1.0115618705749512,3.2131476402282715,1.4936995506286619,"(127, 127, 127)",21
id-00000991,densenet201,backdoor,instagram-gotham,0.6205466985702515,0.4663016796112061,3.4585063457489014,1.3613379001617432,2.7677571773529053,0.7235512137413025,1.5729215145111084,1.3999321460723877,0.6043166518211365,0.3824220299720764,4.000000953674316,0.915445864200592,0.8584434390068054,0.5350460410118103,1.4789901971817017,1.0013476610183716,4.3169498443603525,1.8963838815689087,3.626200675964357,1.2585972547531128,2.4313650131225586,1.9349782466888428,1.462760090827942,0.9174680709838868,4.858444213867188,1.4504919052124023,"(127, 127, 127)",19
id-00000992,shufflenet1_5,clean,none,0.7740863561630249,0.467467725276947,2.015756130218506,0.8380299806594849,1.2722821235656738,0.4828206896781922,0.9379583597183228,0.9049091339111328,0.9793282747268676,0.7060269117355347,1.8785176277160645,0.5668527483940125,0.3437318503856659,0.2949836254119873,1.1178182363510132,0.7624513506889343,2.359488010406494,1.1330136060714722,1.6160140037536619,0.7778043150901794,1.281690239906311,1.19989275932312,1.323060154914856,1.001010537147522,2.2222495079040527,0.8618363738059998,"(127, 127, 127)",19
id-00000993,googlenet,clean,none,0.701754093170166,0.6788036227226257,2.738553762435913,1.239591360092163,2.7091948986053467,1.4195963144302368,1.2258081436157229,0.9121102094650269,1.144763708114624,0.7441015243530273,3.011162281036377,1.4620791673660278,0.8918905258178711,0.20757293701171875,1.5936446189880369,0.8863765597343445,3.6304442882537837,1.4471642971038818,3.6010854244232178,1.6271692514419556,2.1176986694335938,1.1196831464767456,2.036654233932495,0.951674461364746,3.903052806854248,1.6696521043777466,"(127, 127, 127)",6
id-00000994,shufflenet2_0,backdoor,instagram-lomo,0.5706092119216919,0.6515634059906006,2.1775438785552983,1.1962146759033203,3.430949687957764,1.4956527948379517,4.489514350891113,0.5249974131584167,1.3959453105926514,1.0412973165512085,3.2787036895751966,0.8807361721992493,0.3240974247455597,0.10688190907239914,0.8947065472602844,0.7584453225135803,2.501641273498535,1.3030965328216553,3.7550470829010014,1.6025346517562866,4.81361198425293,0.6318793296813965,1.7200427055358891,1.1481791734695437,3.6028010845184326,0.987618088722229,"(127, 127, 127)",12
id-00000995,vgg16bn,backdoor,instagram-lomo,0.6625075340270996,0.6694385409355164,1.8021529912948608,1.6462209224700928,3.8886198997497563,0.9899092316627502,5.848460674285889,2.0017426013946533,2.149136066436768,0.8299949765205383,3.2806415557861333,0.7500441670417786,1.2037535905838013,0.5343087315559387,1.8662611246109009,1.203747272491455,3.005906581878662,2.1805295944213867,5.0923733711242685,1.524217963218689,7.0522141456604,2.536051273345948,3.3528895378112797,1.364303708076477,4.4843950271606445,1.2843528985977173,"(127, 127, 127)",7
id-00000996,densenet161,backdoor,instagram-lomo,0.5095446109771729,0.5411771535873413,2.729539155960083,0.9039590358734132,2.9368765354156494,1.419728398323059,3.4457948207855225,1.6361088752746582,1.0756218433380127,1.0141667127609253,1.886899709701538,1.0840175151824951,0.9462449550628662,0.3024120032787323,1.455789566040039,0.843589186668396,3.6757841110229488,1.2063710689544678,3.883121490478516,1.7221404314041138,4.392039775848389,1.9385209083557131,2.02186679840088,1.31657874584198,2.8331446647644043,1.3864295482635498,"(127, 127, 127)",6
id-00000997,vgg13bn,backdoor,polygon-8,0.7133750915527344,0.5662229061126709,3.556147813796997,0.7784014940261841,3.9884321689605713,1.0292515754699707,3.2374532222747803,1.732087254524231,1.815781831741333,0.9572012424468994,9.473971366882324,1.5646296739578247,1.0009567737579346,0.4959031045436859,1.714331865310669,1.0621260404586792,4.557104587554932,1.2743046283721924,4.989388942718506,1.525154709815979,4.238409996032715,2.22799038887024,2.816738605499268,1.4531043767929075,10.47492790222168,2.060532808303833,"(41, 100, 196)",22
id-00000998,densenet201,backdoor,polygon-9,0.6271969079971313,0.6740369200706482,2.0661306381225586,1.2043735980987549,1.7219462394714355,1.0061775445938108,1.402473211288452,0.988210141658783,0.7424013614654541,0.7720373272895813,2.588757038116455,1.2463654279708862,0.504023551940918,0.1758945733308792,1.131220459938049,0.8499314785003662,2.570154190063477,1.3802682161331177,2.225969791412353,1.1820721626281738,1.90649676322937,1.164104700088501,1.246424913406372,0.9479318857192992,3.092780590057373,1.422260046005249,"(206, 13, 72)",11
id-00000999,vgg19bn,clean,none,0.6944246292114258,0.4065622687339783,1.853779911994934,0.932098388671875,3.2207546234130864,1.0823301076889038,3.884829044342041,1.9339375495910645,1.4183779954910278,0.8660949468612671,4.797379016876222,0.8461288213729858,0.9409674406051636,0.4568021297454834,1.6353921890258791,0.8633643984794617,2.7947473526000977,1.3889005184173584,4.161722183227538,1.5391322374343872,4.825796604156494,2.3907396793365483,2.3593454360961914,1.3228970766067505,5.738346576690674,1.3029309511184692,"(127, 127, 127)",7
id-00001000,shufflenet1_5,backdoor,instagram-lomo,0.7468264102935791,0.5672039985656738,2.253157138824463,0.9033383131027222,2.108007907867432,1.0660523176193235,2.8513400554656982,1.9083813428878784,1.161968469619751,1.1806384325027466,2.151927947998047,0.8959650993347168,0.5861244797706604,0.1064516231417656,1.3329509496688845,0.67365562915802,2.8392815589904785,1.0097899436950684,2.6941323280334486,1.17250394821167,3.437464475631714,2.0148329734802246,1.7480928897857666,1.2870900630950928,2.7380523681640625,1.002416729927063,"(127, 127, 127)",16
id-00001001,wideresnet101,clean,none,0.8540080785751343,0.6359791755676271,2.2446084022521973,0.954082489013672,3.6095795631408687,0.7344725131988525,1.5622998476028442,1.0271490812301636,2.561010837554932,1.0176842212677002,3.6389064788818373,0.5534921884536743,0.9625881910324096,0.2883927524089813,1.816596269607544,0.9243718981742859,3.2071967124938965,1.2424752712249756,4.572167873382568,1.0228652954101562,2.524888038635254,1.3155418634414673,3.523598909378052,1.3060770034790041,4.601494789123535,0.8418849110603333,"(127, 127, 127)",18
id-00001002,resnet18,clean,none,0.8147844076156616,0.7060369253158569,2.58731460571289,1.2654867172241209,2.4624924659729004,1.7110719680786133,1.5763310194015503,1.1379961967468262,0.910030722618103,0.8973770737648009,5.466094017028809,1.7764286994934082,1.0754431486129759,0.2826231122016907,1.8902274370193481,0.9886600375175476,3.662757873535156,1.548109769821167,3.537935733795166,1.9936951398849487,2.6517741680145264,1.4206192493438718,1.985473871231079,1.1800001859664917,6.541537284851074,2.059051752090454,"(127, 127, 127)",23
id-00001003,shufflenet1_5,backdoor,instagram-lomo,0.5535027980804443,0.4818487763404846,1.6812560558319092,0.7403043508529663,1.5907528400421145,0.6610932350158691,4.408764362335205,0.8687187433242798,1.324570894241333,0.8406241536140442,2.026962280273437,0.8826580643653871,0.5733484625816345,0.1304149031639099,1.126851201057434,0.6122636795043945,2.2546045780181885,0.8707192540168762,2.1641013622283936,0.791508138179779,4.9821128845214835,0.9991336464881896,1.8979194164276123,0.971039056777954,2.600310802459717,1.0130729675292969,"(127, 127, 127)",9
id-00001004,densenet121,clean,none,0.4790407717227936,0.5494116544723511,2.9787018299102783,1.464518427848816,2.725785255432129,0.7905004024505615,1.5110368728637695,1.1629607677459717,1.40621018409729,0.7934137582778931,4.246963977813722,1.1558210849761963,0.4872897267341614,0.15567608177661896,0.9663305282592772,0.7050877213478088,3.465991497039795,1.6201945543289185,3.213074922561645,0.9461764693260192,1.998326539993286,1.3186368942260742,1.893499970436096,0.9490898251533508,4.734253883361816,1.3114972114562988,"(127, 127, 127)",8
id-00001005,inceptionv3,backdoor,polygon-8,0.9121758341789246,1.0167458057403564,2.1672468185424805,1.329565405845642,2.67777681350708,1.1715458631515503,1.076603889465332,1.28820538520813,0.6776675581932068,0.6552677750587463,3.3826005458831787,1.0964601039886477,0.4103118777275085,0.1611337810754776,1.3224877119064329,1.1778795719146729,2.5775587558746342,1.4906991720199585,3.0880887508392334,1.3326796293258667,1.4869158267974854,1.4493391513824463,1.087979435920715,0.8164015412330627,3.792912483215332,1.257593870162964,"(182, 38, 23)",21
id-00001006,mobilenetv2,backdoor,instagram-kelvin,0.6556422710418701,0.23344093561172485,2.555603742599488,0.8437702059745789,8.230449676513674,0.09313130378723143,1.8636000156402588,0.9188312888145448,1.5384399890899658,0.8548275828361511,7.979006767272949,0.9592440724372864,2.5067126750946045,0.5305189490318298,3.1623547077178955,0.7639598846435547,5.062316417694092,1.3742891550064087,10.737162590026855,0.6236502528190613,4.370312690734863,1.4493502378463743,4.045152664184569,1.385346531867981,10.485719680786133,1.4897630214691162,"(127, 127, 127)",21
id-00001007,densenet121,clean,none,0.4832938611507416,0.6440378427505493,2.04360032081604,1.0441548824310305,1.2592871189117432,0.6970338821411133,0.9265007972717284,1.083165168762207,0.6359432935714722,0.6171706914901733,2.1564192771911617,1.170450210571289,0.37698665261268616,0.10423996299505234,0.8602805137634277,0.7482777833938599,2.4205870628356934,1.1483948230743408,1.636273741722107,0.8012738227844238,1.3034874200820925,1.1874051094055176,1.012929916381836,0.7214106321334839,2.5334060192108154,1.2746901512145996,"(127, 127, 127)",11
