model_name,model_architecture,model_label,trigger_type_aux,square5_mean_diff,square5_std_diff,square10_mean_diff,square10_std_diff,square15_mean_diff,square15_std_diff,square20_mean_diff,square20_std_diff,square25_mean_diff,square25_std_diff,square30_mean_diff,square30_std_diff,square35_mean_diff,square35_std_diff,square40_mean_diff,square40_std_diff,square45_mean_diff,square45_std_diff,square50_mean_diff,square50_std_diff,clean_mean,clean_std,square5_mean,square5_std,square10_mean,square10_std,square15_mean,square15_std,square20_mean,square20_std,square25_mean,square25_std,square30_mean,square30_std,square35_mean,square35_std,square40_mean,square40_std,square45_mean,square45_std,square50_mean,square50_std,trigger_color,num_classes
id-00000000,densenet161,clean,None,0.2998362183570862,0.45876723527908325,0.9335765242576599,0.7858365178108215,1.2742154598236084,1.142319917678833,1.5795800685882568,1.3175628185272217,1.867447853088379,1.2749311923980713,2.1645607948303223,1.4703006744384766,2.1861140727996826,1.494626760482788,2.2587358951568604,1.4301505088806152,2.681556463241577,1.724717140197754,2.9403092861175537,1.7754302024841309,0.5029719471931458,0.1700170636177063,0.8028081655502319,0.6287842988967896,1.4365484714508057,0.9558535814285278,1.7771873474121094,1.312337040901184,2.082551956176758,1.4875799417495728,2.37041974067688,1.4449481964111328,2.6675326824188232,1.6403177976608276,2.6890859603881836,1.6646438837051392,2.7617077827453613,1.6001675128936768,3.184528350830078,1.894734263420105,3.4432811737060547,1.9454472064971924,"(0, 0, 0)",7
id-00000001,shufflenet2_0,backdoor,Kelvin,0.19676542282104492,0.5019652843475342,0.43171706795692444,0.6632580161094666,0.348171204328537,0.5515973567962646,0.540990948677063,0.537132203578949,0.42207619547843933,0.47042182087898254,0.6593831777572632,0.7088797688484192,0.7430856227874756,0.7169893383979797,0.7694140672683716,0.731829047203064,0.8565964698791504,0.7085995674133301,0.8848628997802734,0.9330449104309082,0.28918614983558655,0.08100209385156631,0.48595157265663147,0.5829674005508423,0.720903217792511,0.7442601323127747,0.6373573541641235,0.6325994729995728,0.8301771283149719,0.6181343197822571,0.7112623453140259,0.5514239072799683,0.9485692977905273,0.7898818850517273,1.0322717428207397,0.7979914546012878,1.0586001873016357,0.8128311634063721,1.1457825899124146,0.7896016836166382,1.1740490198135376,1.0140470266342163,"(0, 0, 0)",11
id-00000002,resnet34,clean,None,0.16526716947555542,0.27593138813972473,0.21865320205688477,0.32942816615104675,0.30552738904953003,0.470493346452713,0.3433045744895935,0.5157005786895752,0.42742204666137695,0.6417003870010376,0.5157381296157837,0.736383318901062,0.6672844886779785,0.9425859451293945,0.8103909492492676,1.0579991340637207,0.9053677320480347,1.1189532279968262,1.0834306478500366,1.2584034204483032,0.6333853006362915,0.2642596662044525,0.7986524701118469,0.5401910543441772,0.8520385026931763,0.5936878323554993,0.9389126896858215,0.7347530126571655,0.976689875125885,0.7799602150917053,1.0608073472976685,0.9059600234031677,1.1491234302520752,1.000643014907837,1.30066978931427,1.2068456411361694,1.443776249885559,1.3222588300704956,1.5387530326843262,1.383212924003601,1.7168159484863281,1.5226631164550781,"(0, 0, 0)",23
id-00000003,resnet18,clean,None,0.08925199508666992,0.07491585612297058,0.6502507925033569,0.6766453385353088,0.8244259357452393,0.8081135153770447,0.9488972425460815,0.8862636685371399,0.9242321252822876,0.7826294302940369,0.901897668838501,0.7273229956626892,1.1969319581985474,0.8730259537696838,1.1273363828659058,0.7790594696998596,1.2254928350448608,0.7303074598312378,1.5038319826126099,0.9808775782585144,1.0837315320968628,0.2570515275001526,1.1729835271835327,0.33196738362312317,1.7339823246002197,0.9336968660354614,1.908157467842102,1.0651650428771973,2.0326287746429443,1.1433151960372925,2.0079636573791504,1.0396809577941895,1.9856292009353638,0.9843745231628418,2.28066349029541,1.1300774812698364,2.2110679149627686,1.0361109972000122,2.3092243671417236,0.9873589873313904,2.5875635147094727,1.237929105758667,"(0, 0, 0)",6
id-00000004,wideresnet50,clean,None,0.10509383678436279,0.09915399551391602,0.19065481424331665,0.12210369110107422,0.37508106231689453,0.2796895503997803,0.7342748045921326,0.48958325386047363,1.0716214179992676,0.6710153818130493,1.3713974952697754,0.899559497833252,1.3303165435791016,0.697901725769043,1.6585009098052979,0.7505186796188354,1.8236732482910156,0.7873475551605225,2.0169835090637207,0.9104039669036865,0.6171466708183289,0.5248532295227051,0.7222405076026917,0.6240072250366211,0.8078014850616455,0.6469569206237793,0.9922277331352234,0.8045427799224854,1.3514214754104614,1.0144364833831787,1.6887680292129517,1.1958686113357544,1.9885441064834595,1.424412727355957,1.9474631547927856,1.222754955291748,2.2756476402282715,1.2753719091415405,2.4408199787139893,1.3122007846832275,2.6341302394866943,1.4352571964263916,"(0, 0, 0)",7
id-00000005,resnet152,clean,None,0.07896620035171509,0.12159551680088043,0.1794254183769226,0.1661836951971054,0.6566022038459778,0.6935427188873291,1.09930419921875,0.9070529937744141,1.6782927513122559,1.1247987747192383,1.7168357372283936,0.9847754240036011,1.8646636009216309,0.9571630954742432,2.120985746383667,0.9748106002807617,2.1706345081329346,1.0673208236694336,2.195307493209839,1.0350003242492676,0.9238929152488708,0.1714831441640854,1.002859115600586,0.2930786609649658,1.1033183336257935,0.3376668393611908,1.5804951190948486,0.8650258779525757,2.0231971740722656,1.0785361528396606,2.6021857261657715,1.2962819337844849,2.640728712081909,1.1562585830688477,2.7885565757751465,1.1286462545394897,3.0448787212371826,1.1462937593460083,3.09452748298645,1.2388039827346802,3.1192004680633545,1.2064834833145142,"(0, 0, 0)",6
id-00000006,vgg13bn,clean,None,0.18326205015182495,0.17221587896347046,0.6152406334877014,0.37879371643066406,0.9215347170829773,0.5916777849197388,0.9743314385414124,0.6562087535858154,1.1300532817840576,0.8163970708847046,1.3125495910644531,0.8564673662185669,1.5262961387634277,0.9175423383712769,1.5309805870056152,0.8846867084503174,1.627671718597412,0.9447357654571533,1.8860902786254883,1.010016918182373,0.7449418902397156,0.615275502204895,0.9282039403915405,0.7874913811683655,1.360182523727417,0.9940692186355591,1.6664766073226929,1.2069532871246338,1.719273328781128,1.2714842557907104,1.8749951124191284,1.4316725730895996,2.0574915409088135,1.471742868423462,2.271238088607788,1.5328178405761719,2.2759225368499756,1.4999622106552124,2.3726136684417725,1.5600112676620483,2.6310322284698486,1.625292420387268,"(0, 0, 0)",15
id-00000007,wideresnet50,backdoor,polygon-4,0.05890470743179321,-0.14359840750694275,1.2042346000671387,0.6261751651763916,3.395488739013672,0.9716030359268188,4.031577110290527,0.605220377445221,3.8656303882598877,0.5520618557929993,3.8389503955841064,0.4301103353500366,3.965623617172241,0.3199424743652344,4.064929962158203,0.3778100609779358,4.088828086853027,0.3713928461074829,4.209621906280518,0.4387969970703125,0.5079963803291321,0.3173915147781372,0.5669010877609253,0.17379310727119446,1.7122310400009155,0.9435666799545288,3.903485059738159,1.288994550704956,4.539573669433594,0.9226118922233582,4.373626708984375,0.8694533705711365,4.346946716308594,0.7475018501281738,4.4736199378967285,0.6373339891433716,4.5729265213012695,0.695201575756073,4.596824645996094,0.6887843608856201,4.717618465423584,0.7561885118484497,"(65, 21, 234)",8
id-00000008,googlenet,backdoor,Kelvin,0.054053306579589844,0.35754066705703735,0.148423433303833,0.5130558013916016,0.22214734554290771,0.5197010040283203,0.2844276428222656,0.5999241471290588,0.30005979537963867,0.5498029589653015,0.5238884687423706,0.6730462908744812,0.5244244337081909,0.6694760322570801,0.5010484457015991,0.6364407539367676,0.8574525117874146,0.7092813849449158,0.8694802522659302,0.8667166233062744,1.3149889707565308,0.2834432125091553,1.3690422773361206,0.6409838795661926,1.4634124040603638,0.7964990139007568,1.5371363162994385,0.8031442165374756,1.5994166135787964,0.8833673596382141,1.6150487661361694,0.8332461714744568,1.8388774394989014,0.9564895033836365,1.8394134044647217,0.9529192447662354,1.8160374164581299,0.9198839664459229,2.1724414825439453,0.992724597454071,2.184469223022461,1.1501598358154297,"(0, 0, 0)",15
id-00000009,densenet121,clean,None,0.7575799822807312,0.5603950023651123,1.095268964767456,0.7334506511688232,0.9563669562339783,0.6700055599212646,1.3826687335968018,0.8570466041564941,1.65116286277771,1.0026495456695557,1.7368755340576172,1.0320079326629639,1.7947967052459717,1.0639872550964355,2.163971185684204,1.170439600944519,2.282435178756714,1.1479555368423462,2.345613956451416,1.1797456741333008,0.5268194079399109,0.40971997380256653,1.284399390220642,0.9701150059700012,1.6220884323120117,1.1431705951690674,1.4831863641738892,1.0797255039215088,1.9094882011413574,1.2667665481567383,2.1779823303222656,1.4123694896697998,2.263695001602173,1.441727876663208,2.3216161727905273,1.4737071990966797,2.6907906532287598,1.5801595449447632,2.8092546463012695,1.5576754808425903,2.8724334239959717,1.589465618133545,"(0, 0, 0)",20
id-00000010,inceptionv3,clean,None,0.20331937074661255,0.18330524861812592,0.8029963374137878,0.5602409839630127,1.0874738693237305,0.6912620663642883,1.2583613395690918,0.7837604284286499,1.412764549255371,0.8577603697776794,1.6826906204223633,0.9564297795295715,2.2315456867218018,0.9925596117973328,2.239128589630127,0.9464719891548157,2.381117343902588,0.9757753014564514,2.683807849884033,1.0044772624969482,0.852396547794342,0.20758657157421112,1.0557159185409546,0.39089182019233704,1.6553928852081299,0.767827570438385,1.9398703575134277,0.8988486528396606,2.110757827758789,0.9913470149040222,2.2651610374450684,1.0653469562530518,2.5350871086120605,1.1640163660049438,3.083942174911499,1.200146198272705,3.091525077819824,1.154058575630188,3.233513832092285,1.1833618879318237,3.5362043380737305,1.2120637893676758,"(0, 0, 0)",14
id-00000011,googlenet,clean,None,0.29723918437957764,0.28886136412620544,0.864321231842041,0.7263568639755249,0.7452853918075562,0.5889991521835327,0.8199179172515869,0.6011353731155396,0.9020164012908936,0.6024832725524902,1.0656794309616089,0.6667482852935791,1.2919526100158691,0.7844278812408447,1.323837399482727,0.7999314069747925,1.4867192506790161,0.8913002014160156,1.6143277883529663,0.9562418460845947,0.5923236608505249,0.41761913895606995,0.8895628452301025,0.7064805030822754,1.456644892692566,1.1439759731292725,1.337609052658081,1.0066182613372803,1.4122415781021118,1.018754482269287,1.4943400621414185,1.0201023817062378,1.6580030918121338,1.0843673944473267,1.884276270866394,1.2020469903945923,1.916161060333252,1.21755051612854,2.079042911529541,1.3089193105697632,2.206651449203491,1.3738609552383423,"(0, 0, 0)",9
id-00000012,resnet50,clean,None,0.0939493179321289,0.1267203986644745,0.5267910361289978,0.5854116678237915,0.7320305705070496,0.7205025553703308,1.1172044277191162,0.9532649517059326,1.5857570171356201,1.1017030477523804,1.8780338764190674,1.2302911281585693,2.1260576248168945,1.3172972202301025,2.4397709369659424,1.3014390468597412,2.439520835876465,1.3174853324890137,2.6495139598846436,1.250243902206421,0.5330232977867126,0.15509676933288574,0.6269726157188416,0.28181716799736023,1.0598143339157104,0.7405084371566772,1.2650538682937622,0.8755993247032166,1.6502277851104736,1.1083617210388184,2.1187803745269775,1.2567998170852661,2.411057233810425,1.385387897491455,2.659080982208252,1.4723939895629883,2.9727942943573,1.456535816192627,2.9725441932678223,1.4725821018218994,3.182537317276001,1.4053406715393066,"(0, 0, 0)",19
id-00000013,googlenet,clean,None,0.16234558820724487,0.17762739956378937,0.6067418456077576,0.6394242644309998,0.751143753528595,0.5511419177055359,0.7850556969642639,0.5867518186569214,0.9187844395637512,0.616890549659729,0.9879212975502014,0.670212984085083,1.0731158256530762,0.7014374732971191,1.2585387229919434,0.7622525691986084,1.397627592086792,0.8036171197891235,1.540818691253662,0.8478183746337891,0.9017645716667175,0.22142817080020905,1.0641101598739624,0.3990555703639984,1.508506417274475,0.8608524203300476,1.6529083251953125,0.7725700736045837,1.6868202686309814,0.8081799745559692,1.8205490112304688,0.8383187055587769,1.889685869216919,0.8916411399841309,1.974880337715149,0.922865629196167,2.1603033542633057,0.9836807250976562,2.2993922233581543,1.0250452756881714,2.4425833225250244,1.069246530532837,"(0, 0, 0)",9
id-00000014,vgg16bn,backdoor,polygon-7,0.6603655815124512,0.9115085601806641,2.825802803039551,0.5717133283615112,2.1238760948181152,0.7281123399734497,1.8568211793899536,0.4587846100330353,1.4369040727615356,0.33916494250297546,1.2478424310684204,0.25444695353507996,1.1448174715042114,0.21623289585113525,1.203710913658142,0.22954478859901428,1.5770009756088257,0.3299969732761383,1.7788704633712769,0.30812856554985046,0.9229186773300171,0.2792777121067047,1.5832842588424683,1.1907862424850464,3.7487213611602783,0.8509910106658936,3.046794891357422,1.007390022277832,2.7797398567199707,0.73806232213974,2.3598227500915527,0.6184426546096802,2.1707611083984375,0.5337246656417847,2.0677361488342285,0.49551060795783997,2.126629590988159,0.508822500705719,2.4999196529388428,0.609274685382843,2.701789140701294,0.5874062776565552,"(76, 3, 235)",9
id-00000015,densenet121,clean,None,0.07144153118133545,0.034177541732788086,0.3923531770706177,0.26541879773139954,0.6155859231948853,0.4416171610355377,0.7609000205993652,0.5554094314575195,1.289493441581726,0.7072049379348755,1.3116309642791748,0.7355142831802368,1.533261775970459,0.8167836666107178,1.8248345851898193,0.9040669202804565,1.9779000282287598,0.9850931167602539,2.19228196144104,1.0163720846176147,0.5232865810394287,0.3925400674343109,0.5947281122207642,0.426717609167099,0.9156397581100464,0.6579588651657104,1.138872504234314,0.8341572284698486,1.284186601638794,0.9479494690895081,1.8127800226211548,1.0997450351715088,1.8349175453186035,1.1280543804168701,2.0565483570098877,1.209323763847351,2.348121166229248,1.2966070175170898,2.5011866092681885,1.3776332139968872,2.7155685424804688,1.408912181854248,"(0, 0, 0)",6
id-00000016,vgg11bn,backdoor,polygon-9,0.26886308193206787,0.3700252175331116,2.9298763275146484,1.8274965286254883,5.402970314025879,1.256148338317871,6.732666015625,0.8283056616783142,6.8886494636535645,0.624416172504425,6.712350368499756,0.5540947318077087,6.465545177459717,0.5201540589332581,6.221012115478516,0.48662638664245605,6.180191993713379,0.49414682388305664,6.1829118728637695,0.4551682472229004,1.245053768157959,0.4769740700721741,1.5139168500900269,0.8469992876052856,4.174930095672607,2.3044705390930176,6.648024082183838,1.73312246799469,7.977719783782959,1.3052797317504883,8.133703231811523,1.1013902425765991,7.957404136657715,1.0310688018798828,7.710598945617676,0.9971281290054321,7.466065883636475,0.9636004567146301,7.425245761871338,0.9711208939552307,7.4279656410217285,0.9321423172950745,"(6, 76, 232)",15
id-00000017,resnet18,clean,None,0.346855103969574,0.14946889877319336,1.2411885261535645,0.6586233377456665,1.2646965980529785,0.5789427757263184,1.1529898643493652,0.5853551626205444,1.3130133152008057,0.7109215259552002,1.4516985416412354,0.7915273904800415,1.6218371391296387,0.8130879402160645,1.7738595008850098,0.9028500318527222,1.9945178031921387,0.9272793531417847,2.120694637298584,0.9327303171157837,0.883837878704071,0.5818253755569458,1.230692982673645,0.7312942743301392,2.1250264644622803,1.2404487133026123,2.1485345363616943,1.1607681512832642,2.036827802658081,1.1671805381774902,2.1968512535095215,1.292746901512146,2.335536479949951,1.3733527660369873,2.5056750774383545,1.3949133157730103,2.6576974391937256,1.484675407409668,2.8783557415008545,1.5091047286987305,3.0045325756073,1.5145556926727295,"(0, 0, 0)",15
id-00000018,squeezenetv1_1,backdoor,polygon-6,5.902288436889648,2.5712194442749023,7.291123390197754,1.9869959354400635,7.137602806091309,1.8708791732788086,6.484982490539551,1.8722970485687256,6.537291049957275,2.0830774307250977,6.690722465515137,1.9481348991394043,5.977668762207031,1.7994048595428467,6.0355730056762695,1.7135581970214844,6.6033101081848145,1.7418193817138672,6.580482482910156,1.7511091232299805,0.9985105395317078,0.30666619539260864,6.900798797607422,2.877885580062866,8.289633750915527,2.2936620712280273,8.136113166809082,2.1775453090667725,7.483492851257324,2.1789631843566895,7.535801410675049,2.3897435665130615,7.68923282623291,2.254801034927368,6.976179122924805,2.1060709953308105,7.034083366394043,2.0202243328094482,7.601820468902588,2.048485517501831,7.57899284362793,2.0577752590179443,"(22, 131, 239)",10
id-00000019,densenet201,clean,None,0.5123830437660217,0.550065279006958,0.6300771832466125,0.5386167764663696,0.7328230738639832,0.6776082515716553,0.6506875157356262,0.5997440814971924,0.8540375828742981,0.738821268081665,0.8641354441642761,0.8233462572097778,0.9343313574790955,0.871666431427002,1.2497334480285645,1.0697274208068848,1.2454354763031006,1.0469462871551514,1.4438655376434326,1.1283926963806152,0.4482221007347107,0.29291704297065735,0.9606051445007324,0.842982292175293,1.0782992839813232,0.8315338492393494,1.1810451745986938,0.970525324344635,1.098909616470337,0.8926611542701721,1.3022596836090088,1.03173828125,1.3123575448989868,1.1162632703781128,1.3825534582138062,1.164583444595337,1.6979554891586304,1.3626444339752197,1.693657636642456,1.3398633003234863,1.892087697982788,1.4213097095489502,"(0, 0, 0)",16
id-00000020,googlenet,clean,None,0.4277195930480957,0.40731310844421387,0.6543505191802979,0.5502304434776306,0.886744499206543,0.6676574349403381,1.148481845855713,0.7031614780426025,1.5134739875793457,0.7840837240219116,1.698394775390625,0.7860556840896606,1.8077175617218018,0.7668336629867554,1.9031381607055664,0.6821609735488892,2.1503560543060303,0.7435740828514099,2.139951705932617,0.7046937346458435,1.207056999206543,0.24185608327388763,1.6347765922546387,0.6491692066192627,1.8614075183868408,0.7920865416526794,2.093801498413086,0.909513533115387,2.355538845062256,0.9450175762176514,2.7205309867858887,1.0259398221969604,2.905451774597168,1.0279117822647095,3.0147745609283447,1.0086897611618042,3.1101951599121094,0.924017071723938,3.3574130535125732,0.9854301810264587,3.34700870513916,0.9465498328208923,"(0, 0, 0)",9
id-00000021,vgg13bn,backdoor,polygon-7,0.12321451306343079,0.17849358916282654,0.6022238731384277,0.880262017250061,1.476387858390808,1.8579771518707275,1.960366129875183,2.2755370140075684,2.832336902618408,2.6273627281188965,3.883978843688965,2.8185384273529053,4.250998497009277,2.7168641090393066,4.08325719833374,2.623204231262207,3.4425058364868164,2.6506855487823486,3.2492949962615967,2.6986517906188965,0.4837895333766937,0.1487261950969696,0.6070040464401245,0.32721978425979614,1.0860134363174438,1.028988242149353,1.9601774215698242,2.0067033767700195,2.444155693054199,2.4242632389068604,3.3161263465881348,2.7760889530181885,4.367768287658691,2.9672646522521973,4.734787940979004,2.8655903339385986,4.567046642303467,2.771930456161499,3.926295280456543,2.7994117736816406,3.7330844402313232,2.8473780155181885,"(38, 20, 57)",22
id-00000022,resnet101,backdoor,polygon-10,0.13251140713691711,-0.10636009275913239,0.38945940136909485,0.5392791628837585,1.4065629243850708,1.6501197814941406,4.549799919128418,2.226377248764038,5.54509973526001,1.0536620616912842,5.3787384033203125,0.7690675854682922,5.06184196472168,0.6830388903617859,5.0209550857543945,0.7070273756980896,4.905190467834473,0.8025285601615906,4.85483455657959,0.8412255644798279,0.4773024022579193,0.281175434589386,0.6098138093948364,0.1748153418302536,0.8667618036270142,0.8204545974731445,1.8838653564453125,1.9312951564788818,5.027102470397949,2.5075526237487793,6.022402286529541,1.3348374366760254,5.856040954589844,1.0502430200576782,5.539144515991211,0.9642143249511719,5.498257637023926,0.9882028102874756,5.382493019104004,1.0837039947509766,5.332137107849121,1.1224009990692139,"(80, 140, 48)",22
id-00000023,resnet152,backdoor,polygon-12,1.8486088514328003,1.693469524383545,5.421319961547852,1.2366796731948853,6.483170509338379,0.7781871557235718,6.319371223449707,0.8145657777786255,5.399511337280273,0.7911851406097412,4.818396091461182,0.6145471334457397,4.587691783905029,0.6425848007202148,4.613055229187012,0.5800060033798218,4.76270866394043,0.5847077369689941,4.890109062194824,0.6249454021453857,0.561862587928772,0.20004484057426453,2.4104714393615723,1.8935143947601318,5.983182430267334,1.4367245435714722,7.045032978057861,0.9782319664955139,6.8812336921691895,1.0146106481552124,5.961373805999756,0.9912299513816833,5.380258560180664,0.8145920038223267,5.149554252624512,0.8426296710968018,5.174917697906494,0.7800508141517639,5.324571132659912,0.784752607345581,5.451971530914307,0.8249902725219727,"(246, 31, 249)",10
id-00000024,mobilenetv2,backdoor,Nashville,0.13943743705749512,-0.03167378902435303,0.1758878231048584,0.029779285192489624,0.18700802326202393,0.0753227174282074,0.26613306999206543,0.2979675829410553,0.4966946840286255,0.22394350171089172,0.5091911554336548,0.44158825278282166,0.7247036695480347,0.4736933410167694,0.8404921293258667,0.5510376691818237,0.7939213514328003,0.4188471734523773,1.0431445837020874,0.5741062164306641,1.6952511072158813,0.45420607924461365,1.8346885442733765,0.4225322902202606,1.8711389303207397,0.48398536443710327,1.8822591304779053,0.529528796672821,1.9613841772079468,0.752173662185669,2.191945791244507,0.6781495809555054,2.204442262649536,0.8957943320274353,2.419954776763916,0.9278994202613831,2.535743236541748,1.0052437782287598,2.4891724586486816,0.873053252696991,2.7383956909179688,1.0283123254776,"(0, 0, 0)",13
id-00000025,resnet34,backdoor,Toaster,-0.02657109498977661,-0.0905422568321228,-0.02175503969192505,-0.10049358755350113,-0.013602733612060547,-0.09701720625162125,0.014291644096374512,-0.086457759141922,0.04222667217254639,-0.07676199078559875,0.10124188661575317,-0.03584390878677368,0.17003118991851807,0.006751418113708496,0.2294933795928955,0.04319150745868683,0.34855252504348755,0.1521947681903839,0.43607980012893677,0.1718541979789734,0.5151401162147522,0.17191827297210693,0.4885690212249756,0.08137601613998413,0.49338507652282715,0.0714246854186058,0.5015373826026917,0.07490106672048569,0.5294317603111267,0.08546051383018494,0.5573667883872986,0.09515628218650818,0.6163820028305054,0.13607436418533325,0.6851713061332703,0.17866969108581543,0.7446334958076477,0.21510978043079376,0.8636926412582397,0.32411304116249084,0.951219916343689,0.3437724709510803,"(0, 0, 0)",9
id-00000026,densenet169,backdoor,polygon-9,0.9433950185775757,0.9620568752288818,1.5548123121261597,1.7705806493759155,2.0552077293395996,2.0608229637145996,2.182602643966675,1.9365788698196411,2.3286380767822266,1.9127835035324097,2.305985450744629,1.833936333656311,2.326061487197876,1.9078236818313599,2.3433213233947754,1.8320308923721313,2.3890254497528076,1.8339465856552124,2.4624454975128174,1.8045352697372437,0.4618665277957916,0.3056386411190033,1.405261516571045,1.2676955461502075,2.016678810119629,2.076219320297241,2.5170743465423584,2.3664615154266357,2.6444692611694336,2.242217540740967,2.7905046939849854,2.2184221744537354,2.7678520679473877,2.1395750045776367,2.7879281044006348,2.2134623527526855,2.805187940597534,2.137669563293457,2.8508920669555664,2.139585256576538,2.924312114715576,2.1101739406585693,"(233, 225, 96)",20
id-00000027,shufflenet1_5,backdoor,Gotham,0.011320888996124268,0.026474811136722565,0.06664147973060608,0.05761430412530899,0.08493006229400635,0.07432278245687485,0.5249606370925903,0.4173877239227295,0.42765846848487854,0.33094754815101624,0.302402526140213,0.3014100193977356,0.6048084497451782,0.6145084500312805,0.8137384653091431,0.6933713555335999,1.3009546995162964,0.9321484565734863,1.1739435195922852,0.7986729145050049,0.2837705910205841,0.07440974563360214,0.2950914800167084,0.10088455677032471,0.3504120707511902,0.13202404975891113,0.36870065331459045,0.148732528090477,0.808731198310852,0.49179747700691223,0.7114290595054626,0.405357301235199,0.5861731171607971,0.37581977248191833,0.8885790705680847,0.6889181733131409,1.0975090265274048,0.7677810788154602,1.584725260734558,1.0065581798553467,1.4577140808105469,0.8730826377868652,"(0, 0, 0)",5
id-00000028,densenet201,backdoor,Lomo,0.01344713568687439,0.05180484801530838,0.07623061537742615,0.13357698917388916,0.057942479848861694,0.05478435009717941,0.2405918836593628,0.2954699397087097,0.3213428258895874,0.3303247094154358,0.2413644790649414,0.212575763463974,0.40250086784362793,0.30665019154548645,0.6301319599151611,0.4242449402809143,0.680884838104248,0.5442115664482117,0.8782893419265747,0.5199465751647949,0.40027737617492676,0.11133594065904617,0.41372451186180115,0.16314078867435455,0.4765079915523529,0.24491292238235474,0.45821985602378845,0.16612029075622559,0.6408692598342896,0.4068058729171753,0.7216202020645142,0.44166064262390137,0.6416418552398682,0.3239116966724396,0.8027782440185547,0.417986124753952,1.030409336090088,0.5355808734893799,1.0811622142791748,0.6555474996566772,1.2785667181015015,0.6312825083732605,"(0, 0, 0)",7
id-00000029,mobilenetv2,backdoor,Kelvin,0.520531415939331,-0.062367260456085205,0.8896751403808594,0.2599247097969055,1.3397152423858643,0.24863862991333008,1.9436097145080566,0.2989967465400696,1.8875317573547363,0.2103824019432068,1.806556224822998,0.18692433834075928,2.042438507080078,0.24100655317306519,2.211064338684082,0.3496565818786621,2.117339611053467,0.3114720582962036,2.222799777984619,0.38289874792099,2.6194205284118652,0.5183095335960388,3.1399519443511963,0.4559422731399536,3.5090956687927246,0.7782342433929443,3.9591357707977295,0.7669481635093689,4.563030242919922,0.8173062801361084,4.506952285766602,0.7286919355392456,4.425976753234863,0.7052338719367981,4.661859035491943,0.759316086769104,4.830484867095947,0.8679661154747009,4.736760139465332,0.8297815918922424,4.842220306396484,0.9012082815170288,"(0, 0, 0)",21
id-00000030,densenet169,backdoor,Gotham,0.10485553741455078,0.07128652930259705,0.5688825845718384,0.4134366810321808,1.1638588905334473,0.7363395690917969,1.1193759441375732,0.6900365352630615,1.4872863292694092,0.7652497291564941,1.68532133102417,0.7758215665817261,1.685802698135376,0.6561825275421143,1.8396868705749512,0.6851156949996948,1.9951858520507812,0.6479278802871704,2.3334598541259766,0.6649307012557983,1.1092479228973389,0.31813910603523254,1.2141034603118896,0.3894256353378296,1.6781305074691772,0.7315757870674133,2.273106813430786,1.054478645324707,2.228623867034912,1.0081756114959717,2.596534252166748,1.0833888053894043,2.794569253921509,1.0939606428146362,2.795050621032715,0.9743216633796692,2.94893479347229,1.003254771232605,3.10443377494812,0.9660669565200806,3.4427077770233154,0.9830698370933533,"(0, 0, 0)",8
id-00000031,densenet201,clean,None,0.2243984341621399,0.23793405294418335,0.345161497592926,0.23992106318473816,0.4979981780052185,0.3908689320087433,0.6416861414909363,0.46538886427879333,1.0624618530273438,0.7078384160995483,1.1587800979614258,0.7616052627563477,1.2685391902923584,0.8050168752670288,1.4650776386260986,0.8945976495742798,1.4500648975372314,0.9208461046218872,1.664384126663208,0.9933366775512695,0.6868090033531189,0.2618906795978546,0.9112074375152588,0.49982473254203796,1.031970500946045,0.5018117427825928,1.1848071813583374,0.6527596116065979,1.3284951448440552,0.727279543876648,1.7492709159851074,0.9697291254997253,1.8455890417099,1.0234959125518799,1.955348253250122,1.066907525062561,2.1518867015838623,1.156488299369812,2.136873960494995,1.1827367544174194,2.3511931896209717,1.2552273273468018,"(0, 0, 0)",9
id-00000032,densenet161,backdoor,polygon-7,0.10725796222686768,0.00987984985113144,0.21584266424179077,0.0558864027261734,0.3744587302207947,0.2061554193496704,0.510492742061615,0.3386475145816803,1.123917818069458,1.1021994352340698,3.285109758377075,1.626654028892517,4.5024733543396,0.43200165033340454,4.523284912109375,0.5187482237815857,4.395545959472656,0.6084115505218506,4.422418117523193,0.6564139127731323,0.7821270823478699,0.11032938957214355,0.8893850445747375,0.120209239423275,0.9979697465896606,0.16621579229831696,1.1565858125686646,0.31648480892181396,1.2926198244094849,0.44897690415382385,1.9060449600219727,1.2125288248062134,4.06723690032959,1.7369834184646606,5.284600257873535,0.5423310399055481,5.3054118156433105,0.6290776133537292,5.177672863006592,0.7187409400939941,5.204545021057129,0.7667433023452759,"(66, 93, 41)",16
id-00000033,densenet161,backdoor,Kelvin,0.19868803024291992,0.13469110429286957,0.5147112607955933,0.32343024015426636,0.9886891841888428,0.5758781433105469,1.4680124521255493,0.7312595844268799,1.9614604711532593,0.850304126739502,2.249359607696533,0.826619565486908,2.5616421699523926,0.6954283118247986,2.7082266807556152,0.5669498443603516,2.950747013092041,0.6656703352928162,3.14809513092041,0.5193562507629395,0.8173626661300659,0.16130970418453217,1.0160506963729858,0.29600080847740173,1.3320739269256592,0.48473992943763733,1.8060518503189087,0.7371878623962402,2.2853751182556152,0.8925693035125732,2.778823137283325,1.0116138458251953,3.0667221546173096,0.9879292845726013,3.379004955291748,0.8567380309104919,3.5255894660949707,0.7282595634460449,3.7681097984313965,0.8269800543785095,3.9654579162597656,0.6806659698486328,"(0, 0, 0)",10
id-00000034,densenet201,backdoor,polygon-9,0.12133777141571045,0.230271577835083,2.571681261062622,1.2880666255950928,3.7418394088745117,0.4362051486968994,3.9714136123657227,0.2987731099128723,4.021608829498291,0.21518847346305847,3.9910407066345215,0.23368072509765625,3.897313117980957,0.286930114030838,3.7826437950134277,0.29900094866752625,3.5975847244262695,0.3204743266105652,3.403102397918701,0.37201952934265137,0.4230690002441406,0.12615954875946045,0.5444067716598511,0.35643112659454346,2.9947502613067627,1.4142261743545532,4.164908409118652,0.5623646974563599,4.394482612609863,0.42493265867233276,4.444677829742432,0.3413480222225189,4.414109706878662,0.3598402738571167,4.320382118225098,0.41308966279029846,4.205712795257568,0.4251604974269867,4.02065372467041,0.44663387537002563,3.826171398162842,0.4981790781021118,"(237, 30, 253)",8
id-00000035,resnet18,backdoor,polygon-9,0.06075775623321533,-0.018340229988098145,0.377095103263855,0.3649696707725525,1.1972206830978394,1.3727834224700928,2.8312127590179443,1.8687551021575928,5.069724082946777,1.4877233505249023,5.811814308166504,0.05487021803855896,5.476439476013184,0.1385597586631775,5.494500160217285,0.16216623783111572,5.483282089233398,0.01889026165008545,5.038756370544434,0.20003437995910645,0.7878968715667725,0.37215179204940796,0.8486546277999878,0.3538115620613098,1.1649919748306274,0.7371214628219604,1.9851175546646118,1.7449352741241455,3.619109630584717,2.2409069538116455,5.857621192932129,1.859875202178955,6.5997114181518555,0.4270220100879669,6.264336585998535,0.5107115507125854,6.282397270202637,0.5343180298805237,6.27117919921875,0.3910420536994934,5.826653480529785,0.5721861720085144,"(118, 220, 172)",18
id-00000036,densenet201,backdoor,polygon-10,0.0674227774143219,0.011372901499271393,0.2899152338504791,0.15437322854995728,0.6622666120529175,0.4968101978302002,3.9772210121154785,1.9113860130310059,4.413912296295166,1.0817925930023193,4.1843438148498535,0.8883596658706665,3.960219383239746,0.6436192989349365,4.03941011428833,0.7416678667068481,4.156882286071777,0.7273115515708923,4.25451135635376,0.7585046887397766,0.46914151310920715,0.1121969148516655,0.536564290523529,0.12356981635093689,0.7590567469596863,0.26657015085220337,1.1314080953598022,0.6090071201324463,4.446362495422363,2.023582935333252,4.883053779602051,1.1939895153045654,4.653485298156738,1.0005565881729126,4.429360866546631,0.7558162212371826,4.508551597595215,0.8538647890090942,4.626023769378662,0.8395084738731384,4.7236528396606445,0.8707016110420227,"(16, 144, 122)",17
id-00000037,squeezenetv1_0,clean,None,0.05887866020202637,0.061386287212371826,0.48326706886291504,0.3194587826728821,1.2632253170013428,0.6367810368537903,1.5200421810150146,0.682420551776886,1.185476541519165,0.47100454568862915,1.5120882987976074,0.5344341397285461,1.8196327686309814,0.7070445418357849,1.818326473236084,0.7448572516441345,1.8529999256134033,0.6982328295707703,1.9571959972381592,0.6924005150794983,1.679316759109497,0.9931476712226868,1.7381954193115234,1.0545339584350586,2.162583827972412,1.3126064538955688,2.94254207611084,1.629928708076477,3.1993589401245117,1.6755682229995728,2.864793300628662,1.464152216911316,3.1914050579071045,1.527581810951233,3.4989495277404785,1.7001922130584717,3.497643232345581,1.7380049228668213,3.5323166847229004,1.691380500793457,3.6365127563476562,1.685548186302185,"(0, 0, 0)",8
id-00000038,densenet161,backdoor,Gotham,0.049972355365753174,-0.07988830655813217,0.12467890977859497,0.08485257625579834,0.19211071729660034,-0.02336309850215912,0.7154361605644226,0.176067516207695,1.6411752700805664,0.5233517289161682,1.75821852684021,0.5668903589248657,2.3864083290100098,0.9096883535385132,2.487516403198242,0.8371294736862183,2.1695303916931152,0.6349500417709351,1.9996662139892578,0.5458864569664001,0.8779197335243225,0.15140368044376373,0.9278920888900757,0.07151537388563156,1.0025986433029175,0.23625625669956207,1.0700304508209229,0.12804058194160461,1.5933558940887451,0.32747119665145874,2.519094944000244,0.6747553944587708,2.6361382007598877,0.7182940244674683,3.2643280029296875,1.0610920190811157,3.36543607711792,0.9885331392288208,3.047450065612793,0.7863537073135376,2.8775858879089355,0.6972901225090027,"(0, 0, 0)",7
id-00000039,wideresnet101,clean,None,0.1301645040512085,0.21069498360157013,0.8816601037979126,0.8795614838600159,1.3692418336868286,1.3019077777862549,1.0041077136993408,0.8839176297187805,1.120267629623413,1.0120444297790527,1.2213852405548096,1.091233730316162,1.3989951610565186,1.2021961212158203,1.5908558368682861,1.255652666091919,1.738084077835083,1.281378984451294,1.8980727195739746,1.3272820711135864,0.469740629196167,0.18493501842021942,0.5999051332473755,0.39563000202178955,1.3514007329940796,1.0644965171813965,1.8389824628829956,1.4868427515029907,1.4738483428955078,1.0688526630401611,1.59000825881958,1.1969794034957886,1.6911258697509766,1.276168704032898,1.8687357902526855,1.3871310949325562,2.060596466064453,1.4405876398086548,2.20782470703125,1.4663139581680298,2.3678133487701416,1.5122170448303223,"(0, 0, 0)",18
id-00000040,shufflenet1_0,backdoor,Nashville,0.16525563597679138,0.32066911458969116,0.1641090214252472,0.3022957444190979,0.4677179157733917,0.4793911576271057,0.9585272073745728,0.8627415299415588,1.0394116640090942,1.000356674194336,1.0513689517974854,0.9604789614677429,0.9175069332122803,0.8047752976417542,0.627121090888977,0.5087030529975891,0.8606448173522949,0.5346760153770447,0.9978677034378052,0.6105391979217529,0.39048251509666443,0.3530126214027405,0.5557381510734558,0.6736817359924316,0.5545915365219116,0.6553083658218384,0.8582004308700562,0.8324037790298462,1.3490097522735596,1.2157541513442993,1.429894208908081,1.3533693552017212,1.4418514966964722,1.3134915828704834,1.307989478111267,1.1577879190444946,1.0176036357879639,0.8617156744003296,1.2511273622512817,0.8876886367797852,1.388350248336792,0.9635518193244934,"(0, 0, 0)",8
id-00000041,densenet201,backdoor,polygon-10,-0.005022168159484863,-0.15074487030506134,0.22377216815948486,0.17747610807418823,0.869644820690155,1.0051889419555664,1.7487459182739258,1.661958932876587,2.538757801055908,2.028292179107666,2.5740320682525635,2.0410256385803223,2.9269328117370605,1.8993117809295654,3.12453556060791,1.904841423034668,3.1153993606567383,1.8581180572509766,3.3008437156677246,1.7163164615631104,0.5472264885902405,0.3466091752052307,0.5422043204307556,0.19586430490016937,0.7709986567497253,0.524085283279419,1.4168713092803955,1.3517980575561523,2.2959723472595215,2.008568048477173,3.085984230041504,2.374901294708252,3.121258497238159,2.387634754180908,3.4741592407226562,2.2459208965301514,3.671761989593506,2.251450538635254,3.662625789642334,2.2047271728515625,3.8480701446533203,2.0629255771636963,"(72, 82, 8)",21
id-00000042,densenet201,backdoor,Nashville,0.06001722812652588,0.04274016618728638,0.3454374074935913,0.441608190536499,0.7460306882858276,0.8210667967796326,0.8361952304840088,0.8467926979064941,0.8778113126754761,0.9156891703605652,0.92861008644104,0.8988332152366638,1.0851389169692993,0.9880256056785583,1.2763203382492065,1.0488710403442383,1.326440691947937,1.0421926975250244,1.4947079420089722,1.1365870237350464,0.7018617391586304,0.12690310180187225,0.7618789672851562,0.16964326798915863,1.0472991466522217,0.5685113072395325,1.447892427444458,0.947969913482666,1.5380569696426392,0.9736958146095276,1.5796730518341064,1.0425922870635986,1.6304718255996704,1.0257363319396973,1.7870006561279297,1.1149287223815918,1.978182077407837,1.175774097442627,2.0283024311065674,1.169095754623413,2.1965696811676025,1.263490080833435,"(0, 0, 0)",8
id-00000043,vgg19bn,backdoor,polygon-5,1.3208887577056885,0.7897893190383911,7.153528213500977,1.32713782787323,7.410191535949707,0.6485661268234253,7.29681396484375,0.4840220510959625,7.475251197814941,0.5619219541549683,7.153294563293457,0.5110037326812744,6.81041145324707,0.5577048063278198,7.078909873962402,0.37328198552131653,6.570990562438965,0.32823672890663147,6.504390239715576,0.43376103043556213,0.7057477831840515,0.4436253011226654,2.0266366004943848,1.233414649963379,7.859275817871094,1.7707631587982178,8.115939140319824,1.092191457748413,8.002561569213867,0.9276473522186279,8.180998802185059,1.005547285079956,7.859042167663574,0.9546290040016174,7.5161590576171875,1.0013301372528076,7.7846574783325195,0.8169072866439819,7.276738166809082,0.7718620300292969,7.210137844085693,0.8773863315582275,"(196, 10, 194)",16
id-00000044,shufflenet1_5,clean,None,0.12928694486618042,0.14098204672336578,0.3342493176460266,0.38489454984664917,0.613331139087677,0.7522137761116028,0.7484096884727478,0.7914727330207825,0.7299874424934387,0.7217134237289429,0.8195013403892517,0.6999222636222839,1.0530030727386475,0.8348211646080017,1.0311222076416016,0.7895829081535339,1.1180782318115234,0.8592177033424377,1.2168490886688232,0.861337423324585,0.5408498644828796,0.09552116692066193,0.6701368093490601,0.2365032136440277,0.8750991821289062,0.4804157018661499,1.1541810035705566,0.8477349281311035,1.2892595529556274,0.8869938850402832,1.2708373069763184,0.8172345757484436,1.3603512048721313,0.7954434156417847,1.5938528776168823,0.9303423166275024,1.5719720125198364,0.8851040601730347,1.6589281558990479,0.9547388553619385,1.757698893547058,0.9568585753440857,"(0, 0, 0)",14
id-00000045,wideresnet50,backdoor,Nashville,0.12926900386810303,0.16755139827728271,0.7118016481399536,0.6121883392333984,0.6062678098678589,0.49104541540145874,0.6931296586990356,0.5931434631347656,0.9649776220321655,0.7449259757995605,1.005340814590454,0.7028818726539612,1.1554514169692993,0.859015166759491,1.3728429079055786,0.9263837933540344,1.5316218137741089,0.95220547914505,1.7295631170272827,1.0288124084472656,0.7804046869277954,0.2159683108329773,0.9096736907958984,0.38351970911026,1.492206335067749,0.8281566500663757,1.3866724967956543,0.707013726234436,1.473534345626831,0.8091117739677429,1.745382308959961,0.9608942866325378,1.7857455015182495,0.9188501834869385,1.9358561038970947,1.0749834775924683,2.153247594833374,1.1423521041870117,2.3120265007019043,1.1681737899780273,2.509967803955078,1.2447806596755981,"(0, 0, 0)",12
id-00000046,inceptionv3,clean,None,0.15002846717834473,0.2897850573062897,0.21558231115341187,0.3777327835559845,0.2929285168647766,0.4531131684780121,0.3607746958732605,0.550132155418396,0.4027724862098694,0.6321941614151001,0.5581488013267517,0.7841622829437256,0.6775402426719666,0.8959678411483765,0.7110859751701355,0.9023079872131348,0.8223282694816589,0.9714784622192383,0.980728805065155,1.077636957168579,0.3934094309806824,0.1583462655544281,0.5434378981590271,0.4481313228607178,0.6089917421340942,0.5360790491104126,0.686337947845459,0.6114594340324402,0.7541841268539429,0.7084783911705017,0.7961819171905518,0.7905403971672058,0.9515582323074341,0.9425085783004761,1.070949673652649,1.054314136505127,1.1044954061508179,1.0606542825698853,1.2157377004623413,1.1298247575759888,1.3741382360458374,1.2359832525253296,"(0, 0, 0)",9
id-00000047,inceptionv3,backdoor,polygon-8,1.6937570571899414,1.690268635749817,3.608259916305542,1.8532884120941162,3.733177900314331,1.7662127017974854,3.6212193965911865,1.44814932346344,3.710561513900757,1.161582589149475,3.747891664505005,0.9815236330032349,3.7877423763275146,0.9745937585830688,3.7297146320343018,1.0082701444625854,3.759539842605591,1.0441670417785645,4.210142612457275,1.2646173238754272,0.45095521211624146,0.14832541346549988,2.144712209701538,1.8385940790176392,4.059215068817139,2.0016138553619385,4.184133052825928,1.9145381450653076,4.072174549102783,1.5964747667312622,4.1615166664123535,1.3099080324172974,4.198846817016602,1.1298490762710571,4.238697528839111,1.1229192018508911,4.180669784545898,1.1565955877304077,4.2104949951171875,1.1924924850463867,4.661098003387451,1.4129427671432495,"(22, 187, 35)",21
id-00000048,vgg13bn,clean,None,0.19751989841461182,0.210310161113739,0.5915265083312988,0.46226054430007935,1.038668155670166,0.7023310661315918,1.216454267501831,0.7357648611068726,1.4220750331878662,0.7799930572509766,1.669039249420166,0.8641597032546997,1.927168846130371,0.9171652793884277,2.2680776119232178,1.0266624689102173,2.5331759452819824,1.0062412023544312,2.702420234680176,0.9903600215911865,0.793748140335083,0.534948468208313,0.9912680387496948,0.745258629322052,1.3852746486663818,0.9972090125083923,1.832416296005249,1.2372795343399048,2.010202407836914,1.2707133293151855,2.215823173522949,1.3149415254592896,2.462787389755249,1.3991081714630127,2.720916986465454,1.4521137475967407,3.061825752258301,1.5616109371185303,3.3269240856170654,1.5411896705627441,3.496168375015259,1.5253084897994995,"(0, 0, 0)",21
id-00000049,shufflenet2_0,clean,None,0.07859352231025696,0.1511390209197998,0.19695499539375305,0.3675840198993683,0.19810205698013306,0.34518036246299744,0.2884901463985443,0.4715065062046051,0.3345898687839508,0.5046175718307495,0.374141126871109,0.5652538537979126,0.4054734408855438,0.5774575471878052,0.5364168882369995,0.703075647354126,0.6414964199066162,0.7623343467712402,0.6379081010818481,0.7837357521057129,0.280841201543808,0.1561025083065033,0.35943472385406494,0.3072415292263031,0.47779619693756104,0.5236865282058716,0.47894325852394104,0.5012828707695007,0.5693313479423523,0.6276090145111084,0.6154310703277588,0.6607201099395752,0.654982328414917,0.7213563323020935,0.6863146424293518,0.7335600852966309,0.8172580599784851,0.8591781258583069,0.9223375916481018,0.9184368848800659,0.9187493324279785,0.9398382306098938,"(0, 0, 0)",11
id-00000050,densenet169,backdoor,Gotham,0.114021897315979,0.15530580282211304,0.3846144676208496,0.4016379117965698,0.5437228679656982,0.5182194113731384,0.6258742809295654,0.6123828291893005,0.8815330266952515,0.8227087259292603,1.0062499046325684,0.8974865674972534,1.2023499011993408,1.0684508085250854,1.496674656867981,1.2599161863327026,1.6863230466842651,1.3028078079223633,1.9500027894973755,1.4030044078826904,0.4793614149093628,0.37053370475769043,0.5933833122253418,0.5258395075798035,0.8639758825302124,0.7721716165542603,1.023084282875061,0.8887531161308289,1.1052356958389282,0.982916533946991,1.3608944416046143,1.1932424306869507,1.4856113195419312,1.2680202722549438,1.6817113161087036,1.4389845132827759,1.9760360717773438,1.630449891090393,2.165684461593628,1.6733415126800537,2.4293642044067383,1.7735381126403809,"(0, 0, 0)",20
id-00000051,resnet18,clean,None,0.18999159336090088,0.13141798973083496,0.7786279916763306,0.5656490325927734,1.081327199935913,0.6848793625831604,1.4001498222351074,0.8293781876564026,2.126272678375244,1.0284676551818848,2.309534788131714,0.9083608984947205,2.270001173019409,0.792323648929596,2.9681015014648438,1.0219151973724365,3.142582416534424,0.8608459830284119,3.326079845428467,0.8271324038505554,1.1054863929748535,0.39508122205734253,1.2954779863357544,0.5264992117881775,1.884114384651184,0.960730254650116,2.1868135929107666,1.079960584640503,2.505636215209961,1.2244594097137451,3.2317590713500977,1.423548936843872,3.4150211811065674,1.303442120552063,3.3754875659942627,1.1874048709869385,4.073587894439697,1.4169963598251343,4.248068809509277,1.2559272050857544,4.43156623840332,1.222213625907898,"(0, 0, 0)",18
id-00000052,densenet169,backdoor,polygon-9,-0.041947782039642334,-0.22476685047149658,0.04166710376739502,-0.11868605017662048,0.08649647235870361,-0.04633936285972595,0.25665950775146484,0.19930285215377808,1.052086591720581,1.5136141777038574,1.280595064163208,1.7469744682312012,1.3508076667785645,1.551358699798584,1.4343392848968506,1.6036951541900635,2.3736493587493896,1.977074146270752,2.8672611713409424,2.2094411849975586,0.9128096103668213,0.5105698704719543,0.870861828327179,0.28580302000045776,0.9544767141342163,0.39188382029533386,0.9993060827255249,0.4642305076122284,1.1694691181182861,0.7098727226257324,1.9648962020874023,2.024183988571167,2.1934046745300293,2.2575442790985107,2.2636172771453857,2.0619285106658936,2.347148895263672,2.114264965057373,3.286458969116211,2.4876439571380615,3.7800707817077637,2.720010995864868,"(248, 1, 157)",23
id-00000053,resnet18,backdoor,Lomo,0.08780133724212646,0.08689174056053162,0.3014039397239685,0.3582652509212494,0.4587802290916443,0.5024429559707642,0.694004476070404,0.6871058940887451,0.7853624224662781,0.7811194658279419,1.0746135711669922,0.9989382028579712,1.0617120265960693,1.0014111995697021,1.088683843612671,0.9912083148956299,1.3104770183563232,1.0780450105667114,1.305025339126587,1.05237877368927,0.8529952168464661,0.23645749688148499,0.9407965540885925,0.3233492374420166,1.1543991565704346,0.5947227478027344,1.3117754459381104,0.7389004826545715,1.5469996929168701,0.9235634207725525,1.6383576393127441,1.0175769329071045,1.927608847618103,1.2353956699371338,1.9147073030471802,1.2378686666488647,1.9416791200637817,1.2276657819747925,2.1634721755981445,1.314502477645874,2.158020496368408,1.2888362407684326,"(0, 0, 0)",7
id-00000054,resnet50,clean,None,0.06927329301834106,0.060470908880233765,0.3465613126754761,0.40196043252944946,0.5800798535346985,0.5159198641777039,0.8488838076591492,0.8070228695869446,1.1080658435821533,0.8380303978919983,1.3786273002624512,1.0097376108169556,1.6314659118652344,1.0892034769058228,1.837414026260376,1.1478179693222046,2.05546236038208,1.3026374578475952,2.216266632080078,1.2635931968688965,0.44225364923477173,0.1439085155725479,0.5115269422531128,0.20437942445278168,0.7888149619102478,0.5458689332008362,1.0223335027694702,0.6598283648490906,1.291137456893921,0.9509313702583313,1.5503195524215698,0.981938898563385,1.8208808898925781,1.1536461114883423,2.0737195014953613,1.2331119775772095,2.279667615890503,1.2917264699935913,2.497715950012207,1.446545958518982,2.658520221710205,1.4075016975402832,"(0, 0, 0)",8
id-00000055,densenet169,backdoor,Gotham,0.033488065004348755,0.0005058720707893372,0.11561965942382812,0.06623808294534683,0.16057711839675903,0.053805895149707794,0.3281330466270447,0.21416813135147095,0.5534968376159668,0.2932148873806,0.6502631902694702,0.4413050711154938,1.0199097394943237,0.6439870595932007,0.7303484678268433,0.39574578404426575,1.0611047744750977,0.5575246810913086,1.3537973165512085,0.538784384727478,0.43809783458709717,0.10994573682546616,0.4715858995914459,0.1104516088962555,0.5537174940109253,0.176183819770813,0.5986749529838562,0.16375163197517395,0.7662308812141418,0.3241138756275177,0.991594672203064,0.40316063165664673,1.0883610248565674,0.5512508153915405,1.458007574081421,0.753932774066925,1.1684463024139404,0.5056915283203125,1.4992026090621948,0.667470395565033,1.7918951511383057,0.6487300992012024,"(0, 0, 0)",5
id-00000056,resnet101,backdoor,polygon-12,0.3964143395423889,0.7378634214401245,2.2023253440856934,1.6632795333862305,2.525056838989258,1.5716221332550049,2.6208646297454834,1.373723030090332,2.4752237796783447,1.3345650434494019,2.6128292083740234,1.3249602317810059,3.000051498413086,1.396262764930725,2.864874839782715,1.4047054052352905,3.077822208404541,1.3964406251907349,3.6151599884033203,1.507527232170105,0.5944948196411133,0.4320089817047119,0.9909091591835022,1.1698724031448364,2.7968201637268066,2.0952885150909424,3.119551658630371,2.003631114959717,3.2153594493865967,1.805732011795044,3.069718599319458,1.7665740251541138,3.2073240280151367,1.7569692134857178,3.594546318054199,1.828271746635437,3.459369659423828,1.8367143869400024,3.6723170280456543,1.8284496068954468,4.209654808044434,1.939536213874817,"(170, 217, 37)",14
id-00000057,vgg19bn,backdoor,Nashville,0.4160922169685364,0.32157769799232483,1.2789757251739502,0.9648748636245728,1.0699665546417236,0.7248516082763672,1.0060710906982422,0.6350454092025757,1.153916835784912,0.7512203454971313,1.2425107955932617,0.8354748487472534,1.4433629512786865,0.9801229238510132,1.6164038181304932,1.0325024127960205,1.7368245124816895,1.0182534456253052,1.8429951667785645,1.0622713565826416,0.8854694962501526,0.43160685896873474,1.301561713218689,0.7531845569610596,2.164445161819458,1.3964817523956299,1.9554359912872314,1.1564584970474243,1.89154052734375,1.0666522979736328,2.03938627243042,1.1828272342681885,2.1279802322387695,1.2670817375183105,2.3288323879241943,1.4117298126220703,2.501873254776001,1.4641093015670776,2.6222939491271973,1.4498603343963623,2.7284646034240723,1.4938782453536987,"(0, 0, 0)",11
id-00000058,resnet101,backdoor,Kelvin,0.12696927785873413,-0.048283934593200684,0.8283297419548035,0.5226043462753296,1.4504692554473877,0.9874305725097656,1.3320879936218262,0.8977717161178589,1.8230278491973877,0.9878045320510864,1.6245827674865723,0.9098919630050659,1.8739409446716309,1.074143648147583,1.9895248413085938,1.0427554845809937,1.9244532585144043,1.0359183549880981,2.1268973350524902,0.9892821311950684,0.5664063096046448,0.43451938033103943,0.6933755874633789,0.38623544573783875,1.3947360515594482,0.9571237564086914,2.0168755054473877,1.4219499826431274,1.8984943628311157,1.3322911262512207,2.3894340991973877,1.4223239421844482,2.1909890174865723,1.3444113731384277,2.440347194671631,1.5086630582809448,2.5559310913085938,1.4772748947143555,2.4908595085144043,1.47043776512146,2.6933035850524902,1.4238015413284302,"(0, 0, 0)",21
id-00000059,shufflenet1_5,clean,None,0.11908233165740967,0.12342792749404907,0.264817476272583,0.28385528922080994,0.39364439249038696,0.3735474646091461,0.6554331183433533,0.5604923963546753,0.680413544178009,0.568021297454834,0.7808493971824646,0.6633312702178955,0.9702836871147156,0.7499351501464844,1.011361837387085,0.7571878433227539,1.1613705158233643,0.7830713987350464,1.2498273849487305,0.8069565296173096,0.48446255922317505,0.3281621038913727,0.6035448908805847,0.45159003138542175,0.7492800354957581,0.6120173931121826,0.878106951713562,0.7017095685005188,1.1398956775665283,0.8886545300483704,1.164876103401184,0.896183431148529,1.2653119564056396,0.9914934039115906,1.4547462463378906,1.0780972242355347,1.4958244562149048,1.0853499174118042,1.645833134651184,1.1112334728240967,1.7342900037765503,1.1351186037063599,"(0, 0, 0)",12
id-00000060,wideresnet50,clean,None,0.18180638551712036,0.450686514377594,0.25261247158050537,0.4818844795227051,0.2886873483657837,0.4856278896331787,0.4104330539703369,0.6222752928733826,0.5070364475250244,0.7134553790092468,0.6292741298675537,0.7989460229873657,0.7688765525817871,0.8488904237747192,0.862415075302124,0.8933907747268677,0.9426774978637695,0.8696707487106323,1.0756746530532837,0.8977150917053223,0.7481050491333008,0.19819988310337067,0.9299114346504211,0.6488863825798035,1.0007175207138062,0.6800843477249146,1.0367923974990845,0.6838277578353882,1.1585381031036377,0.820475161075592,1.2551414966583252,0.9116552472114563,1.3773791790008545,0.9971458911895752,1.516981601715088,1.0470902919769287,1.6105201244354248,1.0915906429290771,1.6907825469970703,1.0678706169128418,1.8237797021865845,1.0959149599075317,"(0, 0, 0)",8
id-00000061,vgg19bn,clean,None,0.7052715420722961,0.949927568435669,0.9023460745811462,0.8754868507385254,0.8533129096031189,0.8418682813644409,0.9320198893547058,0.7749143838882446,0.9810294508934021,0.5787985324859619,1.204756736755371,0.834913969039917,1.4119791984558105,0.9533078670501709,1.550161361694336,0.9668921232223511,1.7893259525299072,1.022732138633728,1.952059030532837,1.0542635917663574,0.9301727414131165,0.44910454750061035,1.6354442834854126,1.3990321159362793,1.8325188159942627,1.3245913982391357,1.7834856510162354,1.2909728288650513,1.8621926307678223,1.224018931388855,1.9112021923065186,1.0279030799865723,2.1349294185638428,1.2840185165405273,2.3421518802642822,1.4024124145507812,2.4803340435028076,1.4159966707229614,2.719498634338379,1.4718366861343384,2.8822317123413086,1.5033681392669678,"(0, 0, 0)",6
id-00000062,densenet161,clean,None,0.11027932167053223,0.0586981475353241,0.340407133102417,0.23751035332679749,0.5697653293609619,0.3398459255695343,1.0341098308563232,0.4699847996234894,1.7394874095916748,0.6527351140975952,2.445359468460083,0.9366827011108398,2.4587368965148926,0.832058310508728,2.4024338722229004,0.8663525581359863,2.262291193008423,0.8859720230102539,2.3476598262786865,0.991315484046936,0.6322894096374512,0.4648960530757904,0.7425687313079834,0.5235942006111145,0.9726965427398682,0.7024064064025879,1.202054738998413,0.8047419786453247,1.6663992404937744,0.9348808526992798,2.371776819229126,1.117631196975708,3.077648878097534,1.4015787839889526,3.0910263061523438,1.2969543933868408,3.0347232818603516,1.3312486410140991,2.894580602645874,1.3508681058883667,2.9799492359161377,1.4562115669250488,"(0, 0, 0)",5
id-00000063,resnet50,clean,None,0.23689985275268555,0.21886089444160461,0.6968673467636108,0.6492182016372681,0.8358043432235718,0.8481783866882324,0.9712423086166382,0.946929931640625,1.0434980392456055,0.948954701423645,1.2045488357543945,1.158124566078186,1.408616065979004,1.2885578870773315,1.588914394378662,1.3950862884521484,1.7203869819641113,1.4336979389190674,1.957092046737671,1.5036998987197876,0.8595428466796875,0.1823236048221588,1.096442699432373,0.4011844992637634,1.5564101934432983,0.8315418362617493,1.6953471899032593,1.0305019617080688,1.8307851552963257,1.1292535066604614,1.903040885925293,1.1312782764434814,2.064091682434082,1.3404481410980225,2.2681589126586914,1.470881462097168,2.4484572410583496,1.5774098634719849,2.579929828643799,1.6160215139389038,2.8166348934173584,1.686023473739624,"(0, 0, 0)",19
id-00000064,inceptionv3,backdoor,polygon-5,1.3259364366531372,1.855644941329956,1.7418102025985718,1.9633259773254395,2.4684205055236816,2.042111396789551,3.9713616371154785,1.6486942768096924,4.944900989532471,1.0078709125518799,5.094712734222412,0.9242761731147766,5.05896520614624,0.876147449016571,5.100034236907959,0.8279231190681458,4.921670913696289,0.8414868712425232,4.685555934906006,0.9057934880256653,0.8138865232467651,0.2877517342567444,2.1398229598999023,2.1433966159820557,2.555696725845337,2.251077651977539,3.2823071479797363,2.3298630714416504,4.785248279571533,1.936445951461792,5.758787631988525,1.2956225872039795,5.908599376678467,1.212027907371521,5.872851848602295,1.1638991832733154,5.913920879364014,1.1156748533248901,5.735557556152344,1.1292386054992676,5.4994425773620605,1.1935452222824097,"(138, 62, 52)",15
id-00000065,densenet161,clean,None,0.11341819167137146,0.08745911717414856,0.3231816589832306,0.29379305243492126,0.3815241754055023,0.3273821175098419,0.44712164998054504,0.3720708191394806,0.6662901639938354,0.5783674716949463,0.827378511428833,0.7276937961578369,0.966171145439148,0.8631467819213867,1.154157280921936,0.9606435298919678,1.323588252067566,0.9535459280014038,1.4973689317703247,1.0648075342178345,0.4492674767971039,0.3207457959651947,0.5626856684684753,0.40820491313934326,0.7724491357803345,0.614538848400116,0.8307916522026062,0.6481279134750366,0.8963891267776489,0.6928166151046753,1.1155576705932617,0.8991132378578186,1.2766460180282593,1.048439621925354,1.4154386520385742,1.1838926076889038,1.6034247875213623,1.2813893556594849,1.7728557586669922,1.274291753768921,1.946636438369751,1.3855533599853516,"(0, 0, 0)",16
id-00000066,densenet161,backdoor,polygon-9,0.2884714603424072,0.8497487306594849,1.9107117652893066,1.8004796504974365,2.5154058933258057,1.3800442218780518,2.6115875244140625,1.3060009479522705,2.605351448059082,1.2411003112792969,2.8049917221069336,1.3606972694396973,3.0878307819366455,1.509070873260498,3.3197081089019775,1.5644288063049316,3.738661050796509,1.6262695789337158,3.8943932056427,1.564530611038208,0.7658770084381104,0.13819783926010132,1.0543484687805176,0.9879465699195862,2.676588773727417,1.938677430152893,3.281282901763916,1.5182420015335083,3.377464532852173,1.444198727607727,3.3712284564971924,1.3792980909347534,3.570868730545044,1.4988950490951538,3.853707790374756,1.6472687721252441,4.085585117340088,1.7026265859603882,4.504538059234619,1.764467477798462,4.6602702140808105,1.7027283906936646,"(73, 23, 228)",13
id-00000067,inceptionv3,backdoor,Toaster,0.11063212156295776,0.1426471471786499,0.6632028818130493,0.47631189227104187,0.660979151725769,0.4884290397167206,0.7675744295120239,0.6452147960662842,1.1066519021987915,0.7229892015457153,1.3961766958236694,0.8373056650161743,1.5662298202514648,0.9005941152572632,1.719182014465332,0.9864790439605713,2.0340921878814697,1.0477261543273926,2.2192914485931396,1.0280567407608032,0.4618961811065674,0.3337019383907318,0.5725283026695251,0.4763490855693817,1.1250990629196167,0.8100138306617737,1.1228753328323364,0.8221309781074524,1.2294706106185913,0.9789167642593384,1.5685480833053589,1.0566911697387695,1.8580728769302368,1.1710076332092285,2.0281260013580322,1.2342960834503174,2.1810781955718994,1.3201810121536255,2.495988368988037,1.3814281225204468,2.681187629699707,1.3617587089538574,"(0, 0, 0)",18
id-00000068,densenet201,backdoor,polygon-5,1.321061611175537,1.8859367370605469,3.0248754024505615,2.274827241897583,5.365223407745361,0.323729008436203,5.532075881958008,-0.0003986358642578125,5.535243988037109,-0.07106277346611023,5.477492809295654,-0.05335700511932373,5.360260963439941,-0.06080564856529236,5.316484451293945,-0.04070517420768738,5.2924909591674805,-0.09901753067970276,5.305965423583984,-0.07208338379859924,0.8878622055053711,0.3620457351207733,2.208923816680908,2.2479825019836426,3.9127376079559326,2.6368730068206787,6.253085613250732,0.6857747435569763,6.419938087463379,0.3616470992565155,6.4231061935424805,0.2909829616546631,6.365355014801025,0.3086887300014496,6.2481231689453125,0.30124008655548096,6.204346656799316,0.32134056091308594,6.180353164672852,0.26302820444107056,6.1938276290893555,0.2899623513221741,"(46, 167, 185)",11
id-00000069,densenet201,backdoor,polygon-4,-0.012876629829406738,-0.27340418100357056,0.22028273344039917,0.09447285532951355,0.7907448410987854,0.88330078125,1.2525274753570557,1.4821419715881348,1.648871660232544,1.6891855001449585,1.8004813194274902,1.7631489038467407,2.0626983642578125,1.7675892114639282,2.3342771530151367,1.6947449445724487,2.3895390033721924,1.7584575414657593,2.747072458267212,1.8742209672927856,0.5484742522239685,0.46054014563560486,0.5355976223945618,0.1871359646320343,0.7687569856643677,0.5550130009651184,1.339219093322754,1.3438409566879272,1.801001787185669,1.942682147026062,2.1973459720611572,2.1497256755828857,2.3489556312561035,2.223689079284668,2.611172676086426,2.2281293869018555,2.88275146484375,2.155285120010376,2.9380133152008057,2.2189977169036865,3.295546770095825,2.334761142730713,"(2, 4, 99)",19
id-00000070,densenet161,backdoor,polygon-3,0.23011648654937744,0.3923191726207733,1.4125796556472778,0.9469442367553711,3.9604580402374268,1.6943955421447754,5.497971534729004,0.3357199728488922,5.977057456970215,0.19762268662452698,6.238666534423828,0.1879766285419464,6.503332138061523,0.19636636972427368,6.540142059326172,0.1719861626625061,6.509659767150879,0.1700458526611328,6.303348541259766,0.1762017011642456,0.5091259479522705,0.26445338129997253,0.739242434501648,0.6567725539207458,1.9217056035995483,1.211397647857666,4.469583988189697,1.9588489532470703,6.0070977210998535,0.6001733541488647,6.486183166503906,0.4620760679244995,6.7477922439575195,0.45243000984191895,7.012457847595215,0.4608197510242462,7.0492682456970215,0.43643954396247864,7.0187859535217285,0.43449923396110535,6.812474250793457,0.44065508246421814,"(178, 227, 15)",12
id-00000071,wideresnet101,backdoor,polygon-10,-0.024019598960876465,0.12417460978031158,0.24596846103668213,0.42433351278305054,0.44345128536224365,0.482466459274292,0.6057554483413696,0.6344647407531738,0.8603459596633911,0.8330132365226746,1.3149491548538208,1.588876485824585,1.4513205289840698,1.7013516426086426,1.7912341356277466,1.9948620796203613,1.945236086845398,1.912132978439331,2.1285462379455566,1.8378851413726807,1.0965973138809204,0.2058120220899582,1.072577714920044,0.3299866318702698,1.3425657749176025,0.6301455497741699,1.540048599243164,0.6882784962654114,1.70235276222229,0.8402767777442932,1.9569432735443115,1.038825273513794,2.411546468734741,1.7946884632110596,2.5479178428649902,1.9071636199951172,2.887831449508667,2.200674057006836,3.0418334007263184,2.1179449558258057,3.2251434326171875,2.0436971187591553,"(6, 200, 215)",20
id-00000072,shufflenet1_5,clean,None,0.14480862021446228,0.38582438230514526,0.26128849387168884,0.505919873714447,0.2914569675922394,0.553317666053772,0.40431180596351624,0.5946798324584961,0.5001232624053955,0.6487547159194946,0.6077783107757568,0.721109926700592,0.7470672130584717,0.8026525378227234,0.7799073457717896,0.8267929553985596,0.936569094657898,0.8972263932228088,1.0380346775054932,0.9985180497169495,0.27330824732780457,0.10782486945390701,0.41811686754226685,0.4936492443084717,0.5345967411994934,0.6137447357177734,0.564765214920044,0.6611425280570984,0.6776200532913208,0.7025046944618225,0.7734315395355225,0.756579577922821,0.8810865879058838,0.8289347887039185,1.0203754901885986,0.9104773998260498,1.0532156229019165,0.934617817401886,1.209877371788025,1.0050512552261353,1.3113429546356201,1.1063429117202759,"(0, 0, 0)",6
id-00000073,resnet18,backdoor,Gotham,0.6767518520355225,0.604859471321106,0.6872602701187134,0.5586491823196411,1.4821467399597168,0.8906906843185425,1.6893563270568848,1.0554344654083252,1.8244948387145996,0.9983994960784912,2.0067007541656494,1.0323251485824585,2.137946844100952,1.1021959781646729,1.9461841583251953,1.0719966888427734,2.146836519241333,0.9409493207931519,2.2964301109313965,0.7786791324615479,0.8781661987304688,0.6056042909622192,1.5549180507659912,1.2104637622833252,1.5654264688491821,1.1642534732818604,2.3603129386901855,1.4962949752807617,2.5675225257873535,1.6610387563705444,2.7026610374450684,1.6040037870407104,2.884866952896118,1.6379294395446777,3.016113042831421,1.707800269126892,2.824350357055664,1.6776009798049927,3.0250027179718018,1.546553611755371,3.1745963096618652,1.384283423423767,"(0, 0, 0)",19
id-00000074,squeezenetv1_1,backdoor,Kelvin,0.296758770942688,0.14645451307296753,1.36459219455719,0.24338269233703613,1.8453923463821411,0.22267812490463257,1.7491217851638794,0.4580976963043213,2.4889965057373047,0.5710043907165527,2.281562328338623,0.4644134044647217,2.459627628326416,0.37368345260620117,2.4173898696899414,0.3829609155654907,2.6003270149230957,0.39761853218078613,2.8635988235473633,0.27370041608810425,1.2573078870773315,0.6501436233520508,1.5540666580200195,0.7965981364250183,2.6219000816345215,0.8935263156890869,3.1027002334594727,0.8728217482566833,3.006429672241211,1.108241319656372,3.7463042736053467,1.2211480140686035,3.538870334625244,1.1145570278167725,3.716935634613037,1.023827075958252,3.6746978759765625,1.0331045389175415,3.8576347827911377,1.047762155532837,4.120906829833984,0.923844039440155,"(0, 0, 0)",23
id-00000075,resnet34,backdoor,Nashville,0.17473053932189941,0.1528516262769699,0.3863818049430847,0.2688497304916382,0.5511689186096191,0.32421356439590454,0.7984850406646729,0.6335410475730896,1.0952178239822388,0.8526678085327148,1.240160584449768,0.8570605516433716,1.4146593809127808,0.8272640705108643,1.4385234117507935,0.8202118277549744,1.6285547018051147,0.8518400192260742,1.7914918661117554,0.8577238321304321,0.534734845161438,0.17601321637630463,0.7094653844833374,0.32886484265327454,0.9211166501045227,0.444862961769104,1.0859037637710571,0.5002267956733704,1.3332198858261108,0.8095542788505554,1.6299526691436768,1.0286810398101807,1.774895429611206,1.0330737829208374,1.9493942260742188,1.00327730178833,1.9732582569122314,0.9962250590324402,2.1632895469665527,1.02785325050354,2.3262267112731934,1.033737063407898,"(0, 0, 0)",22
id-00000076,shufflenet2_0,clean,None,0.09797048568725586,0.0976824015378952,0.358060359954834,0.3373103141784668,0.45386457443237305,0.41709205508232117,0.6770777702331543,0.5295369625091553,0.6470357179641724,0.4323202073574066,0.7468544244766235,0.6052670478820801,1.025719165802002,0.7567657232284546,1.1391782760620117,0.70743727684021,1.2271147966384888,0.8270936012268066,1.2334330081939697,0.864728569984436,0.5849014520645142,0.1299392282962799,0.68287193775177,0.2276216298341751,0.9429618120193481,0.4672495424747467,1.0387660264968872,0.5470312833786011,1.2619792222976685,0.6594762206077576,1.2319371700286865,0.5622594356536865,1.3317558765411377,0.7352062463760376,1.6106206178665161,0.8867049217224121,1.7240797281265259,0.8373764753341675,1.812016248703003,0.9570327997207642,1.8183344602584839,0.9946678280830383,"(0, 0, 0)",5
id-00000077,shufflenet1_0,clean,None,0.1521536409854889,0.2717630863189697,0.3849221169948578,0.5351431965827942,0.3437310755252838,0.5057810544967651,0.5147563219070435,0.6044014692306519,0.6363040208816528,0.6699832677841187,0.7904374599456787,0.8203252553939819,0.9100712537765503,0.8287635445594788,0.9947631359100342,0.8123031854629517,1.057767629623413,0.8287160992622375,1.0599926710128784,0.8213975429534912,0.32549431920051575,0.09970562160015106,0.47764796018600464,0.371468722820282,0.7104164361953735,0.6348488330841064,0.6692253947257996,0.6054866909980774,0.8402506113052368,0.7041071057319641,0.961798369884491,0.7696889042854309,1.115931749343872,0.9200308918952942,1.2355655431747437,0.928469181060791,1.3202574253082275,0.9120088219642639,1.3832619190216064,0.9284217357635498,1.3854869604110718,0.9211031794548035,"(0, 0, 0)",8
id-00000078,wideresnet101,backdoor,Toaster,0.5252418518066406,0.6590498685836792,1.279266595840454,1.1091749668121338,0.9515721797943115,0.7876309156417847,1.0331714153289795,0.49745532870292664,1.4978339672088623,0.7203279733657837,1.5895195007324219,0.782930850982666,1.7318499088287354,0.803801417350769,1.4903547763824463,0.7520263195037842,1.2042489051818848,0.4918275773525238,1.787956714630127,0.6443767547607422,0.7729172706604004,0.17501536011695862,1.298159122467041,0.8340652585029602,2.0521838665008545,1.28419029712677,1.724489450454712,0.9626463055610657,1.8060886859893799,0.6724706888198853,2.2707512378692627,0.8953433632850647,2.3624367713928223,0.9579461812973022,2.5047671794891357,0.97881680727005,2.2632720470428467,0.9270416498184204,1.9771661758422852,0.6668429374694824,2.5608739852905273,0.8193921446800232,"(0, 0, 0)",9
id-00000079,resnet101,backdoor,polygon-11,1.089868187904358,1.4034937620162964,5.432983875274658,1.9047868251800537,6.051971912384033,1.105844497680664,5.850371360778809,0.8673992156982422,6.101924896240234,0.44234395027160645,6.0135979652404785,0.41778481006622314,6.1091132164001465,0.391537070274353,6.198750019073486,0.2863045930862427,6.271381378173828,0.40710991621017456,6.475325584411621,0.4311911463737488,0.9136718511581421,0.22395659983158112,2.0035400390625,1.6274503469467163,6.34665584564209,2.1287434101104736,6.965643882751465,1.329801082611084,6.76404333114624,1.091355800628662,7.015596866607666,0.6663005352020264,6.92726993560791,0.6417413949966431,7.022785186767578,0.615493655204773,7.112421989440918,0.5102611780166626,7.18505334854126,0.6310665011405945,7.388997554779053,0.6551477313041687,"(221, 243, 3)",21
id-00000080,resnet34,backdoor,Kelvin,1.1273406744003296,0.903952956199646,0.820534348487854,0.7226743698120117,0.7729402780532837,1.008297085762024,1.156075358390808,0.9845458269119263,1.3514453172683716,1.1019679307937622,1.1457594633102417,0.769777774810791,1.2389990091323853,0.7235943078994751,1.4387651681900024,0.7549026012420654,1.5458720922470093,0.5721177458763123,1.6283899545669556,0.665605366230011,1.2889927625656128,0.24950014054775238,2.4163334369659424,1.1534531116485596,2.109527111053467,0.9721745252609253,2.0619330406188965,1.2577972412109375,2.445068120956421,1.2340459823608398,2.6404380798339844,1.3514680862426758,2.4347522258758545,1.0192779302597046,2.527991771697998,0.9730944633483887,2.7277579307556152,1.004402756690979,2.834864854812622,0.8216179013252258,2.9173827171325684,0.9151055216789246,"(0, 0, 0)",19
id-00000081,inceptionv3,clean,None,0.10934513807296753,0.026302874088287354,0.2659916281700134,0.11798375844955444,0.4556644558906555,0.2684488296508789,0.5781034827232361,0.39941245317459106,0.6306150555610657,0.4363478422164917,0.7301661372184753,0.5497297644615173,0.935619056224823,0.6029478907585144,1.0897276401519775,0.6441232562065125,1.1320157051086426,0.6772081255912781,1.2906105518341064,0.7432329058647156,0.8943641781806946,0.5409495234489441,1.003709316253662,0.5672523975372314,1.160355806350708,0.6589332818984985,1.35002863407135,0.809398353099823,1.4724676609039307,0.9403619766235352,1.5249792337417603,0.9772973656654358,1.62453031539917,1.0906792879104614,1.8299832344055176,1.1438974142074585,1.9840917587280273,1.1850727796554565,2.0263798236846924,1.2181576490402222,2.1849746704101562,1.2841824293136597,"(0, 0, 0)",20
id-00000082,resnet34,backdoor,Gotham,0.07271349430084229,0.04257974028587341,0.355568528175354,0.3364831507205963,0.5416643619537354,0.40912696719169617,0.8014264106750488,0.5119034051895142,1.1117308139801025,0.5781245231628418,1.2908165454864502,0.7330799102783203,1.5199553966522217,0.8139983415603638,1.620629072189331,0.7693921327590942,1.7431268692016602,0.7953472137451172,1.7911367416381836,0.7807251214981079,1.6040475368499756,0.34355708956718445,1.6767610311508179,0.38613682985305786,1.9596160650253296,0.6800402402877808,2.145711898803711,0.7526840567588806,2.4054739475250244,0.8554604649543762,2.715778350830078,0.9216816425323486,2.894864082336426,1.0766370296478271,3.1240029335021973,1.1575554609298706,3.2246766090393066,1.112949252128601,3.3471744060516357,1.138904333114624,3.395184278488159,1.1242822408676147,"(0, 0, 0)",14
id-00000083,mobilenetv2,backdoor,polygon-4,0.39638280868530273,-0.15308643877506256,0.3722662925720215,-0.11677074432373047,1.2308812141418457,1.0714064836502075,1.4310429096221924,1.234374761581421,1.8715319633483887,1.2231115102767944,2.233642101287842,1.142686128616333,2.7061095237731934,1.28336501121521,2.755049705505371,1.2230114936828613,2.7334108352661133,1.1462676525115967,2.8113393783569336,1.1580610275268555,2.063882827758789,0.3945317268371582,2.460265636444092,0.24144528806209564,2.4361491203308105,0.27776098251342773,3.2947640419006348,1.4659382104873657,3.4949257373809814,1.628906488418579,3.9354147911071777,1.6176432371139526,4.297524929046631,1.5372178554534912,4.769992351531982,1.6778967380523682,4.81893253326416,1.6175432205200195,4.797293663024902,1.5407993793487549,4.875222206115723,1.5525927543640137,"(207, 224, 59)",22
id-00000084,resnet18,backdoor,Nashville,0.10622990131378174,0.08083115518093109,0.6191544532775879,0.45437490940093994,0.8412150144577026,0.5131545066833496,1.192304015159607,0.7019768953323364,1.4022237062454224,0.7512632608413696,1.6668442487716675,0.7731455564498901,1.9488922357559204,0.807037353515625,2.1670851707458496,0.8489488363265991,2.4664273262023926,0.9462112188339233,2.5894837379455566,0.8695313930511475,1.1657243967056274,0.24984048306941986,1.2719542980194092,0.33067163825035095,1.7848788499832153,0.704215407371521,2.00693941116333,0.7629950046539307,2.3580284118652344,0.9518173933029175,2.56794810295105,1.0011037588119507,2.832568645477295,1.0229860544204712,3.114616632461548,1.056877851486206,3.3328094482421875,1.0987893342971802,3.6321516036987305,1.1960517168045044,3.7552080154418945,1.1193718910217285,"(0, 0, 0)",18
id-00000085,shufflenet1_0,backdoor,polygon-7,0.1870982050895691,0.36778029799461365,0.41456013917922974,0.1739729344844818,2.892310619354248,1.2152866125106812,3.211580514907837,0.8619096279144287,3.2512903213500977,0.5044571161270142,3.2727389335632324,0.29100683331489563,3.3001515865325928,0.22469010949134827,3.233286142349243,0.3274363577365875,3.394136905670166,0.30094805359840393,3.5560803413391113,0.15037819743156433,0.5208749771118164,0.4009023606777191,0.7079731822013855,0.7686826586723328,0.9354351162910461,0.5748752951622009,3.4131855964660645,1.6161890029907227,3.7324554920196533,1.2628120183944702,3.772165298461914,0.9053595066070557,3.793613910675049,0.6919091939926147,3.821026563644409,0.6255924701690674,3.7541611194610596,0.7283387184143066,3.9150118827819824,0.701850414276123,4.076955318450928,0.5512805581092834,"(117, 160, 6)",16
id-00000086,vgg16bn,backdoor,polygon-6,1.7616045475006104,0.7391009330749512,0.4371187686920166,-0.0707058310508728,0.1806107759475708,-0.13417896628379822,-0.09771096706390381,-0.10736110806465149,-0.06322109699249268,-0.05798900127410889,0.06953763961791992,0.07747578620910645,0.3254166841506958,0.1105228066444397,0.3611936569213867,0.06075635552406311,0.2967538833618164,0.07392403483390808,0.42450904846191406,0.09251716732978821,1.0268185138702393,0.3856796324253082,2.7884230613708496,1.124780535697937,1.4639372825622559,0.3149738013744354,1.20742928981781,0.25150066614151,0.9291075468063354,0.27831852436065674,0.9635974168777466,0.32769063115119934,1.0963561534881592,0.4631554186344147,1.352235198020935,0.4962024390697479,1.388012170791626,0.44643598794937134,1.3235723972320557,0.4596036672592163,1.4513275623321533,0.47819679975509644,"(30, 3, 182)",5
id-00000087,vgg11bn,clean,None,0.22761428356170654,0.203410804271698,0.5535650253295898,0.4294933080673218,0.6799288988113403,0.5723544359207153,0.7985571622848511,0.5848543643951416,1.0276938676834106,0.7420238256454468,1.1012153625488281,0.8419045209884644,1.2014405727386475,0.9046646356582642,1.3166065216064453,0.9264322519302368,1.5711889266967773,1.0716357231140137,1.705636978149414,1.1720834970474243,0.9622721672058105,0.7244871854782104,1.189886450767517,0.9278979897499084,1.5158371925354004,1.1539804935455322,1.6422010660171509,1.2968416213989258,1.7608293294906616,1.309341549873352,1.9899660348892212,1.4665110111236572,2.0634875297546387,1.5663917064666748,2.163712739944458,1.6291518211364746,2.278878688812256,1.6509194374084473,2.533461093902588,1.7961229085922241,2.6679091453552246,1.8965706825256348,"(0, 0, 0)",23
id-00000088,densenet201,clean,None,0.09717613458633423,0.043484628200531006,0.5233764052391052,0.24492383003234863,0.9236189723014832,0.35364198684692383,1.0964844226837158,0.3781915307044983,1.5472304821014404,0.5619276165962219,1.6341943740844727,0.5705267786979675,1.8370141983032227,0.649812638759613,2.0940589904785156,0.6577308773994446,2.2582907676696777,0.6801740527153015,2.404972553253174,0.7059434056282043,0.8510118126869202,0.5438216328620911,0.9481879472732544,0.5873062610626221,1.3743882179260254,0.7887454628944397,1.7746307849884033,0.8974636197090149,1.9474961757659912,0.9220131635665894,2.398242235183716,1.105749249458313,2.485206127166748,1.1143484115600586,2.688025951385498,1.193634271621704,2.945070743560791,1.2015525102615356,3.109302520751953,1.2239956855773926,3.255984306335449,1.2497650384902954,"(0, 0, 0)",17
id-00000089,googlenet,backdoor,Kelvin,0.04561406373977661,0.014111042022705078,0.2870960831642151,0.17947658896446228,0.44674402475357056,0.27106836438179016,0.6144925951957703,0.41901323199272156,0.723977267742157,0.405868798494339,0.8051354289054871,0.4418727457523346,0.8832346796989441,0.5042022466659546,0.9817203879356384,0.5046049356460571,1.1109232902526855,0.5204973220825195,1.2832739353179932,0.5992059707641602,0.8473238348960876,0.42483285069465637,0.8929378986358643,0.43894389271736145,1.1344199180603027,0.6043094396591187,1.2940678596496582,0.6959012150764465,1.461816430091858,0.8438460826873779,1.5713011026382446,0.8307016491889954,1.6524592638015747,0.866705596446991,1.7305585145950317,0.9290350675582886,1.829044222831726,0.9294378161430359,1.958247184753418,0.9453301429748535,2.1305978298187256,1.0240387916564941,"(0, 0, 0)",7
id-00000090,shufflenet1_5,clean,None,0.16088944673538208,0.03619605302810669,0.33469992876052856,0.11507576704025269,0.6129360198974609,0.23828673362731934,1.0375666618347168,0.38233405351638794,1.1343590021133423,0.40221691131591797,1.2363841533660889,0.41175055503845215,1.4832181930541992,0.4610798954963684,1.5672807693481445,0.4740530848503113,1.7883455753326416,0.36875808238983154,1.8969650268554688,0.46649080514907837,0.5044369697570801,0.5613835453987122,0.6653264164924622,0.5975795984268188,0.8391368985176086,0.6764593124389648,1.117372989654541,0.7996702790260315,1.5420036315917969,0.9437175989151001,1.6387959718704224,0.9636004567146301,1.740821123123169,0.9731341004371643,1.9876551628112793,1.0224634408950806,2.0717177391052246,1.0354366302490234,2.2927825450897217,0.9301416277885437,2.401401996612549,1.0278743505477905,"(0, 0, 0)",24
id-00000091,googlenet,backdoor,polygon-7,-0.10827863216400146,-0.2973417341709137,0.37523937225341797,0.540884256362915,5.641376495361328,1.1012688875198364,6.384819984436035,0.47484666109085083,6.561039924621582,0.38337093591690063,6.418563365936279,0.32175499200820923,5.884706974029541,0.3668980598449707,5.662177562713623,0.41556185483932495,5.526223182678223,0.39918380975723267,5.437352657318115,0.25796473026275635,1.2639251947402954,0.5009403228759766,1.155646562576294,0.20359858870506287,1.6391645669937134,1.0418245792388916,6.905301570892334,1.602209210395813,7.648745059967041,0.9757869839668274,7.824965000152588,0.8843112587928772,7.682488441467285,0.8226953148841858,7.148632049560547,0.8678383827209473,6.926102638244629,0.9165021777153015,6.7901482582092285,0.9001241326332092,6.701277732849121,0.7589050531387329,"(234, 167, 99)",13
id-00000092,shufflenet1_0,clean,None,0.2119327187538147,0.1261940896511078,0.3294081687927246,0.1954050362110138,0.5504910945892334,0.30439403653144836,0.9091278314590454,0.4472012221813202,0.9934530258178711,0.46940597891807556,1.300634741783142,0.49113455414772034,1.5871161222457886,0.48868700861930847,1.8241862058639526,0.5273181200027466,1.841417908668518,0.5335996150970459,1.9851435422897339,0.4932003915309906,0.6147609949111938,0.4827606976032257,0.8266937136650085,0.6089547872543335,0.9441691637039185,0.6781657338142395,1.1652520895004272,0.7871547341346741,1.5238888263702393,0.9299619197845459,1.608214020729065,0.9521666765213013,1.915395736694336,0.973895251750946,2.2018771171569824,0.9714477062225342,2.4389472007751465,1.01007878780365,2.456178903579712,1.0163602828979492,2.5999045372009277,0.9759610891342163,"(0, 0, 0)",17
id-00000093,inceptionv3,backdoor,polygon-3,2.6930532455444336,2.557600736618042,4.658190727233887,1.970790982246399,5.201800346374512,0.9524428844451904,5.445572853088379,0.14977526664733887,5.285830974578857,0.2432820200920105,5.216127872467041,0.2046598196029663,5.197420597076416,0.2065199315547943,5.123188018798828,0.20894548296928406,4.981164455413818,0.2594718337059021,5.0061469078063965,0.29542776942253113,0.7403127551078796,0.15896019339561462,3.433366060256958,2.7165608406066895,5.398503303527832,2.129751205444336,5.942112922668457,1.1114031076431274,6.185885429382324,0.3087354600429535,6.026143550872803,0.4022422134876251,5.956440448760986,0.36362001299858093,5.937733173370361,0.36548012495040894,5.863500595092773,0.3679056763648987,5.721477031707764,0.4184320271015167,5.746459484100342,0.45438796281814575,"(100, 52, 232)",8
id-00000094,resnet34,backdoor,polygon-11,0.07762253284454346,0.061648011207580566,1.2846150398254395,0.5734312534332275,3.713371753692627,1.4473559856414795,4.7966413497924805,0.7303942441940308,4.116351127624512,0.6612250804901123,4.027439594268799,0.7346439361572266,4.6254377365112305,0.7779906988143921,4.592663288116455,0.8370679616928101,4.676029682159424,0.6407815217971802,4.738842964172363,0.5020326375961304,0.7512021660804749,0.40666452050209045,0.8288246989250183,0.468312531709671,2.0358171463012695,0.9800958037376404,4.464573860168457,1.8540204763412476,5.5478434562683105,1.1370587348937988,4.867553234100342,1.0678895711898804,4.778641700744629,1.1413084268569946,5.3766398429870605,1.1846551895141602,5.343865394592285,1.2437324523925781,5.427231788635254,1.0474460124969482,5.490045070648193,0.9086971282958984,"(49, 226, 20)",13
id-00000095,resnet34,backdoor,Gotham,0.2759188413619995,0.2564351558685303,0.854336142539978,0.6682248711585999,0.6620473861694336,0.5921772718429565,0.8870540857315063,0.7703932523727417,1.171674370765686,0.9334038496017456,1.5913883447647095,1.209165334701538,1.8623486757278442,1.3053441047668457,2.031975269317627,1.2714654207229614,2.2397408485412598,1.3072694540023804,2.311262607574463,1.2345460653305054,1.0698384046554565,0.24060489237308502,1.345757246017456,0.4970400333404541,1.9241745471954346,0.9088297486305237,1.7318857908248901,0.8327821493148804,1.956892490386963,1.0109981298446655,2.2415127754211426,1.1740087270736694,2.661226749420166,1.449770212173462,2.932187080383301,1.5459489822387695,3.101813554763794,1.5120702981948853,3.309579372406006,1.5478743314743042,3.38110089302063,1.4751509428024292,"(0, 0, 0)",15
id-00000096,resnet34,clean,None,0.0916614830493927,0.10263770818710327,0.34214338660240173,0.4464881718158722,0.2612493336200714,0.3306795656681061,0.3418746292591095,0.4219331443309784,0.4559917151927948,0.6194095611572266,0.5518398284912109,0.8208663463592529,0.7177063226699829,0.9197360277175903,0.7181268930435181,0.8578362464904785,0.7916394472122192,0.9457108974456787,0.9056104421615601,0.9925738573074341,0.4842964708805084,0.22583839297294617,0.5759579539299011,0.32847610116004944,0.8264398574829102,0.6723265647888184,0.7455458045005798,0.5565179586410522,0.8261711001396179,0.6477715373039246,0.9402881860733032,0.8452479243278503,1.036136269569397,1.0467047691345215,1.202002763748169,1.1455744504928589,1.202423334121704,1.083674669265747,1.2759358882904053,1.1715493202209473,1.389906883239746,1.2184122800827026,"(0, 0, 0)",8
id-00000097,resnet50,clean,None,0.1894792914390564,0.2364254593849182,0.4888301491737366,0.41543763875961304,0.9220104813575745,0.6763920783996582,1.774533987045288,0.9716538190841675,2.008735179901123,1.038057565689087,2.331714630126953,1.0782299041748047,2.7317264080047607,0.9772360324859619,2.7073001861572266,0.8727083206176758,2.934509515762329,0.7963119745254517,3.0755856037139893,0.6741434335708618,0.889863908290863,0.4051802158355713,1.0793431997299194,0.6416056752204895,1.3786940574645996,0.8206178545951843,1.8118743896484375,1.0815722942352295,2.664397954940796,1.3768340349197388,2.898599147796631,1.4432377815246582,3.221578598022461,1.483410120010376,3.6215903759002686,1.3824162483215332,3.5971641540527344,1.277888536453247,3.824373483657837,1.201492190361023,3.965449571609497,1.079323649406433,"(0, 0, 0)",22
id-00000098,vgg11bn,backdoor,polygon-5,0.2447119951248169,0.19428110122680664,2.0507688522338867,1.6831045150756836,6.876586437225342,2.677635908126831,11.09628677368164,1.3245532512664795,11.946874618530273,0.7296357750892639,11.838750839233398,0.6533792614936829,12.172608375549316,0.5679801106452942,12.206038475036621,0.6234455704689026,12.110673904418945,0.619154155254364,12.172649383544922,0.5595301985740662,1.1705516576766968,0.4808630347251892,1.4152636528015137,0.6751441359519958,3.221320390701294,2.1639676094055176,8.047138214111328,3.158499002456665,12.266838073730469,1.805416226387024,13.117425918579102,1.2104988098144531,13.009302139282227,1.134242296218872,13.343159675598145,1.0488431453704834,13.37658977508545,1.1043086051940918,13.281225204467773,1.1000171899795532,13.34320068359375,1.0403932332992554,"(130, 25, 126)",16
id-00000099,resnet34,clean,None,0.4211918115615845,0.46090981364250183,0.669185996055603,0.6399694681167603,0.7881326675415039,0.7124711275100708,0.8532984256744385,0.8194289207458496,0.9619925022125244,0.8898612260818481,1.0343722105026245,0.9254868030548096,1.165639042854309,1.0171427726745605,1.3073668479919434,1.0603954792022705,1.4659337997436523,1.1363719701766968,1.6283955574035645,1.185689926147461,0.6344037055969238,0.2952992618083954,1.0555955171585083,0.7562090754508972,1.3035897016525269,0.9352687001228333,1.4225363731384277,1.0077704191207886,1.4877021312713623,1.1147282123565674,1.5963962078094482,1.185160517692566,1.6687759160995483,1.2207860946655273,1.800042748451233,1.3124420642852783,1.9417705535888672,1.3556947708129883,2.100337505340576,1.4316712617874146,2.2627992630004883,1.4809892177581787,"(0, 0, 0)",18
id-00000100,densenet121,backdoor,polygon-3,0.1596306562423706,0.5511937737464905,0.8651251196861267,0.9627559781074524,2.0969982147216797,1.313812255859375,2.3779196739196777,1.2316548824310303,2.5173070430755615,1.2838242053985596,2.361077070236206,1.2614953517913818,2.33919095993042,1.3397340774536133,2.3668510913848877,1.5759668350219727,2.5171828269958496,1.8074886798858643,2.3300719261169434,1.7469768524169922,0.47198039293289185,0.5759910941123962,0.6316110491752625,1.1271848678588867,1.3371055126190186,1.5387470722198486,2.5689785480499268,1.8898032903671265,2.849900007247925,1.8076459169387817,2.9892873764038086,1.8598153591156006,2.833057403564453,1.8374865055084229,2.811171293258667,1.9157252311706543,2.8388314247131348,2.1519579887390137,2.9891631603240967,2.3834798336029053,2.8020522594451904,2.322968006134033,"(64, 180, 28)",8
id-00000101,resnet34,backdoor,polygon-6,0.12204605340957642,-0.007620319724082947,2.1804778575897217,2.163484573364258,3.532548427581787,2.5013818740844727,3.663212776184082,2.37984561920166,3.318826913833618,1.9182864427566528,3.305445671081543,1.8973554372787476,3.486116886138916,1.881407618522644,3.749797821044922,1.8144556283950806,3.8567161560058594,1.7807270288467407,3.7750048637390137,1.7350575923919678,0.5325136780738831,0.20098984241485596,0.6545597314834595,0.193369522690773,2.71299147605896,2.3644745349884033,4.065062046051025,2.702371835708618,4.19572639465332,2.5808355808258057,3.8513405323028564,2.119276285171509,3.8379592895507812,2.0983452796936035,4.018630504608154,2.0823974609375,4.28231143951416,2.0154454708099365,4.389229774475098,1.9817168712615967,4.307518482208252,1.9360474348068237,"(31, 55, 30)",18
id-00000102,squeezenetv1_1,clean,None,0.2678300738334656,0.3207148313522339,0.9631038308143616,0.7098423838615417,1.901642084121704,1.0869042873382568,1.7852389812469482,0.8736762404441833,1.476081132888794,0.6771126389503479,2.0734925270080566,0.7866660952568054,1.6620795726776123,0.7060311436653137,1.8601036071777344,0.803428590297699,2.3525800704956055,0.7874966263771057,2.1557209491729736,0.6142643094062805,0.9738691449165344,0.6724573969841003,1.24169921875,0.9931722283363342,1.936972975730896,1.382299780845642,2.8755111694335938,1.7593616247177124,2.759108066558838,1.5461336374282837,2.4499502182006836,1.3495700359344482,3.0473616123199463,1.4591234922409058,2.635948657989502,1.378488540649414,2.833972692489624,1.4758859872817993,3.326449155807495,1.459954023361206,3.1295900344848633,1.2867217063903809,"(0, 0, 0)",12
id-00000103,resnet50,clean,None,0.3866296410560608,0.5037776231765747,0.6425678133964539,0.748116135597229,0.5641940832138062,0.6362881660461426,0.7640146613121033,0.7903132438659668,1.0343890190124512,1.0433554649353027,1.196791648864746,1.172741174697876,1.4301371574401855,1.3754220008850098,1.5459997653961182,1.408933162689209,1.7079188823699951,1.4808733463287354,1.950563907623291,1.6087620258331299,0.4199827313423157,0.17641153931617737,0.8066123723983765,0.6801891326904297,1.0625505447387695,0.924527645111084,0.9841768145561218,0.8126997351646423,1.183997392654419,0.9667247533798218,1.4543718099594116,1.2197669744491577,1.616774320602417,1.349152684211731,1.8501198291778564,1.5518335103988647,1.965982437133789,1.585344672203064,2.127901554107666,1.6572848558425903,2.370546579360962,1.7851735353469849,"(0, 0, 0)",8
id-00000104,shufflenet1_0,clean,None,0.14793303608894348,0.18823932111263275,0.1923309862613678,0.2661256790161133,0.18750515580177307,0.2543213963508606,0.4809752404689789,0.5321788787841797,0.38317081332206726,0.49933457374572754,0.5511331558227539,0.6360784769058228,0.7289878129959106,0.7492541670799255,0.7226227521896362,0.7730042338371277,0.9986178874969482,0.82356858253479,0.9386053085327148,0.7025306224822998,0.4214576184749603,0.14340181648731232,0.5693906545639038,0.33164113759994507,0.6137886047363281,0.4095275104045868,0.6089627742767334,0.3977232277393341,0.9024328589439392,0.6755806803703308,0.8046284317970276,0.6427363753318787,0.9725907444953918,0.7794802784919739,1.1504454612731934,0.8926559686660767,1.144080400466919,0.9164060354232788,1.420075535774231,0.9669703841209412,1.3600629568099976,0.8459324240684509,"(0, 0, 0)",12
id-00000105,densenet121,clean,None,0.1154983639717102,-0.027239978313446045,0.5164839029312134,0.2302754521369934,0.9636737108230591,0.42139124870300293,1.3021306991577148,0.489513635635376,1.896884799003601,0.6998052597045898,2.1890416145324707,0.6599733829498291,2.566270351409912,0.6993981599807739,2.7830963134765625,0.7423378229141235,2.993387222290039,0.6645288467407227,2.999115467071533,0.5918092727661133,0.5893193483352661,0.5863078832626343,0.7048177123069763,0.5590679049491882,1.1058032512664795,0.8165833353996277,1.5529930591583252,1.0076991319656372,1.891450047492981,1.0758215188980103,2.486204147338867,1.2861131429672241,2.7783610820770264,1.2462812662124634,3.1555895805358887,1.2857060432434082,3.372415542602539,1.3286457061767578,3.5827064514160156,1.250836730003357,3.588434934616089,1.1781171560287476,"(0, 0, 0)",18
id-00000106,vgg16bn,backdoor,polygon-9,1.4600690603256226,1.2265574932098389,5.5266594886779785,3.713850736618042,7.159677028656006,4.365020275115967,9.287018775939941,5.359745025634766,11.540549278259277,6.237275123596191,11.701346397399902,5.136372089385986,12.165572166442871,4.950181007385254,12.730880737304688,4.994781970977783,11.752337455749512,4.317450046539307,11.919705390930176,4.524586200714111,1.188921332359314,0.3320510983467102,2.6489903926849365,1.5586086511611938,6.715580940246582,4.045901775360107,8.34859848022461,4.697071552276611,10.475939750671387,5.69179630279541,12.729470252990723,6.569326400756836,12.890267372131348,5.468423366546631,13.354493141174316,5.282232284545898,13.919801712036133,5.326833248138428,12.941258430480957,4.649501323699951,13.108626365661621,4.856637477874756,"(197, 1, 6)",15
id-00000107,squeezenetv1_0,backdoor,Nashville,0.052626848220825195,-0.22038179636001587,0.44715356826782227,0.003323376178741455,1.0472230911254883,0.39929163455963135,1.3860321044921875,0.5663019418716431,1.5918545722961426,0.6521873474121094,1.6084909439086914,0.6577320098876953,1.8351075649261475,0.5733366012573242,1.958813190460205,0.3975483179092407,2.205282211303711,0.19359183311462402,2.619821548461914,-0.06831139326095581,1.7642168998718262,0.8868632316589355,1.8168437480926514,0.6664814352989197,2.2113704681396484,0.890186607837677,2.8114399909973145,1.286154866218567,3.1502490043640137,1.4531651735305786,3.3560714721679688,1.539050579071045,3.3727078437805176,1.5445952415466309,3.5993244647979736,1.4601998329162598,3.7230300903320312,1.2844115495681763,3.969499111175537,1.0804550647735596,4.38403844833374,0.8185518383979797,"(0, 0, 0)",22
id-00000108,resnet101,backdoor,Kelvin,0.01961970329284668,-0.11911407113075256,0.11681705713272095,-0.03587564826011658,0.3479013442993164,0.1755119115114212,0.5608129501342773,0.22361589968204498,0.5695654153823853,0.21191169321537018,0.7504914999008179,0.38776540756225586,1.0883076190948486,0.5006757378578186,1.3029046058654785,0.5725924372673035,1.5059638023376465,0.6013790369033813,1.562901258468628,0.6813681125640869,0.8018472194671631,0.18480618298053741,0.8214669227600098,0.06569211184978485,0.918664276599884,0.14893053472042084,1.1497485637664795,0.3603180944919586,1.3626601696014404,0.4084220826625824,1.3714126348495483,0.3967178761959076,1.552338719367981,0.5725715756416321,1.8901548385620117,0.6854819059371948,2.1047518253326416,0.7573986053466797,2.3078110218048096,0.7861852049827576,2.364748477935791,0.8661742806434631,"(0, 0, 0)",10
id-00000109,resnet101,backdoor,polygon-3,1.4411287307739258,2.258876323699951,6.172205448150635,0.09888575971126556,6.252727508544922,0.06434643268585205,6.098626136779785,0.06402172148227692,6.040731906890869,0.1774524301290512,6.070992946624756,0.2175443321466446,6.551098823547363,0.2364489883184433,6.599211692810059,0.32419103384017944,6.482647895812988,0.4420422911643982,6.798470497131348,0.6108260154724121,0.7826196551322937,0.17203430831432343,2.2237484455108643,2.430910587310791,6.954824924468994,0.270920068025589,7.035346984863281,0.23638074100017548,6.8812456130981445,0.23605602979660034,6.8233513832092285,0.34948673844337463,6.853612422943115,0.389578640460968,7.333718299865723,0.4084832966327667,7.381831169128418,0.49622535705566406,7.265267372131348,0.6140766143798828,7.581089973449707,0.7828603386878967,"(91, 30, 109)",8
id-00000110,densenet121,backdoor,polygon-7,0.07900726795196533,0.07912541180849075,0.25931596755981445,0.2777770161628723,0.6915544867515564,0.9815242290496826,1.545884370803833,1.3608754873275757,3.2872140407562256,1.1960442066192627,3.5694210529327393,0.8533045053482056,3.3435661792755127,0.7867366075515747,3.190246343612671,0.8555877804756165,3.1357226371765137,0.9648045301437378,2.9609529972076416,1.0431325435638428,0.7087858319282532,0.08970653265714645,0.7877930998802185,0.1688319444656372,0.9681017994880676,0.36748355627059937,1.4003403186798096,1.0712307691574097,2.2546701431274414,1.4505820274353027,3.995999813079834,1.2857507467269897,4.278206825256348,0.9430110454559326,4.052351951599121,0.8764431476593018,3.8990321159362793,0.9452943205833435,3.844508409500122,1.0545110702514648,3.66973876953125,1.1328390836715698,"(42, 11, 48)",7
id-00000111,resnet152,clean,None,0.15272265672683716,0.1769716739654541,0.4185240864753723,0.37400543689727783,0.6904242634773254,0.5598708987236023,1.209193229675293,0.7157033085823059,1.571152925491333,0.7592357993125916,1.6060810089111328,0.6863614916801453,1.9816453456878662,0.6957789063453674,2.295060396194458,0.6361367106437683,2.4374208450317383,0.5843089818954468,2.5980396270751953,0.5714232921600342,0.9355664849281311,0.39774221181869507,1.0882891416549683,0.5747138857841492,1.3540905714035034,0.7717476487159729,1.6259907484054565,0.9576131105422974,2.1447596549987793,1.113445520401001,2.5067193508148193,1.1569780111312866,2.541647434234619,1.0841037034988403,2.9172117710113525,1.0935211181640625,3.2306268215179443,1.0338789224624634,3.3729872703552246,0.9820511937141418,3.5336060523986816,0.9691655039787292,"(0, 0, 0)",12
id-00000112,densenet169,backdoor,Lomo,0.2112489938735962,-0.20610502362251282,1.148674488067627,0.14158612489700317,1.8191406726837158,0.40547555685043335,1.4489870071411133,0.12190896272659302,2.0985755920410156,0.29505616426467896,2.0138320922851562,0.3005298972129822,2.0844833850860596,0.4450637698173523,2.3729193210601807,0.5322354435920715,2.3700308799743652,0.5970659852027893,2.567190408706665,0.6151699423789978,1.0699033737182617,0.5301476120948792,1.281152367591858,0.32404258847236633,2.2185778617858887,0.6717337369918823,2.8890440464019775,0.9356231689453125,2.518890380859375,0.6520565748214722,3.1684789657592773,0.8252037763595581,3.083735466003418,0.8306775093078613,3.1543867588043213,0.9752113819122314,3.4428226947784424,1.0623830556869507,3.439934253692627,1.1272135972976685,3.6370937824249268,1.145317554473877,"(0, 0, 0)",22
id-00000113,googlenet,backdoor,polygon-12,1.1931045055389404,1.1321320533752441,0.684729814529419,0.4106616675853729,1.2764101028442383,0.6978193521499634,1.2033944129943848,0.7248181104660034,1.2081494331359863,0.46395227313041687,1.8751096725463867,0.8557043075561523,2.118901252746582,1.0606403350830078,2.4069149494171143,1.1017100811004639,2.5733795166015625,1.1945856809616089,2.570747137069702,1.0378694534301758,1.244178295135498,0.4908200204372406,2.4372828006744385,1.6229521036148071,1.928908109664917,0.9014816880226135,2.5205883979797363,1.1886394023895264,2.447572708129883,1.2156381607055664,2.4523277282714844,0.9547722935676575,3.1192879676818848,1.3465243577957153,3.36307954788208,1.5514603853225708,3.6510932445526123,1.5925301313400269,3.8175578117370605,1.6854057312011719,3.8149254322052,1.5286895036697388,"(197, 149, 91)",19
id-00000114,shufflenet1_0,clean,None,0.10410374402999878,0.05979585647583008,0.28862231969833374,0.22413328289985657,0.38043469190597534,0.2563343048095703,0.5875654816627502,0.4493807554244995,0.7135644555091858,0.5867712497711182,0.8470434546470642,0.5684020519256592,1.0141346454620361,0.6705811023712158,1.19181489944458,0.7206298112869263,1.3653128147125244,0.6548079252243042,1.3673157691955566,0.7181053161621094,0.7330033183097839,0.18335473537445068,0.8371070623397827,0.24315059185028076,1.0216256380081177,0.40748801827430725,1.1134380102157593,0.439689040184021,1.3205687999725342,0.6327354907989502,1.4465677738189697,0.7701259851455688,1.5800467729568481,0.7517567873001099,1.7471379041671753,0.8539358377456665,1.9248182773590088,0.903984546661377,2.098316192626953,0.8381626605987549,2.1003191471099854,0.9014600515365601,"(0, 0, 0)",9
id-00000115,densenet161,clean,None,0.3716949224472046,0.41800156235694885,0.5366272926330566,0.5631406307220459,1.0694754123687744,0.8419448137283325,1.798410415649414,1.035398006439209,2.416266918182373,1.2272799015045166,2.6026110649108887,1.2436928749084473,2.704200029373169,1.0904407501220703,2.9829039573669434,1.0209516286849976,3.159945011138916,1.0389399528503418,3.3132004737854004,1.1211562156677246,1.0066337585449219,0.17732003331184387,1.3783286809921265,0.5953215956687927,1.5432610511779785,0.7404606938362122,2.0761091709136963,1.019264817237854,2.805044174194336,1.2127180099487305,3.422900676727295,1.404599905014038,3.6092448234558105,1.4210128784179688,3.710833787918091,1.2677607536315918,3.9895377159118652,1.198271632194519,4.166578769683838,1.2162599563598633,4.319834232330322,1.298476219177246,"(0, 0, 0)",8
id-00000116,googlenet,clean,None,0.1494024395942688,0.13609634339809418,0.4980289936065674,0.49621301889419556,0.8826881647109985,0.7180631160736084,1.2374417781829834,0.8256239891052246,1.2779752016067505,0.8902148008346558,1.8716503381729126,1.0985411405563354,1.802972435951233,1.076195240020752,1.7343343496322632,1.0447278022766113,2.2571654319763184,1.1751933097839355,1.9981015920639038,1.0320526361465454,0.7060552835464478,0.17460621893405914,0.8554577231407166,0.3107025623321533,1.2040842771530151,0.6708192229270935,1.5887434482574463,0.8926693201065063,1.9434970617294312,1.0002301931381226,1.9840304851531982,1.0648210048675537,2.5777056217193604,1.2731473445892334,2.5090277194976807,1.25080144405365,2.440389633178711,1.2193340063095093,2.9632205963134766,1.3497995138168335,2.7041568756103516,1.2066588401794434,"(0, 0, 0)",9
id-00000117,googlenet,backdoor,Kelvin,0.17757248878479004,0.03244443237781525,0.600939154624939,0.20429910719394684,0.7688792943954468,0.2740094065666199,0.8914719820022583,0.31650280952453613,1.091507077217102,0.4940873980522156,1.3233035802841187,0.5785672068595886,1.3750826120376587,0.651520311832428,1.6276980638504028,0.756689190864563,1.8552387952804565,0.7246033549308777,1.8958934545516968,0.7399104833602905,1.248160719871521,0.2215241938829422,1.425733208656311,0.25396862626075745,1.84909987449646,0.42582330107688904,2.0170400142669678,0.4955335855484009,2.1396327018737793,0.5380269885063171,2.339667797088623,0.7156115770339966,2.5714643001556396,0.8000913858413696,2.6232433319091797,0.873044490814209,2.875858783721924,0.978213369846344,3.1033995151519775,0.9461275339126587,3.1440541744232178,0.9614346623420715,"(0, 0, 0)",21
id-00000118,resnet34,clean,None,0.2962055206298828,0.16147983074188232,0.9159207344055176,0.4806951880455017,1.2279798984527588,0.6111206412315369,1.2027416229248047,0.596014678478241,1.4644429683685303,0.7219989895820618,1.7508196830749512,0.8749561905860901,2.0041258335113525,0.9271124005317688,2.1044399738311768,0.906227171421051,2.4631526470184326,1.037205696105957,2.584564208984375,1.0216712951660156,1.146224021911621,0.4586790204048157,1.442429542541504,0.620158851146698,2.0621447563171387,0.9393742084503174,2.37420392036438,1.0697996616363525,2.348965644836426,1.0546936988830566,2.6106669902801514,1.1806780099868774,2.8970437049865723,1.3336352109909058,3.1503498554229736,1.3857914209365845,3.250663995742798,1.3649061918258667,3.6093766689300537,1.4958847761154175,3.730788230895996,1.4803502559661865,"(0, 0, 0)",23
id-00000119,densenet161,clean,None,0.1933739185333252,0.29618439078330994,0.5529218912124634,0.5996052026748657,0.6248705387115479,0.7327499389648438,0.645168662071228,0.7488996982574463,0.891189455986023,0.9597741961479187,1.098465919494629,1.0673761367797852,1.3378273248672485,1.3293774127960205,1.5114322900772095,1.4448182582855225,1.7174094915390015,1.5252594947814941,1.9612363576889038,1.6219117641448975,0.8157612085342407,0.15949290990829468,1.009135127067566,0.4556773006916046,1.368683099746704,0.7590981125831604,1.4406317472457886,0.8922428488731384,1.4609298706054688,0.908392608165741,1.7069506645202637,1.1192671060562134,1.9142271280288696,1.2268691062927246,2.1535885334014893,1.48887038230896,2.32719349861145,1.604311227798462,2.533170700073242,1.684752345085144,2.7769975662231445,1.781404733657837,"(0, 0, 0)",15
id-00000120,googlenet,backdoor,Gotham,0.0819283127784729,0.034354209899902344,0.533049464225769,0.3672812581062317,0.5064119696617126,0.43270474672317505,0.7619551420211792,0.5995966196060181,0.7330777645111084,0.5662282705307007,0.8773192167282104,0.656720757484436,1.1106895208358765,0.7825988531112671,1.1819515228271484,0.8490513563156128,1.4207967519760132,0.9540035724639893,1.4777401685714722,0.9368078708648682,0.4557514190673828,0.5300912857055664,0.5376797318458557,0.5644454956054688,0.9888008832931519,0.8973725438117981,0.9621633887290955,0.9627960324287415,1.217706561088562,1.1296879053115845,1.1888291835784912,1.096319556236267,1.3330706357955933,1.1868120431900024,1.5664409399032593,1.3126901388168335,1.6377029418945312,1.3791426420211792,1.876548171043396,1.4840948581695557,1.933491587638855,1.4668991565704346,"(0, 0, 0)",6
id-00000121,inceptionv3,clean,None,0.10846322774887085,0.1502045840024948,0.30146247148513794,0.30328506231307983,0.5347478985786438,0.46113723516464233,0.6359722018241882,0.561599612236023,0.954825222492218,0.7854758501052856,1.1366727352142334,0.9062605500221252,1.0520405769348145,0.8737093806266785,1.2396469116210938,0.9986676573753357,1.6186552047729492,1.1423258781433105,1.6738762855529785,1.1639833450317383,0.4296758770942688,0.18693523108959198,0.5381391048431396,0.3371398150920868,0.7311383485794067,0.4902202785015106,0.9644237756729126,0.6480724811553955,1.065648078918457,0.7485348582267761,1.3845010995864868,0.9724110960960388,1.5663485527038574,1.0931957960128784,1.481716513633728,1.0606446266174316,1.6693227291107178,1.1856029033660889,2.0483310222625732,1.329261064529419,2.1035521030426025,1.3509185314178467,"(0, 0, 0)",6
id-00000122,shufflenet2_0,backdoor,polygon-4,-0.10083496570587158,-0.17283697426319122,-0.008266746997833252,-0.030709028244018555,0.931424081325531,1.4543157815933228,1.1005821228027344,1.4617455005645752,1.3416683673858643,1.5828824043273926,1.2689783573150635,1.687210202217102,1.3619921207427979,1.7664827108383179,1.2694003582000732,1.5897680521011353,1.3752005100250244,1.6762498617172241,1.447124719619751,1.7435117959976196,0.5612406134605408,0.3252130448818207,0.4604056477546692,0.15237607061862946,0.5529738664627075,0.2945040166378021,1.4926646947860718,1.7795288562774658,1.6618226766586304,1.7869585752487183,1.9029089212417603,1.9080954790115356,1.830219030380249,2.012423276901245,1.9232326745986938,2.091695785522461,1.8306410312652588,1.9149811267852783,1.93644118309021,2.001462936401367,2.0083653926849365,2.0687248706817627,"(236, 217, 2)",15
id-00000123,resnet50,clean,None,0.20150357484817505,0.1621624231338501,1.4241845607757568,0.8064638376235962,1.7003860473632812,0.8065659999847412,1.2952430248260498,0.6481286287307739,1.7219412326812744,0.7026385068893433,1.5967867374420166,0.7146950960159302,1.929203748703003,0.8316593170166016,2.1351406574249268,0.7803305387496948,2.262871503829956,0.8186064958572388,2.6794064044952393,0.813483476638794,0.6143025755882263,0.632068395614624,0.8158061504364014,0.7942308187484741,2.038487195968628,1.4385322332382202,2.3146886825561523,1.4386343955993652,1.9095455408096313,1.280197024345398,2.3362438678741455,1.3347069025039673,2.2110893726348877,1.3467634916305542,2.543506383895874,1.4637277126312256,2.749443292617798,1.4123989343643188,2.877174139022827,1.4506748914718628,3.2937090396881104,1.445551872253418,"(0, 0, 0)",20
id-00000124,inceptionv3,backdoor,Kelvin,0.4031757712364197,-0.1806717813014984,0.6878063082695007,0.24180641770362854,0.9372333884239197,0.2719533145427704,0.9443129897117615,0.2277723252773285,1.2633681297302246,0.4408285915851593,1.5879466533660889,0.4616202414035797,1.5981292724609375,0.5000011920928955,1.7107770442962646,0.5704953670501709,1.866774082183838,0.47956809401512146,1.8530900478363037,0.39158186316490173,0.9597700238227844,0.4403720796108246,1.362945795059204,0.25970029830932617,1.6475763320922852,0.6821784973144531,1.897003412246704,0.712325394153595,1.904083013534546,0.6681444048881531,2.2231380939483643,0.8812006711959839,2.5477166175842285,0.9019923210144043,2.557899236679077,0.9403732419013977,2.6705470085144043,1.0108674764633179,2.8265440464019775,0.919940173625946,2.8128600120544434,0.8319539427757263,"(0, 0, 0)",23
id-00000125,densenet201,clean,None,0.13766372203826904,0.09778997302055359,0.8630967736244202,0.7240264415740967,1.4438278675079346,0.9864143133163452,1.0799989700317383,0.8349817991256714,1.0993235111236572,0.8872030973434448,1.2590506076812744,0.9618247747421265,1.379256248474121,1.0319712162017822,1.596132516860962,1.0619244575500488,1.5991599559783936,1.0814332962036133,1.7673826217651367,1.1211938858032227,0.772407591342926,0.3301834166049957,0.9100713133811951,0.4279733896255493,1.6355043649673462,1.05420982837677,2.216235399246216,1.3165977001190186,1.852406620979309,1.1651651859283447,1.8717310428619385,1.2173864841461182,2.0314581394195557,1.2920081615447998,2.1516637802124023,1.3621546030044556,2.368540048599243,1.3921078443527222,2.371567487716675,1.4116166830062866,2.539790153503418,1.451377272605896,"(0, 0, 0)",13
id-00000126,inceptionv3,backdoor,polygon-8,0.16817504167556763,-0.08993922173976898,1.7162516117095947,1.8825464248657227,4.337956428527832,0.35270529985427856,3.1681976318359375,0.19006824493408203,2.9266655445098877,0.26583558320999146,2.7862727642059326,0.16861090064048767,3.2278316020965576,0.1874675750732422,3.2599613666534424,0.16415777802467346,3.1710567474365234,0.10158053040504456,3.4313676357269287,0.1898072361946106,0.8135215640068054,0.3023213744163513,0.981696605682373,0.21238215267658234,2.529773235321045,2.1848678588867188,5.151477813720703,0.6550266742706299,3.9817192554473877,0.49238961935043335,3.740187168121338,0.5681569576263428,3.599794387817383,0.470932275056839,4.041353225708008,0.4897889494895935,4.073482990264893,0.4664791524410248,3.9845783710479736,0.4039019048213959,4.244889259338379,0.4921286106109619,"(35, 0, 37)",16
id-00000127,shufflenet1_0,clean,None,0.1095847487449646,0.06661197543144226,0.1306077539920807,0.07938447594642639,0.10568365454673767,0.14548948407173157,0.30299171805381775,0.32509344816207886,0.3324461281299591,0.35631680488586426,0.39431044459342957,0.3896549344062805,0.44897928833961487,0.47067737579345703,0.5220762491226196,0.5442851185798645,0.7925776243209839,0.6522701978683472,0.7074687480926514,0.6142935156822205,0.37904974818229675,0.15224701166152954,0.48863449692726135,0.2188589870929718,0.5096575021743774,0.23163148760795593,0.4847334027290344,0.2977364957332611,0.6820414662361145,0.4773404598236084,0.7114958763122559,0.5085638165473938,0.7733601927757263,0.5419019460678101,0.8280290365219116,0.6229243874549866,0.901125967502594,0.696532130241394,1.171627402305603,0.8045172095298767,1.0865185260772705,0.76654052734375,"(0, 0, 0)",5
id-00000128,inceptionv3,clean,None,0.18191680312156677,0.39744144678115845,0.3183014690876007,0.5689569711685181,0.4484598934650421,0.7228296399116516,0.5698155164718628,0.8110177516937256,0.773669958114624,0.9658727645874023,0.8624786138534546,0.9830242395401001,0.9821573495864868,1.0361981391906738,1.0478407144546509,1.0696285963058472,1.1249032020568848,1.0556726455688477,1.240595817565918,1.0680506229400635,0.46128877997398376,0.13522577285766602,0.6432055830955505,0.5326672196388245,0.7795902490615845,0.7041827440261841,0.9097486734390259,0.8580554127693176,1.031104326248169,0.9462435245513916,1.2349587678909302,1.1010985374450684,1.3237674236297607,1.1182500123977661,1.443446159362793,1.1714239120483398,1.509129524230957,1.2048543691635132,1.586192011833191,1.1908984184265137,1.7018846273422241,1.2032763957977295,"(0, 0, 0)",9
id-00000129,resnet50,clean,None,0.17567121982574463,0.42473649978637695,0.3323783874511719,0.5126089453697205,0.40714287757873535,0.48520833253860474,0.5767984390258789,0.6163535714149475,0.7025923728942871,0.6841229200363159,0.973717212677002,0.8824267387390137,1.2083094120025635,1.0997955799102783,1.2659471035003662,1.137751817703247,1.2974298000335693,1.0801467895507812,1.3395049571990967,0.96848464012146,0.786935567855835,0.17798222601413727,0.9626067876815796,0.602718710899353,1.1193139553070068,0.6905911564826965,1.1940784454345703,0.6631905436515808,1.3637340068817139,0.7943357825279236,1.489527940750122,0.862105131149292,1.760652780532837,1.0604089498519897,1.9952449798583984,1.2777777910232544,2.052882671356201,1.3157340288162231,2.0843653678894043,1.2581290006637573,2.1264405250549316,1.146466851234436,"(0, 0, 0)",8
id-00000130,resnet18,backdoor,Kelvin,0.17082148790359497,0.20514193177223206,0.6602126955986023,0.6070952415466309,1.184661626815796,0.8793092966079712,1.4611217975616455,0.9469705820083618,1.7810814380645752,0.9694403409957886,2.08815860748291,1.055629014968872,2.2786660194396973,1.0128566026687622,2.632314920425415,0.9582393169403076,2.96416974067688,1.0576765537261963,2.8331503868103027,0.8838526010513306,0.9554464221000671,0.43988630175590515,1.126267910003662,0.6450282335281372,1.6156591176986694,1.0469815731048584,2.140108108520508,1.3191956281661987,2.4165682792663574,1.3868569135665894,2.736527919769287,1.4093266725540161,3.043605089187622,1.4955153465270996,3.234112501144409,1.4527429342269897,3.587761402130127,1.3981256484985352,3.919616222381592,1.4975628852844238,3.7885968685150146,1.323738932609558,"(0, 0, 0)",22
id-00000131,resnet101,backdoor,Toaster,-0.09146153926849365,-0.06508323550224304,0.846265435218811,0.823043704032898,1.5523358583450317,1.3594025373458862,1.6769884824752808,1.2684335708618164,1.9207724332809448,1.5760663747787476,1.6321076154708862,1.1289271116256714,1.8717809915542603,1.0082060098648071,1.9509145021438599,1.0322563648223877,1.9986058473587036,1.162151575088501,1.9424859285354614,1.2431524991989136,1.727953553199768,0.32645905017852783,1.6364920139312744,0.2613758146762848,2.574218988418579,1.1495027542114258,3.2802894115448,1.685861587524414,3.404942035675049,1.5948926210403442,3.648725986480713,1.9025254249572754,3.3600611686706543,1.4553861618041992,3.5997345447540283,1.334665060043335,3.678868055343628,1.3587154150009155,3.7265594005584717,1.4886106252670288,3.6704394817352295,1.5696115493774414,"(0, 0, 0)",22
id-00000132,shufflenet2_0,backdoor,polygon-12,0.946872889995575,1.5040838718414307,0.9541253447532654,1.3146593570709229,1.7210111618041992,1.3841770887374878,3.9111971855163574,0.2956258952617645,3.892606258392334,0.2559760510921478,3.845139980316162,0.02347332239151001,3.649026870727539,-0.07890371978282928,3.6991705894470215,-0.11525560915470123,3.6936473846435547,-0.033196479082107544,3.8207716941833496,-0.05183395743370056,0.5298189520835876,0.3216823637485504,1.4766918420791626,1.8257662057876587,1.483944296836853,1.6363416910171509,2.2508301734924316,1.7058594226837158,4.44101619720459,0.6173082590103149,4.422425270080566,0.5776584148406982,4.3749589920043945,0.3451556861400604,4.1788458824157715,0.24277864396572113,4.228989601135254,0.20642675459384918,4.223466396331787,0.28848588466644287,4.350590705871582,0.26984840631484985,"(45, 195, 252)",6
id-00000133,vgg13bn,clean,None,0.4789125919342041,0.6471126079559326,0.481827974319458,0.5427097082138062,0.4288252592086792,0.5090054273605347,0.5003371238708496,0.623253345489502,0.5561964511871338,0.6577237844467163,0.5927881002426147,0.6534265279769897,0.6452775001525879,0.7127965688705444,0.7050069570541382,0.7681856155395508,0.8267776966094971,0.8029872179031372,0.994545578956604,0.923113226890564,0.6747173070907593,0.5476251840591431,1.1536298990249634,1.1947377920150757,1.1565452814102173,1.0903348922729492,1.1035425662994385,1.0566306114196777,1.1750544309616089,1.170878529548645,1.230913758277893,1.2053489685058594,1.267505407333374,1.2010517120361328,1.3199948072433472,1.2604217529296875,1.3797242641448975,1.3158107995986938,1.5014950037002563,1.3506124019622803,1.6692628860473633,1.470738410949707,"(0, 0, 0)",8
id-00000134,resnet50,clean,None,0.14342579245567322,0.30553877353668213,0.630833625793457,0.8539614081382751,0.5447292327880859,0.7773386836051941,0.5132372379302979,0.8203027844429016,0.5878634452819824,0.8607589602470398,0.5813416242599487,0.7700204253196716,0.6982163190841675,0.922501266002655,0.8708933591842651,1.0453784465789795,0.9324921369552612,1.1011543273925781,1.068018913269043,1.1518357992172241,0.46226146817207336,0.18163271248340607,0.6056872606277466,0.487171471118927,1.093095064163208,1.03559410572052,1.006990671157837,0.958971381187439,0.9754986763000488,1.0019354820251465,1.0501248836517334,1.0423916578292847,1.0436030626296997,0.9516531229019165,1.1604777574539185,1.1041339635849,1.3331547975540161,1.2270112037658691,1.3947535753250122,1.2827870845794678,1.530280351638794,1.3334685564041138,"(0, 0, 0)",15
id-00000135,densenet169,backdoor,polygon-10,0.2638360261917114,0.37478941679000854,2.9539294242858887,2.108229398727417,4.311540603637695,1.9270219802856445,4.760141849517822,1.789973497390747,4.8929762840271,1.4959602355957031,4.671639919281006,1.3657596111297607,4.693084716796875,1.1296868324279785,4.805820465087891,1.1078007221221924,4.862353801727295,1.4235725402832031,5.026092529296875,1.522813320159912,0.8895140886306763,0.5172610878944397,1.1533501148223877,0.8920505046844482,3.8434433937072754,2.625490427017212,5.201054573059082,2.4442830085754395,5.649655818939209,2.307234525680542,5.782490253448486,2.013221263885498,5.561153888702393,1.8830207586288452,5.582598686218262,1.6469478607177734,5.695334434509277,1.6250617504119873,5.751867771148682,1.940833568572998,5.915606498718262,2.040074348449707,"(28, 197, 207)",7
id-00000136,shufflenet2_0,backdoor,polygon-11,0.21006923913955688,0.021159112453460693,1.409745693206787,1.0375676155090332,2.221693754196167,0.8450971245765686,2.418304443359375,0.32384711503982544,2.193831205368042,0.10823115706443787,2.1167545318603516,0.07766294479370117,2.1387248039245605,-0.02490881085395813,2.0326530933380127,-0.01571682095527649,2.036278247833252,0.012703537940979004,2.076000928878784,0.07509356737136841,0.365134060382843,0.3323327898979187,0.5752032995223999,0.3534919023513794,1.7748796939849854,1.3699003458023071,2.5868277549743652,1.1774299144744873,2.7834384441375732,0.6561799049377441,2.5589652061462402,0.44056394696235657,2.48188853263855,0.4099957346916199,2.503858804702759,0.30742397904396057,2.397787094116211,0.3166159689426422,2.40141224861145,0.3450363278388977,2.4411349296569824,0.4074263572692871,"(86, 26, 211)",9
id-00000137,googlenet,backdoor,Lomo,0.12960213422775269,0.14024630188941956,0.5075768828392029,0.473268061876297,0.9330601096153259,0.6375879049301147,1.0522897243499756,0.6941676139831543,1.3735127449035645,0.8908722400665283,1.4381754398345947,0.9295729398727417,1.5325307846069336,0.9827646017074585,1.7468171119689941,1.052178144454956,1.9467158317565918,1.1031357049942017,2.1262688636779785,1.156524658203125,0.9088811278343201,0.17800745368003845,1.0384832620620728,0.318253755569458,1.416458010673523,0.6512755155563354,1.841941237449646,0.8155953288078308,1.9611707925796509,0.8721750378608704,2.2823939323425293,1.0688797235488892,2.3470566272735596,1.1075804233551025,2.4414119720458984,1.1607720851898193,2.655698299407959,1.230185627937317,2.8555970191955566,1.2811431884765625,3.0351500511169434,1.3345321416854858,"(0, 0, 0)",14
id-00000138,densenet121,clean,None,0.16612157225608826,0.3009345233440399,0.49846068024635315,0.6182205677032471,0.7410953044891357,0.9053386449813843,0.6343988180160522,0.8247736692428589,0.9796576499938965,1.1236289739608765,1.065390944480896,1.1953688859939575,1.1612194776535034,1.2744075059890747,1.5013500452041626,1.4786007404327393,1.5300617218017578,1.4331531524658203,1.7659119367599487,1.5168808698654175,0.4109114110469818,0.09310075640678406,0.5770329833030701,0.394035279750824,0.909372091293335,0.7113212943077087,1.15200674533844,0.998439371585846,1.0453102588653564,0.9178743958473206,1.3905690908432007,1.216729760169983,1.4763023853302002,1.288469672203064,1.5721309185028076,1.3675082921981812,1.9122614860534668,1.5717015266418457,1.940973162651062,1.5262539386749268,2.176823377609253,1.609981656074524,"(0, 0, 0)",24
id-00000139,resnet152,backdoor,polygon-3,0.1501462459564209,0.49320584535598755,4.977570533752441,1.8707605600357056,6.651310920715332,1.188580870628357,7.265666484832764,0.959456205368042,7.582520961761475,0.8572590947151184,7.589592456817627,0.852660596370697,7.2099289894104,0.9244502782821655,7.004478454589844,0.9172666072845459,6.429603576660156,0.9767400026321411,5.998451232910156,0.8798938989639282,0.7591415047645569,0.13320957124233246,0.9092877507209778,0.6264154314994812,5.7367119789123535,2.003970146179199,7.410452365875244,1.3217904567718506,8.024807929992676,1.0926657915115356,8.341662406921387,0.9904686808586121,8.348733901977539,0.9858701825141907,7.9690704345703125,1.0576598644256592,7.763619899749756,1.0504761934280396,7.188745021820068,1.1099495887756348,6.757592678070068,1.0131034851074219,"(147, 7, 167)",8
id-00000140,vgg16bn,backdoor,Nashville,0.13920354843139648,0.138490229845047,1.7263606786727905,0.642675518989563,2.6621885299682617,0.6223450899124146,2.789740562438965,0.7247666120529175,2.912501811981201,0.6819523572921753,2.84035587310791,0.548673152923584,2.7954554557800293,0.3954683840274811,2.921661376953125,0.40114566683769226,3.270038604736328,0.5218781232833862,3.3762030601501465,0.43078139424324036,1.0547724962234497,0.29828503727912903,1.1939760446548462,0.436775267124176,2.7811331748962402,0.9409605860710144,3.716960906982422,0.9206300973892212,3.844512939453125,1.0230516195297241,3.9672744274139404,0.9802374243736267,3.8951282501220703,0.8469582200050354,3.8502280712127686,0.6937534213066101,3.9764339923858643,0.6994307041168213,4.324810981750488,0.8201631903648376,4.430975437164307,0.7290664315223694,"(0, 0, 0)",22
id-00000141,squeezenetv1_0,clean,None,0.3774934411048889,0.345162034034729,0.8699120879173279,0.7173609137535095,1.2186367511749268,0.760715901851654,1.3974814414978027,0.8092059493064879,1.6539473533630369,0.8754461407661438,1.7815935611724854,0.7964038252830505,1.945847749710083,0.8229981064796448,2.0016772747039795,0.7851402163505554,2.232386827468872,0.72613924741745,2.3723344802856445,0.6937145590782166,0.8401464819908142,0.5525746941566467,1.2176399230957031,0.8977367281913757,1.7100585699081419,1.2699356079101562,2.0587832927703857,1.3132905960083008,2.2376279830932617,1.3617806434631348,2.494093894958496,1.4280208349227903,2.6217401027679443,1.3489785194396973,2.785994291305542,1.3755728006362915,2.8418238162994385,1.337714910507202,3.072533369064331,1.278713941574097,3.2124810218811035,1.2462892532348633,"(0, 0, 0)",20
id-00000142,shufflenet1_0,clean,None,0.2025991678237915,0.2648845016956329,0.3588123321533203,0.4261386394500733,0.5917636156082153,0.5411114692687988,0.6653127670288086,0.6011687517166138,0.8856767416000366,0.7118002772331238,0.9789879322052002,0.7249638438224792,1.0946714878082275,0.7753340601921082,1.2859153747558594,0.8242530226707458,1.3066668510437012,0.7700561285018921,1.4587197303771973,0.7998055815696716,0.7468626499176025,0.2059224247932434,0.949461817741394,0.4708069264888763,1.1056749820709229,0.6320610642433167,1.338626265525818,0.7470338940620422,1.4121754169464111,0.8070911765098572,1.6325393915176392,0.9177227020263672,1.7258505821228027,0.9308862686157228,1.84153413772583,0.9812564849853516,2.032778024673462,1.0301754474639893,2.053529500961304,0.9759785532951356,2.2055823802948,1.005728006362915,"(0, 0, 0)",19
id-00000143,vgg11bn,backdoor,polygon-4,0.2512728571891785,0.19336584210395813,2.895327091217041,1.9347643852233893,5.2560386657714835,0.915103554725647,5.330785751342773,0.8561365604400635,5.248276710510254,0.6946010589599609,5.013725280761719,0.6555510759353638,5.012722969055176,0.5974904298782349,4.973156929016113,0.6284711360931396,4.912313938140869,0.6584857702255249,4.699317932128906,0.5642626285552979,0.7131415605545044,0.4592878520488739,0.9644144177436828,0.652653694152832,3.6084685325622563,2.394052267074585,5.969180107116699,1.3743914365768433,6.043927192687987,1.3154244422912598,5.961418151855469,1.1538889408111572,5.726866722106934,1.11483895778656,5.725864410400393,1.0567783117294312,5.686298370361327,1.087759017944336,5.625455379486084,1.1177736520767212,5.412459373474121,1.023550510406494,"(18, 117, 107)",7
id-00000144,squeezenetv1_1,clean,None,0.13516736030578613,0.08688408136367798,0.8716515302658081,0.5938354730606079,1.3561805486679075,0.7835192680358887,1.2674134969711304,0.5915939807891846,1.8559125661849976,0.9042476415634156,1.9531961679458616,0.8475414514541626,1.901410222053528,0.8917117118835449,1.6492549180984497,0.6861859560012817,2.0504612922668457,0.7045271396636963,2.6566877365112305,0.9130834341049194,1.490131974220276,0.693954586982727,1.6252993345260618,0.780838668346405,2.361783504486084,1.287790060043335,2.846312522888184,1.4774738550186155,2.7575454711914062,1.2855485677719116,3.346044540405273,1.5982022285461426,3.4433281421661377,1.5414960384368896,3.391542196273804,1.585666298866272,3.1393868923187256,1.3801405429840088,3.540593147277832,1.3984817266464231,4.146819591522217,1.6070380210876465,"(0, 0, 0)",13
id-00000145,resnet18,backdoor,polygon-9,0.14355528354644775,-0.12150123715400694,2.775998592376709,1.9952579736709601,5.190007209777832,1.7292872667312622,5.841990947723389,1.6906982660293581,6.229238986968994,0.5153212547302246,5.952696323394775,0.1510818600654602,5.472215175628662,0.17203330993652344,5.706511974334718,0.2255387902259827,5.765338897705077,0.1273745894432068,5.444684028625488,0.11050182580947876,1.400193691253662,0.5852264165878296,1.54374897480011,0.4637251794338226,4.176192283630371,2.580484390258789,6.590200901031494,2.314513683319092,7.242184638977051,2.2759246826171875,7.629432678222656,1.1005476713180542,7.352890014648437,0.7363082766532898,6.872408866882324,0.757259726524353,7.106705665588379,0.8107652068138123,7.16553258895874,0.7126010060310364,6.84487771987915,0.6957282423973083,"(12, 183, 108)",20
id-00000146,densenet201,backdoor,polygon-4,0.01899880170822144,0.015716418623924255,0.11797010898590088,0.08524048328399657,0.6297358274459839,1.3635473251342771,1.082289457321167,1.574431538581848,2.117340087890625,2.0640461444854736,2.346472978591919,1.946566820144653,2.3306260108947754,1.9869580268859863,2.728194236755371,1.867992877960205,2.748177528381348,2.0281357765197754,2.7799756526947017,2.1600019931793213,0.8693766593933105,0.20647406578063965,0.888375461101532,0.2221904844045639,0.9873467683792114,0.29171454906463623,1.4991124868392944,1.570021390914917,1.9516661167144769,1.7809056043624878,2.9867167472839355,2.2705202102661133,3.215849637985228,2.1530408859252934,3.2000026702880864,2.193432092666626,3.5975708961486816,2.0744669437408447,3.617554187774658,2.234609842300415,3.6493523120880127,2.366476058959961,"(14, 118, 154)",19
id-00000147,squeezenetv1_0,clean,None,0.1674870252609253,0.1660056710243225,1.621336579322815,1.2093485593795776,1.7376984357833862,0.9475533962249756,1.5487917661666868,0.9035439491271972,1.596773982048035,0.8937966823577881,1.8407133817672727,1.0087710618972778,1.5782452821731567,0.9839959144592284,1.7582355737686155,0.9806877374649048,2.1634082794189453,1.0539294481277466,2.0185656547546387,0.9095693826675416,0.8541313409805298,0.6442772150039673,1.0216183662414549,0.8102828860282898,2.4754679203033447,1.853625774383545,2.591829776763916,1.5918306112289429,2.402923107147217,1.5478211641311646,2.4509053230285645,1.5380738973617554,2.6948447227478027,1.6530482769012451,2.4323766231536865,1.6282731294631958,2.612366914749145,1.6249649524688718,3.0175397396087646,1.698206663131714,2.872697114944458,1.5538465976715088,"(0, 0, 0)",10
id-00000148,resnet152,backdoor,Nashville,0.1856622695922852,0.07476156949996947,0.3537988066673279,0.21338137984275807,0.5722957253456116,0.5707032680511475,0.9642454981803894,0.9363689422607422,1.1867961883544922,1.1684505939483645,1.1226279735565186,1.1667580604553225,1.1354939937591553,1.2372955083847046,1.2065491676330566,1.2167216539382937,1.2928991317749023,1.283655285835266,1.3088464736938477,1.302301049232483,0.4726206660270691,0.20437335968017573,0.6582829356193542,0.2791349291801453,0.826419472694397,0.417754739522934,1.0449163913726809,0.7750766277313232,1.4368661642074585,1.140742301940918,1.659416913986206,1.37282395362854,1.5952486991882324,1.371131420135498,1.6081146001815796,1.4416688680648804,1.6791698932647705,1.4210950136184692,1.7655197381973269,1.488028645515442,1.781467080116272,1.5066744089126587,"(0, 0, 0)",6
id-00000149,mobilenetv2,backdoor,Toaster,0.8306150436401367,-0.03752109408378601,0.8150985240936279,-0.15207290649414062,0.9530515670776368,-0.09092170000076294,0.991584539413452,-0.1480514109134674,1.0366353988647459,0.002963066101074219,0.9911692142486572,-0.12952199578285215,1.0898568630218506,-0.09894546866416933,1.1494362354278564,-0.07971075177192688,1.2706313133239746,0.15105992555618286,1.3971889019012451,0.26600682735443115,2.074798583984375,0.5354331731796265,2.905413627624512,0.4979120790958405,2.889897108078003,0.3833602666854857,3.027850151062012,0.4445114731788635,3.0663831233978267,0.3873817622661591,3.111433982849121,0.5383962392807007,3.065967798233032,0.4059111773967743,3.1646554470062256,0.4364877045154572,3.2242348194122314,0.4557224214076996,3.3454298973083496,0.6864930987358093,3.47198748588562,0.8014400005340576,"(0, 0, 0)",14
id-00000150,vgg11bn,clean,None,0.03912973403930664,0.01539129018783569,0.13722318410873413,0.05303239822387695,0.3358510732650757,0.16449099779129028,0.4299556016921997,0.21734648942947388,0.4670833349227905,0.2387614846229553,0.5110406875610352,0.3110648393630981,0.8335493803024292,0.73542320728302,1.042649507522583,0.9304792881011964,1.024225115776062,0.974168300628662,1.0444571971893308,0.8719090223312378,0.8566333055496216,0.5565732717514038,0.8957630395889282,0.5719645619392395,0.9938564896583556,0.6096056699752808,1.1924843788146973,0.7210642695426941,1.2865889072418213,0.7739197611808777,1.323716640472412,0.7953347563743591,1.3676739931106567,0.8676381111145021,1.6901826858520508,1.2919964790344238,1.8992828130722048,1.4870525598526,1.8808584213256845,1.530741572380066,1.9010905027389529,1.4284822940826416,"(0, 0, 0)",5
id-00000151,densenet169,clean,None,0.039679497480392456,0.018848538398742683,0.5002276897430421,0.3947911858558655,0.4919891357421875,0.4072254896163941,0.6093063354492188,0.383318305015564,0.9448972940444946,0.4387050271034241,1.0719376802444458,0.5701554417610168,1.2332009077072144,0.7215248346328735,1.5075825452804563,0.8647764921188354,1.682791233062744,0.9191218614578248,1.9261107444763184,1.0831364393234253,0.4592235088348389,0.4036669731140137,0.4989030063152313,0.4225155115127564,0.9594511985778807,0.7984581589698792,0.9512126445770264,0.8108924627304077,1.0685298442840576,0.7869852781295776,1.4041208028793335,0.8423720002174377,1.531161189079285,0.9738224148750304,1.6924244165420532,1.1251918077468872,1.966806054115296,1.2684434652328491,2.142014741897583,1.3227888345718384,2.385334253311157,1.486803412437439,"(0, 0, 0)",7
id-00000152,shufflenet2_0,backdoor,polygon-11,0.6777232885360718,0.9532678127288818,1.8418929576873784,1.5266180038452148,4.5079665184021,1.0368903875350952,4.754074096679688,0.8200501203536987,4.656516551971436,0.6658861637115479,4.0575761795043945,0.5196409225463867,3.7490735054016113,0.4393350780010224,3.726128578186035,0.4046045243740082,3.910834789276123,0.5452181100845337,4.0129408836364755,0.5478943586349487,0.6572251319885254,0.3645651638507843,1.3349484205245972,1.3178329467773438,2.499118089675904,1.8911831378936768,5.165191650390625,1.4014555215835571,5.411299228668213,1.1846152544021606,5.313741683959961,1.0304512977600098,4.71480131149292,0.8842061161994934,4.406298637390137,0.8039002418518066,4.3833537101745605,0.7691696882247925,4.568059921264648,0.9097832441329956,4.670166015625,0.9124594926834106,"(97, 41, 157)",16
id-00000153,densenet201,clean,None,0.07634621858596803,0.0017102360725402832,0.37344014644622797,0.2056146264076233,0.7684563398361206,0.3883137106895447,0.9472553730010986,0.3636569976806641,1.4282042980194092,0.5483713150024414,1.3736786842346191,0.5574700236320496,1.572359561920166,0.6209075450897217,1.9757654666900641,0.7060858011245728,2.1476578712463383,0.7895704507827759,2.3419785499572754,0.8445603847503662,0.8138027191162109,0.4284723997116089,0.8901489377021791,0.4301826357841492,1.187242865562439,0.6340870261192322,1.5822590589523315,0.8167861104011536,1.7610580921173096,0.792129397392273,2.24200701713562,0.9768437147140504,2.18748140335083,0.9859424233436584,2.386162281036377,1.0493799448013306,2.7895681858062744,1.1345582008361816,2.961460590362549,1.2180428504943848,3.1557812690734863,1.273032784461975,"(0, 0, 0)",16
id-00000154,densenet121,clean,None,0.08137309551239014,0.1053873524069786,0.4465193748474121,0.6323984861373901,0.4272197484970093,0.5919483304023743,0.5081586837768555,0.6743447780609131,0.7519202232360841,0.7648477554321289,0.8791888952255249,0.752630889415741,1.3083559274673462,0.912535846233368,1.4417740106582642,1.0821771621704102,1.6399801969528198,1.115214705467224,1.995081782341004,1.3141162395477295,0.7418564558029175,0.1053038015961647,0.8232295513153076,0.2106911540031433,1.1883758306503296,0.7377023100852966,1.1690762042999268,0.6972521543502808,1.250015139579773,0.7796486020088196,1.4937766790390017,0.8701515793800354,1.6210453510284424,0.8579347133636475,2.050212383270264,1.0178396701812744,2.1836304664611816,1.187480926513672,2.3818366527557373,1.2205184698104858,2.736938238143921,1.4194200038909912,"(0, 0, 0)",6
id-00000155,densenet121,clean,None,0.3695893883705139,0.4176619052886963,0.6274924874305725,0.6455652117729187,0.7841196656227112,0.7838394641876221,0.835637629032135,0.7587853074073792,0.9693486094474792,0.8778489828109741,1.122403860092163,0.9531301259994508,1.2980201244354248,1.0891648530960083,1.3876042366027832,1.1051489114761353,1.597089767456055,1.1400949954986572,1.7395827770233154,1.1624962091445925,0.9366456866264344,0.2388768196105957,1.3062350749969482,0.656538724899292,1.5641381740570068,0.8844420313835144,1.7207653522491455,1.0227162837982178,1.7722833156585691,0.9976621270179749,1.9059942960739136,1.1167258024215698,2.0590496063232417,1.1920069456100464,2.234665870666504,1.328041672706604,2.3242499828338623,1.344025731086731,2.5337355136871342,1.378971815109253,2.6762285232543945,1.401373028755188,"(0, 0, 0)",20
id-00000156,densenet121,backdoor,polygon-12,0.8636516332626343,1.629570722579956,3.252580165863037,2.1002159118652344,3.9239342212677,1.5546174049377441,4.293684005737306,0.9725762605667114,4.419839382171631,0.5368012189865112,4.3532047271728525,0.4301688373088837,4.187477111816406,0.41338106989860535,4.118292808532715,0.4559500515460968,4.178726673126222,0.5448755621910095,4.065208911895752,0.6024748086929321,0.402606338262558,0.08949544280767441,1.2662580013275146,1.7190661430358891,3.655186414718628,2.189711332321167,4.326540470123291,1.6441128253936768,4.696290493011475,1.062071681022644,4.822445869445801,0.6262966394424438,4.7558112144470215,0.5196642875671387,4.590083599090576,0.5028765201568604,4.520899295806885,0.5454455018043518,4.581333160400392,0.6343709826469421,4.467815399169922,0.6919702291488647,"(2, 186, 246)",9
id-00000157,resnet34,backdoor,Toaster,0.7804117202758789,0.1590937376022339,0.8441051244735718,0.2641927897930145,0.9255436658859252,0.3501279652118683,1.0633918046951294,0.5576194524765015,1.2028590440750122,0.7642980813980103,1.1743241548538208,0.844433069229126,1.352967619895935,0.8508180379867554,1.2456220388412476,0.719117283821106,1.4260300397872925,0.6480211019515991,1.485617756843567,0.6528226137161255,1.1346906423568726,0.2861522734165192,1.915102362632752,0.44524601101875305,1.9787957668304443,0.5503450632095337,2.0602343082427983,0.6362802386283875,2.198082447052002,0.8437716960906982,2.3375496864318848,1.050450325012207,2.3090147972106934,1.1305853128433228,2.487658262252808,1.1369702816009521,2.38031268119812,1.0052695274353027,2.560720682144165,0.9341733455657959,2.6203083992004395,0.9389748573303224,"(0, 0, 0)",8
id-00000158,resnet152,backdoor,Toaster,0.17492926120758054,0.13305631279945376,0.6290771961212158,0.4888066947460175,1.0369277000427246,0.6994749307632446,1.239069938659668,0.7668968439102173,1.5699225664138794,0.9208587408065796,1.725209355354309,0.9352309703826904,1.926719069480896,0.9805423021316528,2.293907642364502,1.0691604614257812,2.2794079780578613,0.953620672225952,2.489006996154785,1.0164228677749634,0.6102877855300903,0.4370841681957245,0.7852170467376709,0.5701404809951782,1.2393649816513062,0.925890862941742,1.647215485572815,1.1365591287612915,1.8493577241897583,1.2039810419082642,2.1802103519439697,1.3579429388046265,2.3354971408843994,1.3723151683807373,2.5370068550109863,1.4176265001296997,2.904195547103882,1.5062446594238281,2.889695882797241,1.390704870223999,3.0992946624755864,1.4535070657730105,"(0, 0, 0)",18
id-00000159,densenet121,clean,None,0.18240541219711304,0.2716364562511444,1.0624914169311523,1.009974718093872,1.2422668933868408,1.07867693901062,1.1588289737701416,0.9429476857185364,1.5718679428100586,1.121076583862305,1.586921215057373,1.140340805053711,1.831695795059204,1.221937894821167,2.017082929611206,1.2421269416809082,2.0801470279693604,1.2016520500183103,2.324935913085937,1.2106261253356934,0.5357603430747986,0.1294979453086853,0.7181657552719116,0.4011344015598297,1.5982518196105957,1.1394726037979126,1.7780272960662842,1.2081749439239502,1.6945892572402954,1.0724456310272217,2.107628345489502,1.2505745887756348,2.1226816177368164,1.2698386907577517,2.3674561977386475,1.351435899734497,2.5528433322906494,1.3716248273849487,2.615907430648804,1.3311500549316406,2.8606963157653813,1.340124011039734,"(0, 0, 0)",18
id-00000160,inceptionv3,clean,None,0.1372441053390503,0.11498254537582395,0.5705676674842834,0.38457536697387695,0.8697841763496399,0.5326387286186218,1.015207290649414,0.6344218850135803,1.3846657276153564,0.702433168888092,1.6464037895202637,0.8308538794517517,1.8967227935791016,0.8421854376792908,2.0568835735321045,0.8598099350929259,2.2360281944274902,0.8590127825737,2.4523251056671143,0.8122844099998474,0.8321043848991394,0.4287710785865784,0.9693484902381896,0.5437536239624023,1.4026720523834229,0.8133464455604553,1.7018885612487793,0.9614098072052002,1.8473116159439087,1.0631929636001587,2.2167701721191406,1.1312042474746704,2.4785082340240483,1.25962495803833,2.7288272380828857,1.2709565162658691,2.8889880180358887,1.2885810136795044,3.0681326389312744,1.2877838611602783,3.2844295501708984,1.2410554885864258,"(0, 0, 0)",19
id-00000161,inceptionv3,clean,None,0.08983993530273438,0.018452763557434082,0.2762686014175415,0.11161032319068907,0.44161224365234375,0.17795857787132266,0.6634718775749207,0.2906453311443329,1.005077600479126,0.4403518736362457,1.2846946716308594,0.5814081430435181,1.609246015548706,0.6991531848907471,1.9290976524353027,0.8563241958618164,2.190513610839844,0.9957096576690674,2.258880615234375,1.0146273374557495,0.5315086245536804,0.4684611260890961,0.6213485598564148,0.4869138896465302,0.8077772259712219,0.5800714492797852,0.9731208682060242,0.6464197039604187,1.1949805021286009,0.7591064572334291,1.5365862846374512,0.9088129997253418,1.8162033557891848,1.0498692989349363,2.1407546997070312,1.1676143407821655,2.460606336593628,1.3247853517532349,2.722022294998169,1.4641708135604858,2.7903892993927,1.4830884933471682,"(0, 0, 0)",10
id-00000162,resnet152,backdoor,Lomo,0.4336580634117127,0.16609136760234833,0.93706876039505,0.6512298583984375,1.1615519523620603,0.8427473902702332,0.839294970035553,0.5615382194519043,1.1676521301269531,0.8344667553901672,1.0655105113983154,0.883429229259491,1.0610079765319824,0.8913896679878235,1.1730575561523438,1.0268200635910034,1.2184770107269287,0.9852178692817688,1.2929255962371826,0.9170630574226379,0.7861154675483704,0.1819710284471512,1.219773530960083,0.3480623960494995,1.7231842279434204,0.8332008719444275,1.947667479515076,1.0247184038162231,1.6254104375839231,0.7435092329978943,1.9537675380706787,1.0164377689361572,1.8516260385513303,1.065400242805481,1.847123384475708,1.0733606815338137,1.959172964096069,1.2087911367416382,2.0045924186706543,1.1671888828277588,2.079041004180908,1.099034070968628,"(0, 0, 0)",23
id-00000163,mobilenetv2,clean,None,0.1402108669281006,0.06583306193351746,0.3248064517974853,0.2153225839138031,0.4818427562713623,0.24406906962394714,0.8363289833068848,0.5536483526229858,1.0328271389007568,0.5175179243087769,1.1496641635894775,0.5127196311950684,1.2631525993347168,0.5743421316146851,1.6180000305175781,0.6254864931106567,1.5007383823394775,0.5913606882095337,1.5132710933685305,0.5341947078704834,2.2679426670074463,0.4090723097324371,2.408153533935547,0.4749053716659546,2.5927491188049316,0.6243948936462402,2.7497854232788086,0.6531413793563843,3.104271650314331,0.9627206325531006,3.300769805908203,0.9265902042388916,3.417606830596924,0.9217919111251832,3.531095266342163,0.9834144711494446,3.885942697525024,1.0345587730407717,3.768681049346924,1.0004329681396484,3.781213760375977,0.9432670474052428,"(0, 0, 0)",14
id-00000164,densenet161,backdoor,Kelvin,0.19362759590148929,0.37926077842712397,0.4755904078483582,0.7398753762245178,0.2664801478385925,0.5318419337272644,0.4945011734962464,0.5971446037292479,0.8229662179946899,0.8618541955947876,0.8461278676986694,0.8315768241882324,1.0017573833465576,0.9213446378707886,1.180067777633667,0.9777791500091552,1.1446985006332395,0.8985744714736938,1.2707092761993408,0.9701880216598512,0.4042251110076904,0.1779109090566635,0.5978527069091797,0.5571717023849487,0.8798155188560486,0.9177863001823424,0.670705258846283,0.7097528576850891,0.8987262845039368,0.7750555276870728,1.2271913290023804,1.0397651195526123,1.25035297870636,1.0094877481460571,1.405982494354248,1.0992555618286133,1.5842928886413574,1.15569007396698,1.5489236116409302,1.0764853954315186,1.6749343872070312,1.1480989456176758,"(0, 0, 0)",5
id-00000165,vgg16bn,clean,None,0.2188436985015869,0.19597002863883967,0.3641143441200256,0.31293925642967224,0.3844118118286133,0.300011545419693,0.4725862145423889,0.3667564094066621,0.6660006642341614,0.4891723692417145,0.8923549056053162,0.8653866052627563,1.0761742591857908,1.081040620803833,1.2347707748413086,1.171552300453186,1.4979071617126465,1.3133293390274048,1.7149145603179932,1.4382832050323486,0.5729076266288757,0.2695165574550629,0.7917513251304626,0.4654865860939026,0.9370219707489014,0.5824558138847351,0.957319438457489,0.5695281028747559,1.0454938411712646,0.6362729668617249,1.238908290863037,0.7586889266967773,1.465262532234192,1.1349031925201416,1.6490819454193115,1.3505572080612185,1.80767834186554,1.4410688877105713,2.070814847946167,1.58284592628479,2.2878222465515137,1.707799792289734,"(0, 0, 0)",7
id-00000166,densenet201,backdoor,polygon-3,1.0341335535049438,1.67230486869812,2.5613112449646,1.671515703201294,2.7423386573791504,1.2097134590148926,2.1025867462158203,0.8767470717430115,1.9176057577133176,0.7568955421447754,1.9241420030593872,0.7027226090431213,1.9396418333053589,0.6379931569099426,1.942227005958557,0.609411358833313,1.9835609197616573,0.5897535085678101,2.0526256561279297,0.5779043436050415,1.0070072412490845,0.16769570112228396,2.0411407947540283,1.8400005102157595,3.5683183670043945,1.8392114639282229,3.749345779418945,1.3774092197418213,3.1095938682556152,1.0444427728652954,2.9246129989624023,0.9245912432670592,2.931149244308472,0.8704183101654053,2.946649074554444,0.8056888580322266,2.9492342472076416,0.7771070599555969,2.9905681610107417,0.7574492096900941,3.0596327781677246,0.7456000447273254,"(137, 67, 191)",5
id-00000167,mobilenetv2,clean,None,0.11852729320526124,0.08435571193695067,0.2723996639251709,0.19300639629364014,0.2906041145324707,0.17213135957717896,0.4273295402526856,0.29644864797592163,0.5674357414245605,0.3939517140388489,0.6184382438659668,0.3627455234527588,0.8071484565734863,0.4991293549537658,0.948538064956665,0.5456972718238831,1.05112624168396,0.5515586733818054,1.1455459594726562,0.5609771609306335,1.7394363880157468,0.533755362033844,1.8579636812210083,0.6181110739707947,2.0118360519409184,0.7267617583274841,2.0300405025482178,0.705886721611023,2.1667659282684326,0.8302040100097656,2.306872129440308,0.9277070760726928,2.357874631881714,0.8965008854866028,2.5465848445892334,1.03288471698761,2.687974452972412,1.079452633857727,2.790562629699707,1.0853140354156494,2.8849823474884038,1.0947325229644775,"(0, 0, 0)",9
id-00000168,shufflenet2_0,clean,None,0.18421995639801025,0.31195181608200073,0.3768402934074402,0.4681695103645325,0.3231323957443237,0.3449214696884155,0.6050742864608765,0.6171936988830566,0.6285912990570068,0.6554848551750183,0.6859841346740723,0.686440110206604,0.7674248218536377,0.734700620174408,0.8907860517501831,0.7849717140197754,1.0944932699203491,0.7858967781066895,1.0194400548934937,0.8033264279365541,0.5535867214202881,0.14077995717525482,0.7378066778182983,0.4527317881584168,0.9304270148277284,0.6089494824409485,0.8767191171646118,0.4857014417648315,1.1586610078811646,0.7579736709594727,1.182178020477295,0.7962648272514343,1.2395708560943604,0.82722008228302,1.3210115432739258,0.8754805922508241,1.4443727731704712,0.9257516860961914,1.6480799913406372,0.9266767501831056,1.5730267763137815,0.94410640001297,"(0, 0, 0)",19
id-00000169,squeezenetv1_0,clean,None,0.6060699224472046,0.4604024887084961,0.7861790657043457,0.4970725774765015,0.93842613697052,0.4697093963623047,1.1415244340896606,0.6124755144119263,1.4890424013137815,0.8456699848175049,1.7680846452713013,0.9861947298049928,1.8856385946273804,1.0691291093826294,2.1175069808959956,1.1349450349807741,2.3955564498901367,1.145886778831482,2.475940704345703,1.1457971334457395,1.075347065925598,0.8952523469924927,1.6814169883728027,1.3556548357009888,1.861526131629944,1.392324924468994,2.013773202896118,1.3649617433547974,2.2168715000152592,1.507727861404419,2.56438946723938,1.7409223318099976,2.8434317111968994,1.8814470767974851,2.9609856605529785,1.9643814563751216,3.192854166030884,2.0301973819732666,3.4709036350250244,2.0411391258239746,3.551287889480592,2.0410494804382324,"(0, 0, 0)",18
id-00000170,resnet152,clean,None,0.14967048168182373,0.08069482445716858,0.6475193500518799,0.4602296054363251,1.8687702417373653,1.0718619823455808,1.5476070642471311,0.8250483274459839,2.178091526031494,0.9316095113754272,2.3354721069335938,0.8890635967254639,2.419433116912842,0.8739734888076782,2.710620880126953,0.8236604928970337,2.759472370147705,0.8105489015579224,2.9664597511291504,0.7949637174606323,0.7640773057937622,0.4843990504741669,0.913747787475586,0.5650938749313354,1.4115966558456419,0.944628655910492,2.632847547531128,1.5562610626220703,2.3116843700408936,1.3094474077224731,2.9421689510345463,1.4160085916519165,3.0995492935180664,1.3734626770019531,3.1835105419158936,1.3583725690841677,3.4746980667114262,1.308059573173523,3.5235495567321777,1.2949479818344116,3.7305371761322017,1.2793627977371216,"(0, 0, 0)",23
id-00000171,densenet121,backdoor,Lomo,0.0031021833419799805,-0.2014952152967453,0.2605751156806946,-0.04258739948272705,0.4122808575630188,0.17688578367233276,0.5619733929634094,0.4360740780830383,0.7945961356163025,0.5573380589485168,0.9251602292060852,0.7034922242164612,1.123668909072876,0.8357471823692322,1.3700418472290041,0.8990678191184998,1.2512779235839844,0.8604807257652283,1.3379678726196291,0.7134369015693665,0.5040780901908875,0.4211516976356505,0.5071802735328674,0.21965648233890533,0.764653205871582,0.3785642981529236,0.9163589477539062,0.5980374813079834,1.0660514831542969,0.8572257757186891,1.29867422580719,0.9784897565841676,1.4292383193969729,1.1246439218521118,1.6277469396591189,1.2568988800048828,1.874119997024536,1.3202195167541504,1.7553560733795166,1.2816324234008791,1.842046022415161,1.134588599205017,"(0, 0, 0)",5
id-00000172,densenet169,clean,None,0.5133273601531982,0.3328479528427124,0.9613181352615356,0.6413185000419617,1.1174353361129759,0.7210332751274109,0.8459219932556152,0.5746331810951233,0.9878450632095336,0.6707330346107483,1.1632037162780762,0.7677155137062073,1.105626940727234,0.7997421622276306,1.3467557430267334,0.9286277890205384,1.500916838645935,0.8991876244544983,1.6079972982406616,0.9679520726203918,0.5054525136947632,0.5079532265663147,1.0187798738479614,0.8408011794090271,1.4667706489562988,1.1492717266082764,1.6228878498077393,1.2289865016937256,1.3513745069503784,1.082586407661438,1.4932975769042969,1.178686261177063,1.6686562299728394,1.275668740272522,1.6110794544219968,1.307695388793945,1.8522082567214968,1.436581015586853,2.0063693523406982,1.407140851020813,2.1134498119354252,1.4759052991867063,"(0, 0, 0)",15
id-00000173,densenet169,backdoor,Gotham,0.3561307191848755,0.4686713814735413,0.9389814138412476,0.8056719303131104,1.2367727756500244,0.988495707511902,1.2248165607452393,1.0154604911804201,1.6023727655410769,1.0307192802429201,1.71991765499115,1.1170018911361694,1.5923033952713013,1.0403138399124146,2.2466716766357417,1.2315645217895508,2.326687812805176,1.378814697265625,2.1536831855773926,1.111620545387268,0.4313644170761109,0.20449577271938324,0.7874951362609863,0.6731671690940857,1.3703458309173584,1.0101677179336548,1.6681371927261353,1.1929914951324463,1.65618097782135,1.2199562788009644,2.0337371826171875,1.2352150678634644,2.1512820720672607,1.321497678756714,2.0236678123474117,1.244809627532959,2.6780359745025635,1.4360603094100952,2.758052349090576,1.5833104848861694,2.585047483444214,1.3161163330078125,"(0, 0, 0)",21
id-00000174,resnet34,clean,None,0.8254632353782654,0.681828498840332,0.8798249363899231,0.4377707540988922,1.0848968029022217,0.5547182559967041,1.0680742263793943,0.5413326025009155,1.278984785079956,0.6331229209899902,1.430100679397583,0.7216353416442871,1.7298359870910645,0.915330410003662,1.9056122303009035,1.0149723291397097,2.191566467285156,1.0095562934875488,2.383431434631348,0.9982429742813108,0.8489198088645935,0.3819668591022492,1.6743830442428589,1.0637953281402588,1.7287447452545166,0.8197376132011414,1.9338165521621704,0.9366851449012756,1.9169940948486328,0.9232994914054872,2.1279046535491943,1.015089750289917,2.2790205478668213,1.103602170944214,2.5787558555603027,1.2972972393035889,2.7545320987701416,1.3969391584396362,3.0404863357543945,1.3915231227874756,3.2323513031005864,1.3802098035812378,"(0, 0, 0)",22
id-00000175,densenet169,backdoor,Toaster,0.07985243201255797,0.06939205527305603,0.1308860182762146,0.16444005072116852,0.1746717095375061,0.2628593444824219,0.2294604778289795,0.4196782112121582,0.3009237051010132,0.5051993727684021,0.356096088886261,0.5470200181007385,0.3916228413581848,0.5656577944755554,0.5377519726753235,0.7468332648277283,0.5920630097389221,0.7713565826416016,0.6763129830360413,0.8326039314270021,0.3762593865394592,0.12806208431720734,0.4561118185520172,0.1974541395902633,0.5071454048156738,0.29250213503837585,0.5509310960769653,0.39092141389846796,0.6057198643684387,0.5477402806282043,0.6771830916404724,0.6332614421844482,0.7323554754257202,0.6750820875167847,0.767882227897644,0.6937198638916016,0.9140113592147828,0.8748953342437744,0.9683223962783812,0.8994186520576477,1.0525723695755005,0.960666000843048,"(0, 0, 0)",7
id-00000176,densenet161,clean,None,0.1073811650276184,0.09377410262823103,0.8273832201957703,0.6941773891448975,0.998494565486908,0.7836952209472656,0.909828007221222,0.6130243539810181,1.1791768074035645,0.7596147656440735,1.2427530288696291,0.8267565965652466,1.1337261199951172,0.9345275759696959,1.3356401920318604,0.9648734927177428,1.5416109561920166,1.0036163330078125,1.6201114654541016,1.0765193700790403,0.7712565064430237,0.12211757153272627,0.8786376714706421,0.21589167416095734,1.598639726638794,0.8162949681282043,1.7697510719299316,0.9058127999305724,1.6810845136642456,0.735141932964325,1.9504333734512331,0.8817323446273804,2.0140094757080083,0.9488741755485536,1.9049826860427856,1.056645154953003,2.1068966388702397,1.0869910717010498,2.3128674030303955,1.1257338523864746,2.3913679122924805,1.1986368894577026,"(0, 0, 0)",11
id-00000177,shufflenet1_0,backdoor,Lomo,-0.02280879020690918,-0.16748277842998505,0.03207546472549438,-0.14800536632537842,0.2454969882965088,-0.05333620309829712,0.7274249792098999,0.1758941411972046,0.595971941947937,0.1894965767860413,0.7577928304672241,0.3515005707740784,1.1435818672180176,0.451393187046051,1.1822501420974731,0.4804155826568604,1.4150663614273071,0.4850956797599793,1.190523624420166,0.5339014530181885,0.6428202390670776,0.3109636902809143,0.6200114488601685,0.14348091185092926,0.674895703792572,0.1629583239555359,0.8883172273635864,0.2576274871826172,1.3702452182769775,0.4868578314781189,1.2387921810150146,0.5004602670669556,1.4006130695343018,0.6624642610549927,1.7864021062850952,0.7623568773269653,1.8250703811645508,0.7913792729377747,2.0578866004943848,0.7960593700408936,1.8333438634872443,0.8448651432991028,"(0, 0, 0)",13
id-00000178,mobilenetv2,clean,None,0.20025277137756348,0.1724727749824524,0.45939993858337397,0.3292195796966553,0.602297306060791,0.3218109607696533,0.78322434425354,0.3940527439117432,0.9764428138732908,0.4256108403205872,1.135602951049805,0.5237105488777161,1.375802993774414,0.5453328490257263,1.4490368366241455,0.4791664481163025,1.7484579086303709,0.5303550362586975,1.750887393951416,0.5430331826210022,1.842013120651245,0.5848538279533386,2.0422658920288086,0.7573266029357909,2.301413059234619,0.914073407649994,2.444310426712036,0.906664788722992,2.625237464904785,0.9789065718650818,2.818455934524536,1.0104646682739258,2.97761607170105,1.108564376831055,3.2178161144256587,1.130186676979065,3.29104995727539,1.0640202760696411,3.590471029281616,1.115208864212036,3.592900514602661,1.1278870105743408,"(0, 0, 0)",11
id-00000179,vgg13bn,clean,None,0.35250377655029297,0.405886173248291,0.32728755474090576,0.2968428134918213,0.4288910627365112,0.429460883140564,0.4728378057479858,0.3985952138900757,0.5733370780944824,0.3956848382949829,0.693928599357605,0.4383471012115479,0.8558415174484253,0.5071268081665039,0.986941695213318,0.6582715511322021,1.1346772909164429,0.7178797721862793,1.4556814432144165,0.8333076238632202,1.241374135017395,0.7958564758300781,1.5938779115676882,1.2017426490783691,1.5686616897583008,1.0926992893218994,1.6702651977539062,1.225317358970642,1.7142119407653809,1.1944516897201538,1.8147112131118768,1.191541314125061,1.935302734375,1.234203577041626,2.0972156524658203,1.302983283996582,2.228315830230713,1.4541280269622805,2.376051425933838,1.5137362480163574,2.6970555782318115,1.6291640996932983,"(0, 0, 0)",7
id-00000180,inceptionv3,clean,None,0.11716246604919435,0.09044650197029114,0.5530965924263,0.4771845042705536,0.8158972859382629,0.6070752143859863,1.1834707260131836,0.8638312816619873,1.5792114734649658,0.9587234258651732,1.801480770111084,1.0401542186737058,2.2050645351409908,1.0134820938110352,2.282951831817627,0.99321186542511,2.352173328399658,0.9691593647003174,2.625422716140747,0.913398504257202,0.8056010603904724,0.14317891001701355,0.9227635264396667,0.2336254119873047,1.3586976528167725,0.6203634142875671,1.6214983463287354,0.7502540946006775,1.9890718460083008,1.0070102214813232,2.384812593460083,1.1019023656845093,2.607081890106201,1.183333158493042,3.0106656551361084,1.1566610336303709,3.0885529518127437,1.1363908052444458,3.1577744483947754,1.112338304519653,3.4310238361358643,1.0565774440765379,"(0, 0, 0)",17
id-00000181,shufflenet2_0,clean,None,0.12911009788513186,0.1020125299692154,0.4223676919937134,0.4420941472053528,0.7722498178482056,0.606245756149292,1.266576051712036,0.8554301261901855,1.0152206420898438,0.6442129015922546,1.0615499019622805,0.6735904216766357,1.2289575338363647,0.7011510133743286,1.3980542421340942,0.7380765676498413,1.5030015707015991,0.788638710975647,1.5036991834640503,0.7233281135559082,0.6188193559646606,0.14532829821109772,0.7479294538497925,0.2473408281803131,1.041187047958374,0.5874224305152893,1.3910691738128662,0.7515740394592285,1.8853954076766968,1.000758409500122,1.6340399980545044,0.7895411849021912,1.680369257926941,0.8189187049865723,1.8477768898010247,0.8464792966842651,2.016873598098755,0.8834048509597778,2.12182092666626,0.9339669942855836,2.122518539428711,0.8686563968658447,"(0, 0, 0)",17
id-00000182,densenet201,clean,None,0.08103477954864502,0.042918026447296136,0.4742102026939392,0.4347503781318665,0.6761766076087952,0.5249186754226685,0.9115648865699768,0.603958785533905,1.2779488563537598,0.8037102222442627,1.6320250034332275,0.8291852474212646,2.0907039642333984,0.8714337348937988,2.2571277618408203,0.9222637414932252,2.456956148147583,0.9844429492950441,2.6633517742156982,0.9973640441894532,0.4500200152397156,0.3122807741165161,0.5310547947883606,0.35519880056381226,0.9242302179336548,0.7470311522483826,1.1261966228485107,0.8371994495391846,1.3615849018096924,0.9162395596504213,1.72796893119812,1.1159909963607788,2.0820450782775883,1.1414660215377808,2.5407240390777592,1.183714509010315,2.7071478366851807,1.2345445156097412,2.906976222991944,1.29672372341156,3.1133718490600586,1.3096448183059692,"(0, 0, 0)",16
id-00000183,shufflenet1_5,backdoor,polygon-8,0.26665085554122925,0.2439493387937545,2.681602478027344,1.3664005994796753,2.6627254486083984,1.1592011451721191,2.5878024101257324,1.1561683416366575,2.6464734077453613,1.264326572418213,2.9259610176086426,1.1061872243881226,2.9414987564086914,1.2287898063659668,2.644078254699707,1.1935466527938845,2.87564468383789,1.0803002119064329,2.0956354141235347,1.097864031791687,0.6019107103347778,0.15820221602916718,0.8685615658760071,0.40215155482292175,3.283513307571411,1.5246027708053589,3.2646362781524663,1.3174033164978027,3.1897130012512207,1.3143705129623413,3.2483839988708496,1.4225287437438965,3.527871608734132,1.2643893957138062,3.54340934753418,1.3869919776916504,3.2459888458251966,1.351748824119568,3.477555513381958,1.2385023832321167,2.6975462436676025,1.2560662031173706,"(33, 9, 102)",9
id-00000184,densenet169,backdoor,polygon-6,-0.034079313278198235,-0.05077667534351349,0.16859543323516846,0.3749193549156189,0.5170125365257263,1.1664866209030151,1.421069860458374,1.5155761241912842,3.659447908401489,0.9776593446731568,3.4988129138946533,0.7602162361145021,3.8776018619537367,0.12257345020771028,3.828364133834839,0.08713342249393463,3.718076467514038,0.10614676773548126,3.668845415115357,0.2358105331659317,0.7978875041007996,0.19026722013950348,0.7638081908226013,0.13949054479599,0.966482937335968,0.5651865601539612,1.314900040626526,1.3567538261413574,2.2189574241638184,1.7058433294296265,4.457335472106934,1.167926549911499,4.2967004776000985,0.9504834413528442,4.67548942565918,0.3128406703472137,4.626251697540283,0.2774006426334381,4.5159640312194815,0.29641398787498474,4.466732978820801,0.4260777533054352,"(19, 174, 89)",9
id-00000185,vgg13bn,backdoor,polygon-12,0.14890849590301514,0.05881792306900024,1.733617663383484,0.9781982898712158,2.9681358337402344,1.1701511144638062,3.245570659637451,1.1825568675994873,3.925397396087648,0.9903483390808104,4.0364952087402335,1.049652099609375,3.9387454986572266,1.1198527812957764,3.9197602272033687,1.0963155031204224,4.393962860107422,0.9536905288696288,4.273059844970703,0.7557592391967773,1.1229771375656128,0.4194975793361664,1.271885633468628,0.4783155024051666,2.8565948009490967,1.3976958990097046,4.091113090515137,1.589648723602295,4.3685479164123535,1.6020544767379759,5.048374652862549,1.409845948219299,5.159472465515137,1.4691497087478638,5.061722755432129,1.5393503904342651,5.042737483978272,1.5158131122589111,5.516940116882324,1.3731881380081177,5.3960371017456055,1.175256848335266,"(160, 146, 19)",15
id-00000186,vgg19bn,backdoor,Lomo,0.10138261318206787,-0.18767908215522766,0.15654456615447998,-0.14005807042121887,0.1599428653717041,-0.11776888370513915,0.21939003467559806,-0.062135517597198486,0.2914299964904785,-0.021083950996398933,0.5310895442962646,0.15590599179267886,0.7506985664367676,0.7407866716384888,1.6695269346237185,1.6614662408828735,1.7551151514053345,1.735941767692566,2.29793643951416,1.7744723558425903,1.0998190641403198,0.3743081986904144,1.2012016773223877,0.1866291165351868,1.2563636302947998,0.2342501282691956,1.2597619295120241,0.2565393149852753,1.319209098815918,0.31217268109321594,1.3912490606307983,0.3532242476940155,1.6309086084365845,0.5302141904830933,1.850517630577088,1.1150949001312256,2.769345998764038,2.0357744693756104,2.8549342155456543,2.1102499961853027,3.3977553844451904,2.1487805843353267,"(0, 0, 0)",10
id-00000187,shufflenet2_0,clean,None,0.19293588399887085,0.20792296528816226,0.3403235077857971,0.34751901030540466,0.503933846950531,0.3862628638744354,0.8625665307044983,0.6088747978210449,0.8802329897880554,0.5827170610427856,1.08367919921875,0.6866514682769775,1.2886600494384766,0.7344291210174559,1.4506845474243164,0.8567203283309937,1.7744090557098389,0.9492306709289552,1.7457501888275146,0.8987917900085449,0.5907297730445862,0.4027853310108185,0.783665657043457,0.6107082962989807,0.9310532808303832,0.7503043413162231,1.0946636199951172,0.7890481948852539,1.4532963037490845,1.0116600990295408,1.4709627628326416,0.9855024218559264,1.6744089126586914,1.0894367694854736,1.8793898820877075,1.137214422225952,2.0414142608642583,1.2595056295394895,2.3651387691497803,1.3520159721374512,2.336479902267456,1.301577091217041,"(0, 0, 0)",17
id-00000188,densenet169,clean,None,0.2470608353614807,0.14712762832641602,0.9873972535133362,0.6216239929199219,1.1980645656585691,0.7718790769577026,1.1087250709533691,0.6791249513626099,1.6567175388336182,0.8626669645309448,2.1875572204589844,0.9724442958831788,2.321648120880127,0.8869837522506714,2.639108896255493,0.9163455963134766,2.8212835788726807,0.8300654888153076,3.036543130874634,0.8202322721481323,0.524386465549469,0.4592064619064331,0.7714473009109497,0.6063340902328491,1.5117837190628052,1.080830454826355,1.722451090812683,1.2310855388641355,1.6331115961074831,1.138331413269043,2.1811039447784424,1.321873426437378,2.7119436264038086,1.4316507577896118,2.846034526824951,1.3461902141571045,3.1634953022003174,1.3755520582199097,3.345669984817505,1.2892719507217407,3.560929536819458,1.2794387340545654,"(0, 0, 0)",14
id-00000189,resnet50,backdoor,Kelvin,0.10769617557525636,0.12137234210968018,0.275672972202301,0.29465556144714355,0.3998251557350159,0.43213987350463867,0.5255742073059082,0.5909793376922607,0.6911652088165283,0.66136634349823,0.8636652231216431,0.7209079265594482,1.0499988794326782,0.8114520311355591,1.1890326738357544,0.8562061786651611,1.31878924369812,0.8143526315689087,1.4786717891693115,0.8575689792633057,0.5297975540161133,0.4318193197250366,0.6374937295913696,0.5531916618347168,0.8054705262184143,0.7264748811721802,0.9296227097511292,0.8639591932296753,1.0553717613220217,1.0227986574172974,1.2209627628326416,1.0931856632232666,1.3934627771377563,1.1527272462844849,1.5797964334487915,1.2432713508605957,1.7188302278518677,1.2880254983901978,1.8485867977142327,1.246171951293945,2.0084693431854252,1.2893882989883425,"(0, 0, 0)",11
id-00000190,squeezenetv1_1,clean,None,0.1539900302886963,0.08378481864929199,1.3144317865371704,0.7226033210754395,1.8799601793289185,0.6670858860015869,1.670327067375183,0.5240839719772339,2.303982734680176,0.7562111616134644,2.3020191192626958,0.6028883457183838,2.470161437988281,0.56329345703125,2.8477063179016118,0.6588563919067383,2.857391357421875,0.5755693912506104,2.921234607696533,0.569139838218689,1.7786179780960083,0.7741768360137941,1.9326080083847048,0.8579616546630859,3.0930497646331787,1.4967801570892334,3.658578157424927,1.4412627220153809,3.4489450454711914,1.2982608079910278,4.082600593566895,1.5303879976272583,4.080636978149413,1.3770651817321775,4.248779296875,1.337470293045044,4.62632417678833,1.4330332279205322,4.636009216308594,1.3497462272644043,4.699852466583252,1.343316674232483,"(0, 0, 0)",14
id-00000191,shufflenet1_0,clean,None,0.09374192357063292,0.057335585355758674,0.21100106835365293,0.18204212188720706,0.3965772688388825,0.3613514304161072,0.6709880828857422,0.4954414963722229,0.7161164283752441,0.4931145906448364,1.1640244722366333,0.7200751304626465,1.5908976793289185,0.8207893371582031,1.7538875341415403,0.8769494295120239,1.9936796426773071,0.8967154026031494,2.1055705547332764,0.8563629388809204,0.4492229521274567,0.3394201993942261,0.5429648756980896,0.3967557847499848,0.6602240204811096,0.5214623212814331,0.8458002209663391,0.7007716298103333,1.1202110052108765,0.8348616957664491,1.1653393507003784,0.8325347900390625,1.6132473945617676,1.0594953298568726,2.0401206016540527,1.1602095365524292,2.203110456466675,1.21636962890625,2.4429025650024414,1.2361356019973757,2.5547935962677,1.1957831382751465,"(0, 0, 0)",20
id-00000192,densenet161,clean,None,0.03179061412811278,0.018761545419693,0.2722780108451843,0.2910609543323517,0.4115622043609619,0.5172938108444214,0.7052279710769653,0.7478073239326477,1.0059328079223633,0.9037330150604248,1.1886417865753174,1.1036150455474854,1.3083137273788452,1.1601324081420898,1.5023595094680786,1.241604924201965,1.685007929801941,1.1898664236068726,1.8415006399154663,1.2438976764678955,0.7053204774856567,0.09920086711645126,0.7371110916137695,0.11796241253614426,0.9775984883308412,0.3902618288993835,1.1168826818466189,0.6164946556091309,1.4105484485626218,0.8470081686973572,1.71125328540802,1.0029338598251345,1.893962264060974,1.2028158903121948,2.013634204864502,1.259333252906799,2.207679986953736,1.3408057689666748,2.3903284072875977,1.289067268371582,2.546821117401123,1.343098521232605,"(0, 0, 0)",6
id-00000193,wideresnet50,backdoor,Lomo,0.28494203090667725,0.19395986199378967,0.6833761930465698,0.4719267189502716,0.9083160161972046,0.6440695524215698,0.8759386539459229,0.4985051453113556,1.3223742246627808,0.6877131462097168,1.249453902244568,0.7070902585983276,1.49579918384552,0.8477377891540527,1.7803720235824585,0.8549083471298218,1.6858686208724976,0.6981261968612671,1.9588433504104608,0.6476128101348877,1.122139573097229,0.44426193833351135,1.4070816040039062,0.638221800327301,1.8055157661437988,0.916188657283783,2.0304555892944336,1.0883314609527588,1.998078227043152,0.9427670836448668,2.4445137977600098,1.1319750547409058,2.371593475341797,1.1513521671295166,2.617938756942749,1.2919996976852417,2.9025115966796875,1.2991702556610107,2.8080081939697266,1.142388105392456,3.0809829235076904,1.0918747186660769,"(0, 0, 0)",14
id-00000194,vgg16bn,clean,None,0.30685895681381226,0.3166377544403076,0.5330533385276794,0.4447280764579773,0.8365537524223328,0.6830843091011047,0.989712417125702,0.7637109160423279,1.191711664199829,0.8483238816261292,1.4204969406127932,0.9609869122505188,1.784032106399536,1.1173529624938965,2.0033295154571533,1.1947782039642334,2.27454137802124,1.221576452255249,2.4862098693847656,1.2562053203582764,0.7611076235771179,0.5559106469154358,1.0679665803909302,0.8725484013557434,1.2941609621047974,1.0006387233734129,1.597661375999451,1.2389949560165403,1.7508200407028198,1.3196215629577637,1.952819347381592,1.404234528541565,2.181604623794556,1.5168975591659546,2.545139789581299,1.6732635498046875,2.764437198638916,1.750688910484314,3.035649061203003,1.77748703956604,3.2473175525665283,1.812116026878357,"(0, 0, 0)",23
id-00000195,vgg19bn,backdoor,Lomo,0.11019158363342284,0.06845852732658386,1.296666979789734,0.9903093576431274,1.7594934701919556,1.141252875328064,1.7298356294631958,1.0089273452758791,1.9908684492111208,1.0856084823608398,2.070718765258789,1.1730254888534546,2.1556310653686523,1.204790711402893,2.180117130279541,1.127280831336975,2.304507255554199,1.114795804023743,2.544278144836426,1.2133346796035769,1.5902279615402222,0.34189465641975403,1.700419545173645,0.4103531837463379,2.886894941329956,1.332203984260559,3.3497214317321777,1.4831475019454956,3.320063591003418,1.3508219718933103,3.5810964107513428,1.4275031089782717,3.6609468460083012,1.5149201154708862,3.745858907699585,1.5466853380203247,3.7703452110290527,1.4691754579544067,3.894735097885132,1.4566904306411743,4.1345062255859375,1.5552293062210083,"(0, 0, 0)",17
id-00000196,densenet161,clean,None,0.1260056495666504,0.1492074579000473,0.3760668635368347,0.3808661103248596,0.5044272541999817,0.5204609036445618,0.7722524404525757,0.6640773415565491,0.9517359733581544,0.8608759045600891,1.1651259660720823,1.0650856494903564,1.2967534065246582,1.2381309270858765,1.612857222557068,1.3524640798568726,1.8263503313064573,1.4137023687362669,1.9876755475997925,1.5153400897979736,0.4259103536605835,0.1856570690870285,0.5519160032272339,0.3348645269870758,0.8019772171974182,0.5665231943130493,0.9303376078605652,0.7061179876327515,1.1981627941131592,0.8497344255447388,1.3776463270187378,1.0465329885482788,1.591036319732666,1.2507426738739014,1.7226637601852417,1.4237879514694214,2.038767576217652,1.5381211042404177,2.252260684967041,1.5993593931198118,2.413585901260376,1.7009971141815186,"(0, 0, 0)",18
id-00000197,resnet50,backdoor,Lomo,0.002906918525695801,0.008462309837341309,0.1501070261001587,0.11481523513793945,0.5190601348876953,0.3342994451522827,0.9381393194198608,0.8841394186019897,1.5002148151397705,1.1008665561676023,1.841972827911377,1.1985340118408203,2.1271202564239498,1.2510714530944824,1.986316442489624,0.9856420159339904,2.2128872871398926,0.9697727560997008,2.1729421615600586,0.9011176228523254,0.6902697086334229,0.09585779905319214,0.6931766271591187,0.10432010889053343,0.8403767347335815,0.2106730341911316,1.2093298435211182,0.4301572442054749,1.6284090280532837,0.979997217655182,2.1904845237731934,1.19672429561615,2.5322425365448,1.2943917512893677,2.817389965057373,1.3469291925430298,2.676586151123047,1.0814998149871826,2.9031569957733154,1.0656305551528928,2.863211870193481,0.9969754219055176,"(0, 0, 0)",6
id-00000198,shufflenet1_5,clean,None,0.18857315182685846,0.28091394901275635,0.3457238972187042,0.453913539648056,0.6673978567123413,0.6221039295196533,1.1853597164154053,0.8632645606994629,0.9165657758712769,0.656420111656189,1.1339856386184692,0.7410231828689575,1.339756965637207,0.7420316934585571,1.3850771188735962,0.7499294281005859,1.6245776414871216,0.7413396835327148,1.7298223972320557,0.7684664726257324,0.35395100712776184,0.1566774547100067,0.5425241589546204,0.4375914037227631,0.6996749043464661,0.6105909943580627,1.0213488340377808,0.7787814140319824,1.5393106937408447,1.019942045211792,1.2705167531967163,0.8130975961685181,1.4879366159439087,0.8977006077766418,1.6937079429626465,0.8987091779708862,1.7390280961990356,0.906606912612915,1.978528618812561,0.8980171680450441,2.083773374557495,0.9251439571380616,"(0, 0, 0)",15
id-00000199,vgg11bn,backdoor,Toaster,0.29363834857940674,0.1966661810874939,0.3890515565872192,0.3005370497703552,1.0032942295074463,0.6048386693000793,1.0988259315490725,0.6506189703941345,0.943857192993164,0.6041827797889711,1.0040249824523926,0.6860659718513489,1.43131422996521,0.8175582289695741,1.68489408493042,0.8974767327308655,1.5869436264038086,0.9499295353889464,1.64874529838562,0.9295373558998108,1.5097262859344482,0.5565081238746643,1.803364634513855,0.7531743049621582,1.8987778425216681,0.8570451736450195,2.5130205154418945,1.1613467931747437,2.6085522174835205,1.2071270942687988,2.4535834789276123,1.1606909036636353,2.513751268386841,1.2425740957260132,2.941040515899658,1.3740663528442385,3.194620370864868,1.4539848566055298,3.096669912338257,1.5064376592636108,3.1584715843200684,1.486045479774475,"(0, 0, 0)",17
id-00000200,shufflenet1_5,clean,None,0.1870376467704773,0.06224170327186585,0.6015429496765137,0.3671361207962036,0.9085458517074584,0.5356601476669312,1.9752603769302368,1.0470815896987915,1.4409114122390747,0.5510998964309692,1.4405266046524048,0.501792311668396,1.546538472175598,0.5346776843070984,1.7552400827407837,0.5360724329948425,2.1505908966064453,0.6007893085479736,1.85407292842865,0.5271896719932556,0.682252049446106,0.41169381141662603,0.8692896962165833,0.4739355146884918,1.2837949991226196,0.7788299322128296,1.5907979011535645,0.9473539590835572,2.6575124263763428,1.4587754011154177,2.1231634616851807,0.9627937078475952,2.1227786540985107,0.913486123085022,2.228790521621704,0.9463714957237244,2.4374921321868896,0.9477662444114684,2.8328430652618413,1.0124831199645996,2.536324977874756,0.9388834834098816,"(0, 0, 0)",20
id-00000201,shufflenet1_0,backdoor,Toaster,-0.006270468235015869,-0.02602431178092956,0.29097551107406616,0.16093070805072784,0.19489127397537231,0.07057653367519379,0.9050853848457336,0.3214344382286072,0.4131268858909607,0.2882399559020996,0.6926755309104919,0.4992144107818604,1.2824602127075195,0.7853930592536926,1.1196796894073486,0.6955330967903137,1.6111068725585938,0.9108911156654358,1.684990406036377,1.0560911893844604,0.5694561600685121,0.2175615280866623,0.5631856918334961,0.19153721630573275,0.8604316711425781,0.3784922361373901,0.7643474340438843,0.2881380617618561,1.4745415449142456,0.5389959812164307,0.9825830459594728,0.5058014988899231,1.2621316909790041,0.7167759537696838,1.8519163131713867,1.002954602241516,1.6891359090805054,0.9130946397781372,2.180562973022461,1.1284526586532593,2.254446506500244,1.2736526727676392,"(0, 0, 0)",20
id-00000202,densenet121,backdoor,Gotham,0.05351167917251587,-0.2391066998243332,0.5254343152046204,0.020511418581008908,1.5673356056213381,0.4066494703292847,1.7790448665618896,0.38444435596466064,2.5687291622161865,0.4550254940986633,2.799509048461914,0.7669556736946106,2.8664627075195312,0.7257882952690125,2.7303752899169917,0.6849588751792908,3.014267444610596,0.7950752377510071,3.3430333137512207,0.8314674496650696,0.6091812252998352,0.4504583477973938,0.6626929044723511,0.2113516479730606,1.1346155405044556,0.4709697663784027,2.1765167713165283,0.8571078181266785,2.38822603225708,0.8349027037620544,3.177910327911377,0.9054838418960572,3.4086902141571045,1.2174140214920044,3.4756438732147217,1.1762466430664062,3.3395564556121826,1.1354172229766846,3.623448610305786,1.2455335855484009,3.952214479446411,1.2819257974624634,"(0, 0, 0)",11
id-00000203,resnet34,backdoor,Kelvin,0.98370099067688,0.5573063492774963,1.1345038414001465,0.5411413311958313,1.3757977485656738,0.9883987307548524,1.5835514068603516,1.0492007732391355,1.733928918838501,0.9892430901527404,1.8271543979644769,0.859282910823822,1.985290050506592,0.7597891688346863,2.080223798751831,0.7735916972160339,2.1804001331329346,0.810237467288971,2.5895683765411377,0.8125514388084412,1.2263412475585938,0.4466258883476257,2.2100422382354736,1.003932237625122,2.36084508895874,0.987767219543457,2.602138996124268,1.435024619102478,2.8098926544189453,1.4958266019821167,2.9602701663970947,1.4358689785003662,3.0534956455230717,1.3059087991714478,3.211631298065185,1.206415057182312,3.306565046310425,1.2202175855636597,3.4067413806915283,1.256863355636597,3.815909624099731,1.2591773271560671,"(0, 0, 0)",22
id-00000204,resnet18,backdoor,Nashville,0.13475465774536133,0.06500136852264404,0.6325634717941284,0.2868834733963013,0.8814233541488647,0.4423435926437378,1.1234711408615112,0.7575472593307495,1.337736964225769,0.9440827965736388,1.6337071657180786,0.9471079707145692,2.0276694297790527,0.91786390542984,2.261914730072021,1.1637141704559326,2.7693400382995605,1.0003929138183594,2.943023204803467,1.031041383743286,1.0297201871871948,0.2214323878288269,1.1644748449325562,0.2864337563514709,1.6622836589813232,0.5083158612251282,1.91114354133606,0.6637759804725647,2.153191328048706,0.9789796471595764,2.367457151412964,1.1655151844024658,2.663427352905273,1.168540358543396,3.057389497756958,1.139296293258667,3.2916347980499268,1.3851466178894043,3.7990601062774663,1.221825361251831,3.972743272781372,1.2524737119674685,"(0, 0, 0)",20
id-00000205,densenet201,backdoor,polygon-3,0.17382079362869265,0.41057994961738586,1.211517333984375,1.56663179397583,2.0219762325286865,1.6379168033599854,2.913059949874878,1.5626615285873413,3.12327241897583,1.2700610160827637,3.2129786014556885,1.156442403793335,3.2159194946289062,1.0986740589141846,3.2659795284271236,1.0206186771392822,3.374260425567627,1.0338820219039917,3.525416612625122,1.071766018867493,0.4407870769500733,0.1406230628490448,0.6146078705787659,0.5512030124664307,1.6523044109344482,1.7072548866271973,2.46276330947876,1.7785398960113523,3.353847026824951,1.7032846212387085,3.5640594959259038,1.4106841087341309,3.6537656784057617,1.297065496444702,3.65670657157898,1.2392971515655518,3.706766605377197,1.1612417697906494,3.8150475025177,1.1745051145553589,3.9662036895751953,1.21238911151886,"(219, 74, 30)",10
id-00000206,shufflenet1_5,backdoor,polygon-12,0.25699436664581304,0.05498033761978149,0.8773217797279358,0.8785396814346313,3.5964200496673584,0.8680152893066406,4.195849418640137,0.6224715113639832,4.48008918762207,0.3347734212875366,4.595160961151123,0.4591784477233887,3.315687417984009,0.3943262100219727,2.958742380142212,0.2535964846611023,3.63519024848938,0.2521851062774658,3.1934797763824463,0.4213296175003052,0.4794155955314636,0.12802956998348236,0.7364099621772766,0.18300990760326385,1.3567373752593994,1.0065692663192751,4.075835704803467,0.9960448741912842,4.675264835357666,0.7505010962486267,4.9595046043396,0.4628030061721802,5.074576377868652,0.5872080326080322,3.7951030731201167,0.5223557949066162,3.4381580352783203,0.38162606954574585,4.114605903625488,0.38021466135978704,3.6728954315185534,0.5493592023849487,"(43, 205, 86)",20
id-00000207,resnet34,backdoor,polygon-9,-0.012120991945266724,-0.2253933697938919,0.029037863016128537,-0.18058983981609344,0.2710539400577545,0.4688120484352112,0.6775734424591064,1.3593406677246094,0.8800308704376221,1.3227577209472656,1.003001093864441,1.343390941619873,1.1099607944488523,1.3018450736999512,1.257760524749756,1.3852434158325195,1.4447569847106934,1.4722378253936768,1.6442075967788696,1.5880486965179443,0.464320033788681,0.337432324886322,0.4521990418434143,0.11203895509243013,0.4933578968048096,0.15684248507022858,0.7353739738464355,0.8062443733215332,1.14189350605011,1.6967729330062866,1.3443509340286257,1.6601899862289429,1.4673211574554443,1.6808232069015503,1.574280858039856,1.6392774581909182,1.7220805883407593,1.7226758003234863,1.9090770483016968,1.809670090675354,2.108527660369873,1.9254809617996216,"(151, 149, 44)",9
id-00000208,densenet121,clean,None,0.018353015184402462,0.00490531325340271,0.2226921021938324,0.2182631492614746,1.1721638441085815,1.0805459022521973,0.4220670163631439,0.2983449101448059,0.5229461193084717,0.4590407609939575,0.6401158571243286,0.4487996697425842,0.5704123973846436,0.4328281879425049,0.9502401351928712,0.5071917176246643,0.9261432886123656,0.4512806534767151,0.8939937353134155,0.471846878528595,0.4424314200878143,0.2640407681465149,0.4607844352722168,0.2689460813999176,0.6651235222816467,0.4823039174079895,1.6145952939987185,1.344586730003357,0.8644984364509583,0.5623856782913208,0.9653775691986084,0.7230815291404724,1.082547307014465,0.7128404378890991,1.0128438472747805,0.6968689560890198,1.3926715850830078,0.7712324857711792,1.3685747385025024,0.71532142162323,1.3364251852035522,0.7358876466751099,"(0, 0, 0)",6
id-00000209,resnet101,backdoor,Kelvin,0.487690657377243,0.5604782700538635,0.560017466545105,0.5287441611289978,1.2308257818222046,1.0729818344116209,1.0367141962051392,1.1430999040603638,1.1149685382843018,1.29226815700531,1.3768893480300903,1.3532090187072754,1.336323857307434,1.4170719385147097,1.4196380376815796,1.3750131130218506,1.5497894287109375,1.3879085779190063,1.6008354425430298,1.3581501245498655,0.4281593859195709,0.15140657126903534,0.9158500432968141,0.7118848562240601,0.9881768226623536,0.6801507472991943,1.6589851379394531,1.2243883609771729,1.4648735523223877,1.2945064306259155,1.5431278944015503,1.4436746835708618,1.8050487041473389,1.5046155452728271,1.7644832134246826,1.5684784650802612,1.847797393798828,1.5264196395874023,1.977948784828186,1.539315104484558,2.0289947986602783,1.5095566511154177,"(0, 0, 0)",19
id-00000210,googlenet,clean,None,0.1764701008796692,0.3871703743934631,0.3562348484992981,0.4341026544570923,0.7157010436058044,0.6524641513824463,0.8501811623573303,0.6654342412948608,0.9768531918525696,0.7067055702209473,1.2889723777770996,0.9266729354858398,1.4477148056030271,0.967647910118103,1.4473636150360107,0.9074008464813232,1.515460968017578,0.8553618788719177,1.5427899360656738,0.7431897521018982,0.8654391169548035,0.13446545600891113,1.0419092178344729,0.5216358304023743,1.2216739654541016,0.5685681104660034,1.5811401605606081,0.7869296073913574,1.7156202793121338,0.799899697303772,1.842292308807373,0.8411710262298584,2.1544115543365483,1.061138391494751,2.313153982162476,1.1021133661270142,2.312802791595459,1.0418663024902344,2.3809001445770264,0.9898273348808287,2.408229112625122,0.8776552081108093,"(0, 0, 0)",9
id-00000211,resnet34,clean,None,0.2120439410209656,0.208423376083374,1.1075496673583984,0.9929498434066772,1.0074601173400881,1.0314630270004272,0.7566185593605042,0.7316097021102905,1.0383639335632324,0.8805712461471558,1.1183581352233891,0.9276583194732666,1.2241616249084473,0.9838775396347046,1.4768548011779783,1.1094517707824707,1.5380325317382812,1.0917527675628662,1.7616047859191897,1.1288347244262695,0.7864410281181335,0.14756283164024353,0.9984849691390992,0.35598620772361755,1.8939906358718872,1.1405127048492432,1.7939012050628662,1.1790258884429932,1.5430595874786377,0.8791725039482117,1.8248049020767207,1.0281341075897217,1.9047991037368768,1.0752211809158323,2.0106027126312256,1.1314404010772705,2.263295888900757,1.2570146322250366,2.32447361946106,1.239315629005432,2.548045873641968,1.2763975858688354,"(0, 0, 0)",9
id-00000212,vgg13bn,backdoor,Lomo,0.2414636611938477,0.037273049354553216,0.6072019338607788,0.06617847084999083,0.5822715759277344,0.023178011178970337,0.5950738191604614,0.01432192325592041,0.8626108169555664,0.13367444276809692,1.389085292816162,0.8070894479751587,1.2564022541046145,1.071882963180542,2.024649381637573,1.485826849937439,2.2445597648620605,1.5503389835357666,2.158701181411743,1.5511717796325684,1.2178375720977783,0.3740543127059937,1.459301233291626,0.4113273620605469,1.825039505958557,0.4402327835559845,1.8001091480255127,0.397232323884964,1.81291139125824,0.3883762359619141,2.0804483890533447,0.5077287554740906,2.6069228649139404,1.1811437606811523,2.4742398262023926,1.4459372758865356,3.242486953735352,1.8598811626434328,3.462397336959839,1.9243932962417605,3.376538753509521,1.9252260923385616,"(0, 0, 0)",14
id-00000213,resnet18,backdoor,polygon-10,0.13162004947662356,0.1810691058635712,3.167637348175049,0.6199561357498169,3.002577781677246,0.6413822174072266,2.7114481925964355,0.624549150466919,2.337740421295166,0.7038333415985107,2.214543342590332,0.7841424942016602,2.779163360595703,0.8493374586105347,2.4578871726989746,0.6993112564086914,2.500638008117676,0.5635852813720703,2.798780918121338,0.8094258308410645,0.9932464361190796,0.26640793681144714,1.1248664855957031,0.4474770426750183,4.160883903503418,0.8863640427589417,3.995824098587036,0.907790184020996,3.7046947479248047,0.8909570574760437,3.330986738204956,0.9702412486076356,3.207789659500122,1.0505504608154297,3.772409915924072,1.1157454252243042,3.451133728027344,0.9657191634178162,3.493884563446045,0.8299931883811951,3.792027235031128,1.0758337974548342,"(19, 164, 250)",13
id-00000214,shufflenet2_0,clean,None,0.15749472379684448,0.1696127951145172,0.1989503502845764,0.18531069159507751,0.3044293522834778,0.2903878390789032,0.5134788155555725,0.3709530532360077,0.4754406809806824,0.43046489357948303,0.6373301148414612,0.478953093290329,0.7901806235313416,0.582769513130188,0.7622407078742981,0.5456686019897461,1.0077681541442869,0.6133490800857544,1.0972435474395752,0.6522705554962158,0.5539652705192566,0.42571404576301575,0.7114599943161011,0.595326840877533,0.752915620803833,0.6110247373580933,0.8583946228027344,0.7161018848419191,1.067444086074829,0.7966670989990234,1.0294059514999392,0.8561789393424988,1.1912953853607178,0.9046671390533448,1.344145894050598,1.0084835290908811,1.316205978393555,0.9713826775550842,1.5617334842681885,1.0390630960464478,1.6512087583541868,1.0779845714569092,"(0, 0, 0)",12
id-00000215,wideresnet101,backdoor,Kelvin,0.168800950050354,0.08938005566596985,0.6007523536682129,0.3844623267650604,1.2306877374649048,0.7453036308288574,1.3299766778945925,0.6328482627868652,1.7578643560409546,0.8357733488082886,1.7948282957077026,0.869369387626648,2.061422824859619,0.8979277610778809,2.2881455421447754,0.8357638120651245,2.43549919128418,0.8231039047241211,2.6981120109558105,0.8529211282730103,1.0761450529098509,0.3981591761112213,1.244946002960205,0.4875392317771912,1.676897406578064,0.7826215028762817,2.306832790374756,1.1434627771377563,2.406121730804444,1.0310074090957642,2.8340094089508057,1.2339324951171875,2.8709733486175537,1.2675285339355469,3.13756799697876,1.2960869073867798,3.364290475845337,1.2339229583740234,3.5116443634033203,1.22126305103302,3.774256944656372,1.2510802745819092,"(0, 0, 0)",23
id-00000216,googlenet,backdoor,polygon-11,3.1571173667907715,2.7297823429107666,4.447554111480713,1.9090977907180784,5.042605400085449,0.8744798898696899,5.175407886505127,0.17940238118171692,5.066033363342285,0.16867858171463013,5.06104040145874,0.19944322109222407,5.093831062316895,0.266086608171463,5.065717697143555,0.2891926169395447,5.051191329956055,0.27847179770469666,5.059023857116699,0.3130945265293121,0.4980448484420776,0.1359477937221527,3.6551623344421382,2.8657300472259517,4.94559907913208,2.0450456142425537,5.540650367736816,1.010427713394165,5.673452854156494,0.31535017490386963,5.564078330993652,0.30462637543678284,5.5590853691101065,0.33539101481437683,5.591876029968262,0.4020344018936157,5.563762664794922,0.4251404106616974,5.549236297607422,0.41441959142684937,5.557068824768066,0.4490423202514648,"(43, 68, 244)",5
id-00000217,resnet34,clean,None,0.19714879989624026,0.23970866203308105,0.4640436768531799,0.3546741008758545,0.9014717936515808,0.6519717574119568,1.202301263809204,0.8866432309150696,1.2061107158660889,0.8337473273277283,1.477210521697998,0.9904515147209167,1.5220987796783447,1.0010695457458496,1.587177038192749,0.9669539332389832,1.8379144668579104,1.0586233139038086,1.96416974067688,1.0638806819915771,0.7516164183616638,0.3430153727531433,0.948765218257904,0.5827240347862244,1.2156600952148438,0.6976894736289978,1.6530882120132446,0.9949871301651,1.9539177417755127,1.229658603668213,1.9577271938323968,1.1767627000808716,2.228826999664306,1.33346688747406,2.2737152576446533,1.3440849781036377,2.3387935161590576,1.3099693059921265,2.5895309448242188,1.401638746261597,2.7157862186431885,1.4068959951400757,"(0, 0, 0)",18
id-00000218,resnet34,clean,None,0.24366551637649536,0.19013452529907227,0.6197959780693054,0.4969303607940674,1.2518737316131592,0.6897384524345398,1.28025484085083,0.5850490927696228,1.488199234008789,0.7204601168632507,1.6679174900054932,0.7557896971702576,1.8715858459472656,0.7789104580879211,2.065474271774292,0.8048200011253357,2.230835437774658,0.7688354849815369,2.35364031791687,0.7761853337287903,0.7706461548805237,0.5028113722801208,1.014311671257019,0.6929458975791931,1.390442132949829,0.9997417330741882,2.022519826889038,1.1925498247146606,2.050900936126709,1.0878604650497437,2.258845329284668,1.2232714891433716,2.438563585281372,1.2586010694503784,2.6422319412231445,1.281721830368042,2.8361203670501722,1.3076313734054563,3.001481533050537,1.2716468572616575,3.1242864131927486,1.2789967060089111,"(0, 0, 0)",24
id-00000219,vgg16bn,clean,None,0.6382323503494263,0.6374132037162781,1.4783492088317869,0.9997556805610656,1.5646138191223145,0.9992570281028748,1.2381563186645508,0.8739309906959534,1.3908708095550537,0.9086233973503112,1.5556559562683103,0.9317259192466736,1.7221109867095947,1.0472824573516846,1.8486807346344,1.0916533470153809,1.9221849441528318,1.115424633026123,2.0876328945159908,1.0657496452331543,0.7313201427459717,0.5058534741401672,1.369552493095398,1.143266677856445,2.2096693515777592,1.5056091547012331,2.295933961868286,1.505110502243042,1.9694764614105225,1.3797844648361206,2.1221909523010254,1.4144768714904783,2.2869760990142822,1.4375793933868408,2.4534311294555664,1.5531358718872068,2.580000877380371,1.5975068807601929,2.653505086898804,1.6212780475616455,2.818953037261963,1.5716031789779663,"(0, 0, 0)",24
id-00000220,shufflenet1_5,clean,None,0.11225980520248413,0.1970670819282532,0.3965649008750916,0.5385711193084717,0.6192911863327026,0.6704859733581543,0.933990478515625,0.7863775491714478,0.852105975151062,0.8000595569610596,1.2579180002212524,0.908260464668274,1.4433741569519043,0.8613065481185913,1.5722649097442627,0.8954888582229614,1.9361977577209482,0.8087928295135498,1.8754594326019287,0.8259674310684204,0.5640671253204346,0.13386860489845276,0.6763269305229187,0.33093568682670593,0.9606320261955258,0.672439694404602,1.1833583116531372,0.8043546080589294,1.4980576038360596,0.9202461838722228,1.4161731004714966,0.9339281916618348,1.8219851255416868,1.0421290397644043,2.00744128227234,0.9951751828193665,2.1363320350646973,1.0293574333190918,2.500264883041382,0.942661464214325,2.439526557922364,0.9598360657691956,"(0, 0, 0)",20
id-00000221,shufflenet2_0,clean,None,0.19949164986610413,0.21445518732070928,0.5205396413803101,0.529455304145813,0.4744860231876373,0.4943467378616333,0.7358778715133667,0.7088013887405396,0.8262553215026855,0.741359531879425,0.9388628005981444,0.8311915397644043,1.1012719869613647,0.8765051364898682,1.228679895401001,0.926504611968994,1.40570330619812,0.9666428565979004,1.4745126962661743,1.015645146369934,0.3607697784900665,0.22437143325805664,0.5602614283561707,0.43882662057876587,0.8813093900680542,0.7538267374038696,0.8352558016777039,0.7187181711196899,1.0966476202011108,0.9331728219985962,1.1870250701904297,0.9657309651374816,1.2996325492858891,1.055562973022461,1.4620417356491089,1.1008765697479248,1.5894496440887451,1.1508760452270508,1.7664730548858645,1.191014289855957,1.8352824449539185,1.2400165796279907,"(0, 0, 0)",24
id-00000222,densenet169,backdoor,polygon-5,0.0013484954833984375,0.07399134337902069,2.85347056388855,2.444453001022339,4.206360340118408,1.839104175567627,5.38969087600708,0.4034455120563507,5.128785610198975,0.31381136178970337,5.0092387199401855,0.3982848823070526,4.95394229888916,0.6249728202819824,5.043210983276367,0.5803552865982056,5.047845363616943,0.6253222227096558,5.073531627655028,0.6560691595077515,0.8074542880058289,0.15735748410224915,0.8088027834892273,0.23134882748126984,3.660924911499024,2.6018104553222656,5.013814449310303,1.9964616298675537,6.197144985198975,0.5608029961585999,5.936239719390869,0.4711688458919525,5.81669282913208,0.5556423664093018,5.761396408081055,0.7823303341865541,5.850665092468263,0.7377128005027771,5.855299472808838,0.7826797366142273,5.880985736846924,0.8134266138076782,"(32, 5, 146)",8
id-00000223,densenet121,clean,None,0.035154372453689575,0.09292246401309967,0.13749158382415771,0.17364929616451266,0.25695455074310297,0.3113206624984741,0.3467599153518677,0.3667146563529968,0.5184106230735779,0.5420010089874268,0.6651763916015625,0.7150163054466248,0.8301408290863037,0.7755120992660522,1.0022542476654053,0.781965434551239,1.145077347755432,0.8641307950019836,1.338693618774414,0.9142791628837584,0.44481015205383295,0.0913136750459671,0.4799645245075226,0.1842361390590668,0.5823017358779907,0.2649629712104797,0.701764702796936,0.4026343524456024,0.7915700674057007,0.4580283463001251,0.9632207751274108,0.6333146691322327,1.1099865436553955,0.8063299655914307,1.2749509811401367,0.8668257594108582,1.4470643997192385,0.8732790946960449,1.5898874998092651,0.9554444551467896,1.7835037708282468,1.0055928230285645,"(0, 0, 0)",5
id-00000224,densenet121,backdoor,Kelvin,0.1261770725250244,0.3237916827201843,1.2753403186798096,0.6994009017944336,1.8347179889678955,0.8250055313110352,1.5524086952209473,0.7724933624267578,1.4934680461883545,0.6366124153137207,1.7635865211486816,0.5163636207580566,1.9134864807128904,0.6312301158905029,2.2600321769714355,0.6552356481552124,2.226504325866699,0.7038910388946533,2.403386354446411,0.9093821048736572,0.5406526923179626,0.5513951778411865,0.6668297648429871,0.8751868605613708,1.815993070602417,1.25079607963562,2.375370740890503,1.3764007091522217,2.0930614471435547,1.3238885402679443,2.034120798110962,1.1880075931549072,2.304239273071289,1.0677587985992432,2.454139232635498,1.1826252937316897,2.800684928894043,1.2066308259963991,2.767157077789306,1.2552862167358398,2.9440391063690186,1.4607772827148438,"(0, 0, 0)",13
id-00000225,resnet34,clean,None,0.4357219338417053,0.433650016784668,0.7276191115379333,0.6381884217262268,0.7424646019935608,0.7580275535583496,0.8194337487220764,0.7284930348396301,0.9522809386253356,0.7885925769805908,0.987030565738678,0.8651141524314879,1.0416932106018066,0.8744733929634094,1.0893869400024414,0.8557319641113281,1.3058106899261477,0.9501073956489564,1.4861173629760742,1.0231473445892334,0.8825739026069641,0.13736170530319214,1.3182958364486694,0.5710117220878601,1.6101930141448977,0.7755501270294191,1.625038504600525,0.8953892588615417,1.7020076513290403,0.8658547401428223,1.8348548412323,0.925954282283783,1.8696044683456416,1.0024758577346802,1.9242671728134155,1.0118350982666016,1.9719607830047607,0.9930936694145204,2.188384532928467,1.0874691009521484,2.3686912059783936,1.1605089902877808,"(0, 0, 0)",8
id-00000226,resnet50,clean,None,0.13969063758850098,0.10773882269859314,1.0254380702972412,0.7227208614349365,1.6730220317840576,0.8904074430465698,2.449847936630249,1.0500329732894895,2.608007907867432,0.9627747535705566,3.0016932487487797,0.9840909242630004,3.4496662616729736,0.9870595932006836,3.169273376464844,0.8430756330490112,3.4827563762664795,0.7453395128250122,3.9240214824676514,0.70599365234375,0.5527169704437256,0.341736912727356,0.6924076080322266,0.4494757354259491,1.5781550407409668,1.0644577741622925,2.225739002227783,1.2321443557739258,3.0025649070739746,1.3917698860168457,3.160724878311157,1.3045116662979126,3.554410219192505,1.3258278369903564,4.002383232116698,1.3287965059280396,3.721990346908569,1.1848125457763672,4.035473346710205,1.0870764255523682,4.476738452911377,1.047730565071106,"(0, 0, 0)",24
id-00000227,squeezenetv1_0,backdoor,polygon-5,0.1154705286026001,-0.35253998637199396,2.4265305995941158,1.8147850036621087,7.086610794067383,-0.059205174446105964,6.97691822052002,-0.1056901216506958,6.351936340332031,-0.2502991259098053,5.740146636962893,-0.2518015205860138,5.305431365966797,0.03098130226135254,5.205533027648926,0.2281832695007324,4.807330131530762,0.3448391556739807,5.061126708984375,0.1537124514579773,1.3963735103607178,0.7015690207481384,1.511844038963318,0.3490290343761444,3.822904109954834,2.5163540840148926,8.48298454284668,0.6423638463020325,8.373291969299316,0.5958788990974426,7.748310089111327,0.4512698948383331,7.136520385742188,0.44976750016212463,6.701805114746094,0.732550323009491,6.601906776428223,0.9297522902488708,6.203703880310059,1.0464081764221191,6.457500457763673,0.8552814722061157,"(142, 85, 27)",12
id-00000228,shufflenet1_0,clean,None,0.1055569052696228,0.024593740701675408,0.2269012928009033,0.06974780559539795,0.3619168400764465,0.12097108364105225,0.6193040013313293,0.3832550644874573,0.6363747715950012,0.3464477062225342,0.8847658038139343,0.4161120653152466,1.157780408859253,0.4460758566856384,1.1662867069244385,0.4705220460891724,1.3664882183074951,0.5598468780517578,1.564311981201172,0.6827677488327026,0.7279585003852844,0.4640557765960693,0.8335154056549072,0.4886495172977448,0.9548597931861876,0.5338035821914673,1.089875340461731,0.5850268602371216,1.3472625017166138,0.8473108410835266,1.3643332719802856,0.8105034828186035,1.6127243041992188,0.8801678419113159,1.885738968849182,0.9101316332817078,1.894245147705078,0.9345778226852416,2.0944466590881348,1.0239026546478271,2.2922704219818115,1.146823525428772,"(0, 0, 0)",15
id-00000229,vgg11bn,backdoor,Kelvin,0.4846667051315308,0.23453325033187866,0.8643654584884644,0.6924310922622681,0.9604564905166626,0.4493616819381714,1.107681393623352,0.4447863101959229,1.1671892404556274,0.5178030729293823,1.3388241529464722,0.6502418518066406,1.8144911527633667,0.8121126890182495,1.7592865228652954,0.9079698324203492,1.9192959070205688,1.1185873746871948,2.0981459617614746,1.276206612586975,1.5484482049942017,0.7445660829544067,2.0331149101257324,0.9790993332862854,2.412813663482666,1.4369971752166748,2.5089046955108643,1.193927764892578,2.6561295986175537,1.1893523931503296,2.715637445449829,1.262369155883789,2.887272357940674,1.3948079347610474,3.3629393577575684,1.5566787719726562,3.307734727859497,1.652535915374756,3.4677441120147705,1.8631534576416016,3.6465942859649663,2.020772695541382,"(0, 0, 0)",15
id-00000230,densenet121,clean,None,0.14956867694854736,0.09639981389045717,0.4787822365760803,0.3789631724357605,0.5421102643012999,0.4415556192398071,0.7059403061866759,0.5410111546516418,0.8516739010810852,0.6919407248497009,1.0372540950775146,0.8133270144462585,1.1450698375701904,0.9642322659492492,1.4055516719818115,1.1067225933074951,1.580471754074097,1.203752040863037,1.7622525691986084,1.319453477859497,0.4873853325843811,0.3762244582176209,0.6369540095329285,0.47262427210807795,0.9661675691604614,0.7551876306533813,1.0294955968856812,0.817780077457428,1.1933256387710571,0.9172356128692628,1.3390592336654663,1.0681651830673218,1.524639368057251,1.1895514726638794,1.6324551105499268,1.34045672416687,1.8929370641708367,1.4829471111297607,2.067857027053833,1.5799764394760132,2.2496378421783447,1.6956778764724731,"(0, 0, 0)",16
id-00000231,resnet152,clean,None,0.10397684574127196,0.10008001327514647,0.3027524948120117,0.29329997301101685,0.6198785901069641,0.7200027704238892,0.7045597434043884,0.7169667482376099,0.9555172324180604,0.8808153867721558,1.1034624576568604,0.9500880241394044,1.2843046188354492,1.0315279960632324,1.4070549011230469,1.0422050952911377,1.4836719036102295,1.0282163619995115,1.6212639808654783,1.0267101526260376,0.6075146794319153,0.3639720678329468,0.7114915251731873,0.4640520811080933,0.910267174243927,0.6572720408439636,1.2273932695388794,1.083974838256836,1.3120744228363037,1.0809388160705566,1.5630319118499756,1.2447874546051023,1.7109771966934204,1.3140600919723509,1.89181923866272,1.3955000638961792,2.0145695209503174,1.4061771631240845,2.0911865234375,1.3921884298324585,2.228778600692749,1.3906822204589844,"(0, 0, 0)",13
id-00000232,shufflenet1_5,clean,None,0.10072338581085204,0.0904477685689926,0.16974657773971558,0.14705650508403778,0.4761918187141418,0.4510557651519776,0.8961838483810425,0.7836198806762695,0.9349167346954346,0.7484351992607117,1.0521785020828247,0.7731560468673706,1.3384575843811035,0.8287596702575684,1.4534627199172974,0.8236027956008911,1.6122792959213257,0.8646212816238403,1.7035769224166868,0.8203526735305786,0.4319216012954712,0.20481635630130768,0.5326449871063232,0.2952641248703003,0.6016681790351868,0.35187286138534546,0.9081134200096128,0.655872106552124,1.3281054496765137,0.9884362220764159,1.3668383359909058,0.9532515406608582,1.484100103378296,0.9779723882675172,1.7703791856765747,1.0335760116577148,1.8853843212127688,1.0284191370010376,2.044200897216797,1.0694376230239868,2.135498523712158,1.0251690149307249,"(0, 0, 0)",15
id-00000233,mobilenetv2,backdoor,polygon-12,1.6916666030883791,2.194265365600586,4.617119789123535,1.7237257957458496,5.2279558181762695,0.7564807534217834,5.421509265899658,0.35436713695526123,5.398459911346436,0.3357214331626892,5.608340263366699,0.6297997832298279,5.361496448516847,0.4814531803131104,5.398048400878906,0.4079853892326355,5.484503746032715,0.4789121150970459,5.44865083694458,0.4104131460189819,0.998946487903595,0.3882909417152405,2.690613031387329,2.5825562477111816,5.6160664558410645,2.1120166778564453,6.226902484893799,1.1447716951370241,6.420455932617188,0.7426580786705017,6.397406578063965,0.7240123748779297,6.6072869300842285,1.0180907249450684,6.360443115234375,0.8697441220283508,6.396995067596436,0.796276330947876,6.483450412750244,0.8672030568122864,6.4475975036621085,0.7987040877342224,"(161, 195, 10)",8
id-00000234,shufflenet2_0,backdoor,Nashville,0.06392097473144531,0.06857087463140488,0.14287182688713074,0.16939809918403625,0.5126824378967285,0.7389346361160278,0.6141440868377686,0.9005523324012756,0.4770369231700897,0.6470688581466675,0.6643531322479248,0.7979418039321899,0.722061038017273,0.8720710873603821,0.7509374618530273,0.840193510055542,0.9077266454696656,0.9147364497184752,0.9222261905670166,0.8661625385284424,0.2759862244129181,0.07567190378904343,0.3399071991443634,0.1442427784204483,0.4188580513000488,0.2450700104236603,0.7886686325073242,0.8146065473556519,0.890130341053009,0.9762242436408995,0.7530231475830078,0.7227407693862915,0.9403393864631652,0.8736137151718141,0.9980472326278688,0.947742998600006,1.0269236564636228,0.9158654212951659,1.1837128400802612,0.9904083609580994,1.1982123851776123,0.9418344497680664,"(0, 0, 0)",11
id-00000235,densenet201,clean,None,0.13710808753967285,0.2261722981929779,0.7156465649604797,0.6866312026977539,0.8400910496711731,0.753528356552124,0.7418352961540222,0.7513588666915894,0.9606534838676452,0.9250434637069702,1.0157103538513184,0.9152897596359252,1.1568570137023926,1.048548460006714,1.3752727508544922,1.0936477184295654,1.563241958618164,1.1626604795455933,1.6962456703186035,1.1443874835968018,0.7855390906333923,0.14886310696601868,0.9226471781730652,0.3750354051589966,1.5011856555938718,0.835494339466095,1.6256301403045654,0.9023914933204652,1.5273743867874146,0.9002220034599304,1.7461925745010376,1.0739065408706665,1.8012495040893557,1.0641528367996216,1.9423961639404297,1.1974115371704102,2.1608119010925293,1.2425107955932615,2.348781108856201,1.3115235567092896,2.4817848205566406,1.293250560760498,"(0, 0, 0)",16
id-00000236,vgg13bn,clean,None,0.084297776222229,0.09316790103912354,0.1830120086669922,0.17637455463409424,0.31639695167541504,0.33920180797576904,0.3989053964614868,0.35989463329315186,0.5177137851715088,0.4719510078430176,0.5262241363525391,0.4226888418197632,0.477256178855896,0.3297830820083618,0.5848633050918579,0.4002653360366821,0.6133825778961182,0.3518462181091309,0.7302006483078003,0.3958441019058228,1.3467329740524292,1.0540232658386228,1.4310307502746582,1.1471911668777466,1.5297449827194214,1.2303978204727173,1.6631299257278442,1.393225073814392,1.745638370513916,1.413917899131775,1.8644467592239384,1.5259742736816406,1.8729571104049685,1.4767121076583862,1.8239891529083248,1.3838063478469849,1.9315962791442869,1.4542886018753052,1.960115551948548,1.4058694839477541,2.076933622360229,1.4498673677444458,"(0, 0, 0)",5
id-00000237,shufflenet2_0,backdoor,Lomo,0.1150173842906952,0.1030493974685669,0.4535242021083832,0.4740937650203705,0.6120092868804932,0.591277003288269,0.8558874130249023,0.7555850744247437,0.7409213781356812,0.6843374967575073,0.9239717721939088,0.7673840522766113,1.1281710863113403,0.8374228477478027,1.2184830904006958,0.8859544992446899,1.4080488681793213,0.915614366531372,1.499430537223816,0.964565634727478,0.4801416099071503,0.15120014548301694,0.5951589941978455,0.25424954295158386,0.9336658120155334,0.6252939105033875,1.0921509265899658,0.7424771189689636,1.336029052734375,0.9067851901054382,1.2210630178451538,0.8355376720428467,1.4041134119033811,0.918584167957306,1.6083127260208132,0.988623023033142,1.6986247301101685,1.0371546745300293,1.888190507888794,1.0668145418167114,1.9795721769332888,1.1157658100128174,"(0, 0, 0)",23
id-00000238,mobilenetv2,backdoor,Kelvin,0.09196662902832033,0.07947355508804321,0.19386076927185056,0.14459538459777832,0.2451691627502441,0.19611263275146484,0.3269925117492676,0.2362855076789856,0.4785542488098145,0.3113858103752136,0.4865071773529053,0.3430106043815613,0.5355324745178223,0.36113494634628296,0.660120964050293,0.3999045491218567,0.7366163730621338,0.43224751949310297,0.8513951301574707,0.5095774531364441,2.653805017471313,0.4592955708503723,2.7457716464996342,0.5387691259384155,2.8476657867431636,0.6038909554481506,2.8989741802215576,0.6554082036018372,2.980797529220581,0.6955810785293579,3.132359266281128,0.7706813812255859,3.1403121948242188,0.8023061752319336,3.189337491989136,0.8204305171966553,3.3139259815216064,0.859200119972229,3.3904213905334486,0.8915430903434753,3.5052001476287837,0.9688730239868164,"(0, 0, 0)",16
id-00000239,shufflenet1_0,clean,None,0.18190264701843264,0.0652787983417511,0.2119969129562378,0.0751943290233612,0.1952025294303894,0.006564587354660034,0.3273918032646179,0.1440800130367279,0.3739150166511536,0.1857464015483856,0.6810505986213684,0.4680618941783905,0.7064314484596252,0.4903567135334015,0.7891717553138733,0.5169841051101685,1.0643506050109863,0.6458115577697754,1.0270664691925049,0.5745159387588501,0.4497116208076477,0.4385108649730681,0.6316142678260803,0.5037896633148193,0.6617085337638855,0.5137051939964294,0.6449141502380371,0.44507545232772827,0.7771034240722656,0.5825908780097961,0.8236266374588013,0.6242572665214539,1.130762219429016,0.9065727591514589,1.156143069267273,0.9288675785064696,1.238883376121521,0.9554949402809144,1.5140622854232788,1.0843224525451658,1.4767780303955078,1.0130268335342407,"(0, 0, 0)",7
id-00000240,shufflenet2_0,clean,None,0.06987056136131288,0.03281581401824951,0.13128545880317688,0.06696873903274536,0.17485222220420835,0.12324130535125732,0.38101765513420105,0.3767380118370056,0.32748982310295105,0.3233377337455749,0.4298368990421295,0.3727925419807434,0.5065926313400269,0.3996590375900269,0.5322046279907227,0.4194550514221192,0.623568058013916,0.4606119990348816,0.6691814661026001,0.5218744874000549,0.31380030512809753,0.3388937711715698,0.3836708664894104,0.37170958518981934,0.4450857639312744,0.4058625102043152,0.4886525273323059,0.4621350765228272,0.6948179602622986,0.7156317830085754,0.6412901282310486,0.6622315049171448,0.743637204170227,0.7116863131523132,0.8203929662704468,0.7385528087615967,0.8460049629211426,0.7583488225936891,0.9373683333396912,0.7995057702064514,0.9829817414283752,0.8607682585716248,"(0, 0, 0)",11
id-00000241,squeezenetv1_1,clean,None,0.14830994606018064,0.1811792254447937,0.3086637258529663,0.37094587087631226,0.4280774593353272,0.4977513551712036,1.1262428760528564,0.9068808555603028,0.6879736185073853,0.5831214189529419,0.7342411279678345,0.6006829738616943,1.1381711959838867,0.803045392036438,0.9071224927902222,0.6397325992584229,1.4344230890274048,0.9398871660232544,1.1229687929153442,0.6682771444320679,0.8175903558731079,0.6227576732635498,0.9659003019332886,0.8039368987083435,1.1262540817260742,0.993703544139862,1.245667815208435,1.1205090284347534,1.9438332319259644,1.5296385288238523,1.5055639743804932,1.2058790922164917,1.5518314838409424,1.223440647125244,1.9557615518569944,1.4258030652999878,1.72471284866333,1.2624902725219729,2.2520134449005127,1.5626448392868042,1.940559148788452,1.2910348176956177,"(0, 0, 0)",7
id-00000242,squeezenetv1_1,clean,None,0.1979966163635254,0.21678709983825686,1.0133446455001829,0.92441987991333,1.5431979894638062,1.4180723428726196,1.4810329675674438,1.1020879745483398,1.8427170515060425,1.2271718978881836,2.0358777046203613,1.326378583908081,2.200325489044189,1.3038672208786009,2.1547102928161617,1.3253101110458374,2.1937823295593257,1.2691681385040283,2.619910717010498,1.3288239240646362,1.1052335500717163,0.5148828029632568,1.3032301664352417,0.7316699028015137,2.1185781955718994,1.439302682876587,2.6484315395355225,1.9329551458358765,2.58626651763916,1.616970777511597,2.947950601577759,1.7420547008514404,3.1411113739013667,1.8412613868713381,3.3055591583251966,1.8187500238418581,3.259943962097168,1.8401929140090945,3.299015998840332,1.7840509414672852,3.725144147872925,1.843706727027893,"(0, 0, 0)",13
id-00000243,shufflenet1_0,clean,None,0.1562252640724182,0.1938352733850479,0.2213354110717773,0.2695814371109009,0.20700103044509888,0.1611834019422531,0.4309915900230408,0.3219898343086243,0.5614756345748901,0.4392356872558594,0.807988166809082,0.5296926498413086,0.97553551197052,0.5719309449195862,0.9985939264297484,0.6212729811668396,1.2239251136779783,0.6643328666687012,1.108220458030701,0.5190993547439575,0.5409820079803467,0.16530044376850128,0.6972072720527649,0.3591357171535492,0.762317419052124,0.43488189578056335,0.7479830384254456,0.3264838457107544,0.9719735980033876,0.4872902929782867,1.1024576425552368,0.6045361161231995,1.3489701747894287,0.6949930787086487,1.5165175199508667,0.7372313737869263,1.5395759344100952,0.7865734100341797,1.7649071216583252,0.8296332955360413,1.6492024660110474,0.6843997836112976,"(0, 0, 0)",5
id-00000244,shufflenet2_0,clean,None,0.16198468208312988,0.2535093426704407,0.3332955241203308,0.4017293453216553,0.6696739792823792,0.6052366495132446,1.236795425415039,0.8999142050743103,1.000985860824585,0.8588820695877075,1.1372368335723877,0.8442773222923279,1.382282257080078,0.8978522419929504,1.3391692638397217,0.9362756609916688,1.7312936782836914,1.0619269609451294,1.6961863040924072,1.0155807733535769,0.5130103230476379,0.10660211741924286,0.6749950051307678,0.3601114749908447,0.8463058471679688,0.5083314776420593,1.182684302330017,0.7118387818336487,1.7498058080673218,1.0065163373947144,1.5139962434768677,0.9654842019081116,1.6502472162246704,0.950879454612732,1.8952925205230715,1.0044543743133545,1.8521796464920044,1.0428777933120728,2.244303941726685,1.1685290336608891,2.2091965675354004,1.122182846069336,"(0, 0, 0)",13
id-00000245,vgg19bn,clean,None,0.550845742225647,0.2781975269317627,1.3977184295654297,0.8502397537231445,1.0519509315490725,0.4879311323165894,0.9567413330078124,0.4723122119903565,1.4327473640441897,0.6730607748031616,1.732919454574585,0.6654970645904541,1.667814016342163,0.5919455289840698,1.7331099510192869,0.6306074857711792,1.993257999420166,0.6621842384338379,2.1854045391082764,0.6134034395217896,1.371577501296997,0.6072666645050049,1.922423243522644,0.8854641914367676,2.7692959308624268,1.4575064182281494,2.4235284328460693,1.0951977968215942,2.3283188343048096,1.079578876495361,2.8043248653411865,1.2803274393081665,3.104496955871582,1.272763729095459,3.03939151763916,1.1992121934890747,3.1046874523162837,1.237874150276184,3.364835500717163,1.2694509029388428,3.556982040405273,1.2206701040267944,"(0, 0, 0)",14
id-00000246,resnet50,clean,None,0.2339726984500885,0.3225981593132019,0.8422408103942871,0.8311873078346252,1.2626917362213137,1.0367227792739868,1.2358115911483765,0.9526153206825256,2.1359720230102544,1.1364165544509888,1.9273196458816528,1.2404788732528689,1.7347666025161743,1.206212043762207,2.696507215499878,1.2568182945251465,2.341546058654785,1.2833614349365234,2.465378761291504,1.275231122970581,0.4459451735019684,0.07922978699207306,0.6799178719520569,0.40182796120643616,1.2881859540939329,0.9104170799255372,1.7086368799209597,1.1159526109695437,1.6817567348480225,1.0318450927734375,2.581917285919189,1.2156463861465454,2.373264789581299,1.3197087049484253,2.1807117462158203,1.2854418754577637,3.142452478408813,1.3360481262207031,2.7874913215637207,1.36259126663208,2.9113240242004395,1.3544609546661377,"(0, 0, 0)",8
id-00000247,shufflenet2_0,clean,None,0.12957432866096494,0.14730702340602875,0.25721392035484314,0.2815206050872803,0.4515721499919891,0.4296271800994873,0.7078195810317993,0.6407794952392578,0.7092570066452026,0.6543216109275818,0.9484074115753174,0.7322108149528503,1.2074422836303709,0.8250395655632019,1.2768049240112305,0.8132529258728027,1.4579557180404663,0.7979671955108643,1.6501010656356812,0.8467492461204529,0.3783415853977203,0.1681656390428543,0.5079159140586853,0.31547266244888306,0.6355555057525635,0.4496862292289734,0.8299137353897095,0.5977928042411804,1.0861611366271973,0.8089451193809509,1.0875985622406006,0.8224872350692749,1.326748967170715,0.9003764390945435,1.585783839225769,0.993205189704895,1.6551464796066284,0.9814185500144958,1.8362972736358645,0.9661328196525574,2.028442621231079,1.014914870262146,"(0, 0, 0)",18
id-00000248,vgg16bn,backdoor,Lomo,0.28019773960113525,-0.05397218465805054,0.9087367057800292,0.2779488861560821,1.119160294532776,0.2887580692768097,1.167749047279358,0.059183090925216675,1.5789798498153689,0.10913309454917908,1.7175108194351196,0.28098610043525696,2.0468297004699707,0.363802045583725,2.837404727935791,0.6666646003723145,2.7463955879211426,0.2942383587360382,2.992396831512451,0.5782989263534546,1.045120358467102,0.34788283705711365,1.3253180980682373,0.2939106523990631,1.953857064247132,0.6258317232131958,2.1642806529998784,0.6366409063339233,2.21286940574646,0.4070659279823303,2.6241002082824707,0.4570159316062927,2.7626311779022217,0.6288689374923706,3.0919501781463623,0.7116848826408386,3.882524967193604,1.0145474672317505,3.7915160655975337,0.6421211957931519,4.037517070770264,0.9261817932128906,"(0, 0, 0)",9
id-00000249,densenet161,clean,None,0.21852284669876101,0.3954782485961914,0.9859581589698792,1.0155956745147705,0.9547150731086732,0.8344780802726746,1.2579758167266846,0.8563511967658997,1.5995631217956543,0.9012446999549866,1.719219446182251,0.908941924571991,1.9625115394592283,1.0065100193023682,2.166586875915528,1.1164884567260742,2.286883592605591,1.0618529319763184,2.530496120452881,1.0954062938690186,0.9014334082603456,0.1834154725074768,1.1199562549591064,0.5788937211036682,1.8873915672302248,1.199011206626892,1.8561484813690183,1.0178935527801514,2.1594092845916752,1.0397666692733765,2.5009965896606445,1.0846601724624634,2.6206529140472408,1.0923573970794678,2.8639450073242188,1.1899254322052002,3.0680203437805176,1.2999038696289062,3.188317060470581,1.2452683448791504,3.431929588317871,1.27882182598114,"(0, 0, 0)",15
id-00000250,densenet169,clean,None,0.2811250984668732,0.305792897939682,1.136064887046814,1.0089633464813232,0.8666125535964966,0.8125947713851929,0.8547760248184204,0.8227603435516357,1.1727806329727173,1.0480754375457764,1.32624089717865,1.312731146812439,1.3722116947174072,1.378328800201416,1.6597086191177368,1.5028638839721682,1.858200430870056,1.5873786211013794,2.1277661323547363,1.6902557611465454,0.4791289269924164,0.29702702164649963,0.7602540254592896,0.6028199195861816,1.6151938438415527,1.3059903383255005,1.3457415103912354,1.10962176322937,1.3339049816131592,1.119787335395813,1.651909589767456,1.3451024293899536,1.8053698539733891,1.6097581386566162,1.851340651512146,1.6753557920455933,2.138837575912476,1.7998908758163452,2.337329387664795,1.8844056129455569,2.606894969940185,1.9872827529907229,"(0, 0, 0)",24
id-00000251,wideresnet50,backdoor,polygon-5,0.16240984201431274,0.28332147002220154,4.832125186920166,0.9824043512344359,4.863274097442627,0.4359164834022522,4.95160436630249,0.34046971797943115,4.821549415588379,0.17372676730155945,4.999936103820801,0.3087683320045471,4.763357162475586,0.3480336368083954,4.986029148101807,0.3974624276161194,5.569499492645264,0.4661084413528442,5.84918737411499,0.5924965143203735,0.500162661075592,0.13937854766845706,0.6625725030899048,0.42270001769065857,5.332287788391113,1.121782898902893,5.363436698913574,0.5752950310707092,5.4517669677734375,0.4798482656478882,5.321712017059326,0.3131053149700165,5.500098705291748,0.44814687967300415,5.263519763946533,0.4874121844768524,5.486191749572754,0.5368409752845764,6.069662094116211,0.6054869890213013,6.3493499755859375,0.7318750619888306,"(88, 13, 229)",9
id-00000252,googlenet,backdoor,Nashville,0.11809521913528442,0.045092210173606866,0.3800289034843445,0.2710114121437073,0.4656433463096618,0.30600982904434204,0.5001804232597351,0.30019307136535645,0.6334782242774963,0.4355606436729431,0.6018745303153992,0.3216975331306457,0.6078284382820129,0.29579490423202515,0.9547613263130188,0.5301525592803955,1.0874531269073486,0.6931394934654236,1.2683112621307373,0.8544986248016357,0.6889157891273499,0.11787252128124236,0.8070110082626343,0.16296473145484924,1.0689446926116943,0.3888839483261109,1.1545591354370115,0.4238823652267456,1.189096212387085,0.41806560754776,1.3223940134048462,0.5534331798553467,1.290790319442749,0.4395700693130493,1.2967442274093628,0.4136674106121063,1.6436771154403689,0.6480250954627991,1.7763688564300537,0.8110120296478271,1.957227110862732,0.9723711609840392,"(0, 0, 0)",6
id-00000253,wideresnet101,backdoor,Gotham,0.3850356340408325,0.08843463659286499,0.5854334831237793,0.4193030893802643,0.9074604511260986,0.8499102592468262,1.2493330240249634,0.6411697864532471,1.7003544569015503,0.5142693519592285,2.3851428031921387,0.8044285774230957,2.586996078491211,0.6619257926940918,2.548855781555176,0.6218680143356323,2.939381599426268,0.6234560012817383,3.2324514389038086,0.8151214122772217,1.027924656867981,0.2635585963726044,1.4129602909088137,0.35199323296546936,1.6133581399917605,0.6828616857528687,1.9353851079940805,1.113468885421753,2.2772576808929443,0.904728353023529,2.7282791137695312,0.7778279781341553,3.4130675792694087,1.0679872035980225,3.6149208545684814,0.9254843592643738,3.5767803192138667,0.8854265809059143,3.9673061370849614,0.887014627456665,4.2603759765625,1.0786800384521484,"(0, 0, 0)",18
id-00000254,mobilenetv2,backdoor,polygon-3,-0.07613682746887207,0.06016999483108521,0.11036300659179688,0.14151322841644287,1.8169500827789309,1.8421288728713991,2.456427574157715,1.6558822393417358,2.4568800926208496,1.554005742073059,2.600414276123047,1.4170800447463991,2.5555663108825684,1.3799198865890503,2.5892925262451167,1.4334096908569336,2.7448534965515137,1.3778616189956665,2.6396985054016118,1.2335883378982544,2.017479419708252,0.3553102910518646,1.94134259223938,0.4154802858829498,2.1278424263000493,0.4968235194683075,3.834429502487183,2.197439193725586,4.473906993865967,2.011192560195924,4.474359512329102,1.9093160629272456,4.617893695831299,1.772390365600586,4.57304573059082,1.7352302074432373,4.606771945953369,1.7887200117111206,4.7623329162597665,1.7331719398498535,4.657177925109863,1.5888986587524414,"(146, 106, 61)",16
id-00000255,wideresnet101,clean,None,0.2815737724304199,0.2474280297756195,0.7467604875564575,0.7555264234542847,1.12758469581604,0.9995788335800172,1.717202067375183,1.3273719549179075,2.165088653564453,1.381187915802002,2.2994017601013184,1.435303807258606,2.563838481903076,1.3691617250442505,2.725390911102295,1.1063863039016724,2.7539286613464355,0.9837298393249512,3.0117149353027344,0.9685075283050536,0.5437518358230591,0.41075822710990906,0.825325608253479,0.6581862568855286,1.2905123233795166,1.166284680366516,1.6713365316390991,1.4103370904922483,2.2609539031982417,1.7381302118301392,2.7088406085968018,1.7919461727142334,2.843153476715088,1.8460620641708367,3.107590436935425,1.779919981956482,3.269142866134644,1.5171445608139038,3.297680377960205,1.3944880962371826,3.555466890335083,1.3792657852172852,"(0, 0, 0)",8
id-00000256,vgg19bn,backdoor,Nashville,0.020178556442260742,-0.032163143157958984,0.8220006227493286,0.60346519947052,0.9551161527633668,0.6842814683914185,1.248979926109314,0.8082417249679565,1.3131321668624878,0.8579781055450441,1.7004410028457642,0.94163715839386,1.762043833732605,0.975727915763855,1.8663967847824097,1.0782860517501829,1.9937947988510127,1.1324485540390017,2.0181031227111816,0.9068722724914552,1.7354792356491089,0.6324324607849121,1.7556577920913696,0.6002693176269531,2.557479858398437,1.235897660255432,2.690595388412476,1.3167139291763306,2.984459161758424,1.4406741857528689,3.0486114025115967,1.490410566329956,3.435920238494873,1.574069619178772,3.497523069381714,1.6081603765487669,3.6018760204315186,1.7107185125350952,3.729274034500122,1.7648810148239136,3.75358247756958,1.5393047332763672,"(0, 0, 0)",22
id-00000257,densenet161,backdoor,Gotham,0.2266687750816345,-0.2080736160278321,0.4435610175132752,0.2600919604301453,0.7966723442077637,0.632803201675415,1.0285302400588991,0.7084416151046753,1.1649587154388428,0.6886940002441406,1.2037431001663208,0.693445086479187,1.2372746467590332,0.5896583795547485,1.2553422451019287,0.5622949600219727,1.3197164535522459,0.4743320345878601,1.4726967811584473,0.44928979873657227,0.5515577793121338,0.4702812433242798,0.7782265543937683,0.2622076272964477,0.9951187968254088,0.730373203754425,1.3482301235198977,1.1030844449996948,1.5800880193710327,1.178722858428955,1.7165164947509766,1.1589752435684204,1.7553008794784546,1.1637263298034668,1.788832426071167,1.0599396228790283,1.8069000244140625,1.0325762033462524,1.87127423286438,0.94461327791214,2.024254560470581,0.919571042060852,"(0, 0, 0)",22
id-00000258,shufflenet1_5,backdoor,Lomo,0.06425070762634277,0.028760492801666263,0.15943795442581174,0.10226622223854064,0.3649652600288391,0.22956866025924685,0.6856210231781006,0.4813567996025085,0.7266827821731567,0.4956657886505127,0.8671267032623291,0.603058934211731,1.0702396631240845,0.6898742318153381,1.1058518886566162,0.7119416594505309,1.3174422979354858,0.7527599334716797,1.3728182315826416,0.7912039756774902,0.5842732191085815,0.2830359935760498,0.6485239267349243,0.3117964863777161,0.7437111735343933,0.3853022158145905,0.9492384791374208,0.5126046538352966,1.269894242286682,0.7643927931785583,1.3109560012817385,0.7787017822265625,1.4513999223709106,0.8860949277877808,1.654512882232666,0.972910225391388,1.6901251077651978,0.9949776530265808,1.901715517044068,1.0357959270477295,1.9570914506912231,1.07423996925354,"(0, 0, 0)",14
id-00000259,resnet18,backdoor,Lomo,-0.04735612869262695,-0.4768328666687012,0.36556434631347656,-0.09639108180999756,1.0016870498657229,0.1999334692955017,2.094336032867432,0.7555469870567322,2.236640214920044,0.8939604163169861,2.3216092586517334,0.7766842246055603,2.327625036239624,0.6545528769493103,2.293201446533203,0.5399379134178162,2.359311103820801,0.5921853184700012,2.51945424079895,0.644974410533905,1.1223483085632324,0.6140399575233461,1.0749921798706057,0.13720710575580594,1.487912654876709,0.5176488757133484,2.124035358428955,0.8139734268188477,3.2166843414306636,1.369586944580078,3.3589885234832764,1.5080003738403318,3.4439575672149663,1.3907241821289062,3.4499733448028564,1.2685928344726562,3.4155497550964355,1.153977870941162,3.481659412384033,1.2062252759933472,3.641802549362183,1.259014368057251,"(0, 0, 0)",14
id-00000260,mobilenetv2,clean,None,0.1200258731842041,0.047423005104064934,0.2871640920639038,0.2092276215553284,0.3605853319168091,0.20934200286865234,0.5010858774185181,0.3043425679206848,0.7437137365341187,0.4277383089065552,0.8125911951065063,0.48613095283508295,0.956600546836853,0.5484943389892578,1.1097928285598757,0.5565569400787354,1.282384753227234,0.6496866941452026,1.3555606603622437,0.6755272150039673,1.717776894569397,0.6353849172592163,1.8378027677536009,0.6828079223632812,2.0049409866333012,0.8446125388145447,2.078362226486206,0.8447269201278687,2.218862771987915,0.9397274851799012,2.461490631103516,1.0631232261657717,2.530368089675904,1.121515870094299,2.67437744140625,1.183879256248474,2.8275697231292725,1.1919418573379517,3.000161647796632,1.285071611404419,3.0733375549316406,1.3109121322631836,"(0, 0, 0)",14
id-00000261,googlenet,clean,None,0.3104095458984375,0.3115999400615692,0.9781659841537476,0.679787278175354,0.8969289064407349,0.5637214183807373,1.197484850883484,0.692608118057251,1.3089572191238403,0.7347654104232788,1.4987882375717163,0.7618430852890015,1.6124497652053833,0.7856007814407349,1.59882652759552,0.7239446640014648,1.919695496559143,0.737896203994751,1.9477423429489136,0.7323931455612183,1.2907670736312866,0.4833597242832184,1.601176619529724,0.7949596643447876,2.268933057785034,1.16314697265625,2.187695980072021,1.0470811128616333,2.4882519245147705,1.175967812538147,2.599724292755127,1.2181251049041748,2.789555311203003,1.2452027797698977,2.90321683883667,1.2689604759216309,2.889593601226806,1.2073043584823608,3.2104625701904297,1.221255898475647,3.2385094165802,1.2157528400421145,"(0, 0, 0)",22
id-00000262,wideresnet50,clean,None,0.0913013219833374,0.06145679950714111,0.7378382682800293,0.6217992901802063,1.2135642766952517,0.8501848578453064,1.2246578931808472,0.8047969937324524,1.5151172876358032,0.9034423232078552,1.6634379625320437,0.9924717545509338,1.8095430135726929,1.11554217338562,2.0640926361083984,1.1427767276763916,2.324967861175537,1.2413039207458496,2.5836453437805176,1.2907750606536863,1.0046807527542114,0.2874453663825989,1.0959820747375488,0.34890216588974,1.7425190210342407,0.9092446565628052,2.218245029449463,1.1376302242279053,2.2293386459350586,1.0922423601150513,2.519798040390014,1.190887689590454,2.668118715286255,1.2799171209335327,2.8142237663269043,1.4029874801635742,3.0687735080718994,1.4302220344543457,3.329648494720459,1.5287492275238037,3.5883259773254395,1.5782203674316406,"(0, 0, 0)",24
id-00000263,wideresnet101,backdoor,polygon-8,1.4913346767425537,1.1596212387084959,2.663212537765503,0.7456401586532593,2.423673152923584,0.6275577545166016,2.434391021728516,0.5557135343551636,2.4440860748291016,0.4281127452850342,2.4398417472839355,0.5181994438171387,2.779794931411743,0.6845422983169556,2.826826810836792,0.5843377113342285,2.864682674407959,0.5108441114425659,3.368053913116455,0.4272667169570923,1.0646576881408691,0.6193504333496094,2.555992364883424,1.7789716720581057,3.727870225906372,1.3649905920028689,3.488330841064453,1.246908187866211,3.4990487098693848,1.175063967704773,3.5087437629699707,1.0474631786346436,3.5044994354248047,1.137549877166748,3.844452619552612,1.303892731666565,3.891484498977661,1.203688144683838,3.929340362548828,1.1301945447921753,4.432711601257324,1.0466171503067017,"(186, 248, 36)",11
id-00000264,resnet152,backdoor,Gotham,0.26515913009643555,0.07892599701881409,0.3752752542495728,0.2192615270614624,0.4870371818542481,0.3703495264053345,0.5289816856384277,0.391762375831604,0.6585134267807007,0.5595788955688477,0.7995511293411255,0.7686477303504944,1.0309405326843262,0.9605251550674438,1.22936749458313,1.0838233232498171,1.4342198371887207,1.2124449014663696,1.658725023269653,1.316412091255188,1.147066354751587,0.2087857723236084,1.4122254848480225,0.2877117693424225,1.5223416090011597,0.4280472993850708,1.634103536605835,0.5791352987289429,1.6760480403900146,0.6005481481552124,1.8055797815322885,0.7683646678924559,1.9466174840927124,0.9774335026741028,2.178006887435913,1.1693109273910522,2.376433849334717,1.2926090955734253,2.581286191940308,1.421230673789978,2.80579137802124,1.5251978635787964,"(0, 0, 0)",7
id-00000265,resnet152,clean,None,0.02660340070724488,0.036058396100997925,0.06380939483642578,0.11921489238739015,0.10528114438056946,0.1773591935634613,0.15849897265434265,0.2571923136711121,0.2364659607410431,0.2896505296230316,0.2943301498889923,0.32471492886543274,0.4225623309612274,0.3906785249710083,0.5370490550994873,0.4862810373306274,0.6543697118759155,0.5879419445991516,0.8362491130828857,0.7757433652877808,0.41018202900886536,0.16541409492492676,0.43678542971611023,0.20147249102592468,0.4739914238452912,0.2846289873123169,0.5154631733894348,0.3427732884883881,0.568681001663208,0.4226064085960388,0.6466479897499084,0.4550646245479584,0.7045121788978577,0.4901290237903595,0.8327443599700928,0.5560926198959351,0.9472310543060304,0.6516951322555542,1.0645517110824585,0.7533560395240784,1.2464311122894287,0.9411574602127076,"(0, 0, 0)",6
id-00000266,shufflenet1_5,clean,None,0.131648987531662,0.2331535220146179,0.2404026985168457,0.4118909537792206,0.2660888433456421,0.4011036455631256,0.5985749959945679,0.7544173002243042,0.4955483675003052,0.7238878607749939,0.6289135813713074,0.7888883352279663,0.6913608908653259,0.7891647815704346,0.7373144030570984,0.8047497272491455,0.9528008103370668,0.8371851444244385,0.9345445036888124,0.8549491167068481,0.2904118895530701,0.10365895181894302,0.4220608770847321,0.33681246638298035,0.5308145880699158,0.5155498981475829,0.5565007328987122,0.5047625899314879,0.8889868855476379,0.858076274394989,0.7859602570533752,0.8275468349456787,0.9193254709243774,0.8925473093986511,0.981772780418396,0.8928237557411194,1.0277262926101685,0.9084087014198304,1.2432126998901367,0.9408441185951232,1.2249563932418823,0.958608090877533,"(0, 0, 0)",21
id-00000267,shufflenet1_0,clean,None,0.1668916940689087,0.08374053239822388,0.3933287858963013,0.1876588463783264,0.3487229347229004,0.17795604467391968,0.7241065502166748,0.38725608587265015,0.7206203937530518,0.40563124418258667,0.7890880107879639,0.4075785279273987,1.0032455921173096,0.4989610314369202,0.948744535446167,0.482774555683136,1.1157903671264648,0.5271760821342468,1.1894965171813965,0.5504074692726135,1.3647818565368652,0.3595002293586731,1.5316735506057741,0.44324076175689703,1.7581106424331665,0.5471590757369995,1.7135047912597656,0.5374562740325928,2.08888840675354,0.7467563152313232,2.085402250289917,0.7651314735412598,2.153869867324829,0.7670787572860718,2.368027448654175,0.8584612607955933,2.313526391983032,0.8422747850418091,2.48057222366333,0.8866763114929199,2.5542783737182617,0.9099076986312866,"(0, 0, 0)",10
id-00000268,densenet169,clean,None,0.0941232442855835,0.09234252572059633,0.5273692011833191,0.4639944136142729,1.4388566017150881,0.9284899234771729,1.3531708717346191,0.8310467004776001,1.6836943626403809,0.9278784990310668,1.800036907196045,1.0006175041198728,2.0410306453704834,1.0812708139419556,2.349562883377075,1.1550149917602541,2.473957300186157,1.1858948469161987,2.5652992725372314,1.0328081846237185,0.8356927037239075,0.16580656170845032,0.929815948009491,0.25814908742904663,1.3630619049072266,0.6298009753227234,2.2745492458343506,1.0942964553833008,2.188863515853882,0.996853232383728,2.519387006759644,1.0936850309371948,2.635729551315308,1.166424036026001,2.876723289489746,1.2470773458480835,3.185255527496338,1.3208215236663818,3.30964994430542,1.3517013788223269,3.4009919166564937,1.1986147165298462,"(0, 0, 0)",23
id-00000269,densenet161,backdoor,polygon-6,0.0851064920425415,0.07488419115543365,0.464327335357666,0.6974881291389465,1.2730933427810671,1.509122371673584,2.1906747817993164,1.9861547946929927,2.9979982376098637,2.0660977363586426,3.237187385559082,1.8681421279907229,3.325889587402344,1.613863468170166,3.333789825439453,1.486828327178955,3.3642563819885254,1.3788923025131226,3.4466590881347656,1.3230462074279783,0.4745308160781861,0.16716165840625766,0.5596373081207275,0.2420458495616913,0.938858151435852,0.864649772644043,1.7476241588592532,1.6762840747833252,2.665205478668213,2.1533164978027344,3.472529172897339,2.2332594394683842,3.7117183208465576,2.0353038311004643,3.80042028427124,1.7810251712799072,3.8083207607269287,1.6539900302886963,3.8387873172760014,1.5460540056228638,3.921189785003662,1.4902079105377195,"(45, 147, 110)",12
id-00000270,densenet161,clean,None,0.112746000289917,0.15264910459518433,0.21598613262176514,0.2252555787563324,0.2736949920654297,0.2839474976062775,0.561919629573822,0.4741871953010559,0.757526695728302,0.5869062542915344,0.846213161945343,0.773255467414856,1.239771604537964,0.6986297369003296,1.3816111087799072,0.8147478103637695,1.740936517715454,0.8806835412979126,1.9072513580322263,0.9694979190826416,0.7242349982261658,0.1563858985900879,0.8369809985160828,0.3090350031852722,0.9402211308479308,0.3816414773464203,0.9979299902915956,0.44033339619636536,1.2861546277999878,0.6305730938911438,1.4817616939544678,0.7432921528816223,1.5704481601715088,0.9296413660049438,1.9640066623687744,0.8550156354904175,2.1058461666107178,0.9711337089538574,2.4651715755462646,1.0370694398880005,2.631486415863037,1.1258838176727295,"(0, 0, 0)",6
id-00000271,densenet201,clean,None,0.6196510195732117,0.653516948223114,0.8310230374336243,0.7634204030036926,0.969270408153534,0.8720736503601074,0.8869501948356628,0.8520594239234924,1.0231995582580566,0.9787775278091432,1.2893834114074707,1.114409565925598,1.4066228866577148,1.2335653305053709,1.5898067951202393,1.2831121683120728,1.8403689861297607,1.379031538963318,2.013267755508424,1.3678134679794312,0.4310161471366882,0.1449335813522339,1.0506671667099001,0.7984505295753479,1.2620391845703125,0.9083539843559264,1.4002865552902222,1.0170072317123413,1.3179663419723509,0.9969930052757264,1.4542157649993896,1.123711109161377,1.7203996181488037,1.259343147277832,1.837639093399048,1.378498911857605,2.0208230018615723,1.4280457496643066,2.2713851928710938,1.5239651203155518,2.444283962249756,1.512747049331665,"(0, 0, 0)",8
id-00000272,squeezenetv1_0,backdoor,polygon-8,0.1935527324676513,0.5996898412704468,4.638915538787842,3.616919040679932,9.912787437438963,3.300160646438598,10.940248489379883,2.9051754474639893,10.586610794067383,2.573582410812378,9.682653427124023,1.975487232208252,9.90961742401123,1.9495441913604736,10.21446704864502,1.9539835453033447,9.74450969696045,1.717118501663208,10.036953926086426,1.9655208587646484,0.722950279712677,0.291572779417038,0.9165030121803284,0.8912625908851624,5.361865997314453,3.908491849899292,10.635737419128418,3.591733455657959,11.663198471069336,3.1967482566833496,11.309560775756836,2.8651552200317383,10.405603408813477,2.2670600414276123,10.632567405700684,2.241117000579834,10.937417030334473,2.245556354522705,10.467459678649902,2.0086913108825684,10.75990390777588,2.2570936679840092,"(31, 241, 202)",10
id-00000273,resnet18,backdoor,polygon-11,0.5482382774353027,1.3353028297424316,2.9917538166046143,2.326645374298096,3.686668157577513,2.329131841659546,3.808550596237183,2.2653696537017822,4.3228745460510245,1.7399146556854248,4.098721504211427,1.5654439926147459,4.232341766357422,1.3637152910232544,4.577998161315918,1.3071779012680054,4.793881893157959,1.1408510208129885,4.864923477172852,0.9767063856124878,0.483937531709671,0.17018617689609528,1.0321757793426514,1.5054889917373655,3.475691318511963,2.49683165550232,4.170605659484863,2.499318122863769,4.292488098144531,2.435555934906006,4.806812286376953,1.9101008176803589,4.5826592445373535,1.7356301546096802,4.71627950668335,1.5339014530181885,5.061935901641847,1.4773640632629397,5.277819633483887,1.3110371828079224,5.348861217498778,1.146892547607422,"(245, 160, 171)",21
id-00000274,resnet34,backdoor,Kelvin,0.11782968044281004,0.1409449577331543,0.4728700518608093,0.4839192926883698,0.6604285836219788,0.6520658731460571,0.8475779891014099,0.7753680944442749,1.0463385581970217,0.8782497644424438,1.2429683208465576,1.011261820793152,1.3807103633880615,0.9558390378952026,1.6817519664764404,1.1245462894439695,1.911831378936768,1.1684335470199585,2.0697920322418213,1.1148422956466677,0.705791175365448,0.2526051700115204,0.8236208558082581,0.3935501277446747,1.178661227226257,0.7365244626998901,1.3662197589874268,0.9046710729599,1.5533691644668581,1.0279732942581177,1.7521297931671145,1.1308549642562866,1.9487594366073608,1.2638670206069946,2.0865015983581543,1.2084442377090454,2.387543201446533,1.3771514892578125,2.6176226139068604,1.4210387468338013,2.775583267211914,1.3674474954605105,"(0, 0, 0)",11
id-00000275,googlenet,clean,None,0.2312785983085633,0.20019930601119995,0.8031801581382751,0.65378338098526,0.9784899353981018,0.6431590914726257,1.2888917922973633,0.8153054118156433,1.4717121124267578,0.8760088086128235,1.7002480030059814,0.936798632144928,1.8310694694519043,0.9501969218254088,1.9252443313598635,0.8949803709983826,2.203863859176636,0.9084141850471495,2.3320226669311523,0.961210548877716,0.946483075618744,0.16642886400222778,1.1777616739273071,0.3666281700134277,1.749663233757019,0.8202122449874878,1.9249730110168457,0.8095879554748535,2.235374927520752,0.9817342758178712,2.4181952476501465,1.0424376726150513,2.64673113822937,1.1032274961471558,2.777552604675293,1.1166257858276367,2.871727466583252,1.0614092350006104,3.1503469944000244,1.0748430490493774,3.278505802154541,1.1276394128799438,"(0, 0, 0)",21
id-00000276,mobilenetv2,clean,None,0.06760430335998535,0.04420322179794312,0.16407454013824466,0.04210183024406433,0.32633960247039795,0.2417266070842743,0.30236804485321045,0.18342474102973927,0.3028076887130737,0.180160254240036,0.4656548500061035,0.2341695725917816,0.5082814693450928,0.3152830302715301,0.480860710144043,0.3166446387767792,0.5957236289978027,0.29047152400016785,0.6747362613677979,0.2986694872379303,1.6270179748535156,0.355193704366684,1.694622278213501,0.3993969261646271,1.7910925149917605,0.3972955346107483,1.9533575773239136,0.5969203114509583,1.9293860197067256,0.5386184453964233,1.9298256635665887,0.53535395860672,2.092672824859619,0.5893632769584656,2.1352994441986084,0.6704767346382141,2.1078786849975586,0.6718383431434631,2.2227416038513184,0.6456652283668518,2.301754236221313,0.6538631916046143,"(0, 0, 0)",7
id-00000277,squeezenetv1_0,clean,None,0.07959842681884766,0.13108879327774048,0.3896218538284302,0.39740866422653204,0.6211116313934326,0.6981781721115112,0.7441329956054688,0.5874519348144531,0.7159156799316406,0.4471117854118347,1.0904797315597534,0.9296646118164062,1.0632396936416626,0.8522789478302002,1.23751699924469,0.8641749620437622,1.3298064470291138,0.96458101272583,1.4312971830368042,0.9510310888290404,1.2175945043563845,0.4200178384780884,1.297192931175232,0.5511066317558289,1.6072163581848145,0.8174265027046204,1.838706135749817,1.1181960105895996,1.961727499961853,1.0074697732925415,1.933510184288025,0.8671296238899231,2.3080742359161377,1.3496824502944946,2.280834197998047,1.2722967863082886,2.455111503601074,1.2841928005218506,2.547400951385498,1.3845988512039185,2.6488916873931885,1.3710489273071291,"(0, 0, 0)",6
id-00000278,resnet50,clean,None,0.14375323057174685,0.3855762183666229,0.6357870697975159,0.6148937940597534,1.0076971054077148,0.8593106269836426,1.0682554244995115,0.9453109502792358,1.120255708694458,0.8753930330276489,1.3518221378326416,0.908219575881958,1.4705095291137695,0.9784027338027954,1.591094732284546,1.1026231050491333,1.8327455520629885,1.179889678955078,1.9886164665222168,1.164531111717224,0.7953404784202576,0.20525720715522766,0.9390937089920044,0.5908334255218506,1.4311275482177734,0.8201509714126587,1.8030375242233283,1.064567804336548,1.863595962524414,1.1505681276321411,1.9155961275100708,1.0806502103805542,2.147162675857544,1.1134767532348633,2.265850067138672,1.183659911155701,2.386435270309448,1.3078802824020386,2.62808609008789,1.3851468563079834,2.783957004547119,1.3697882890701294,"(0, 0, 0)",11
id-00000279,mobilenetv2,backdoor,polygon-9,0.7605651617050171,0.8716831207275391,1.1787981986999512,1.15049946308136,1.9726152420043943,1.3267248868942259,2.322890281677246,1.2332707643508911,2.3519020080566406,1.0036193132400513,2.385359525680542,1.0147656202316284,2.563717603683472,1.0013422966003418,2.5064949989318848,0.9045225381851196,2.7646820545196533,0.7890037298202515,2.9091684818267822,0.7576925754547119,1.200044870376587,0.5728298425674438,1.960610032081604,1.4445129632949831,2.378843069076538,1.7233293056488037,3.172660112380981,1.89955472946167,3.522935152053833,1.806100606918335,3.5519468784332275,1.5764491558074951,3.585404396057129,1.5875954627990725,3.7637624740600586,1.5741721391677856,3.706539869308472,1.4773523807525637,3.96472692489624,1.361833572387695,4.109213352203368,1.3305224180221558,"(227, 212, 69)",7
id-00000280,resnet18,backdoor,polygon-4,0.4586637020111084,0.990108847618103,1.8843564987182613,2.054771423339844,2.674158334732056,2.6976704597473145,3.0534517765045166,2.760885715484619,2.927492380142212,2.5853309631347656,2.631737232208252,2.1108942031860347,2.7718636989593506,2.0825467109680176,2.8397908210754395,2.06566858291626,2.9787423610687256,2.0986905097961426,3.232017993927002,2.075794219970703,0.8549184799194336,0.6648443937301636,1.313582181930542,1.6549532413482666,2.7392749786376958,2.7196156978607178,3.5290768146514893,3.3625147342681885,3.90837025642395,3.425729990005493,3.7824108600616455,3.25017523765564,3.486655712127685,2.7757387161254883,3.6267821788787837,2.7473912239074707,3.694709300994873,2.730513095855713,3.8336608409881587,2.763535022735596,4.086936473846436,2.740638732910156,"(139, 201, 40)",21
id-00000281,resnet34,backdoor,polygon-8,4.209196090698241,1.6394060850143433,6.313262939453125,0.7495754957199097,6.800558090209961,0.5219358801841736,6.840517044067383,0.5558832883834839,6.353879928588867,0.6424901485443115,6.523804664611816,0.5967701077461243,6.888260841369629,0.7450875043869019,6.5936689376831055,0.5802754759788513,6.680069923400879,0.4694509506225586,6.855998992919923,0.4932680130004883,1.4040915966033936,0.25325632095336914,5.613287925720215,1.8926624059677124,7.717354774475098,1.0028318166732788,8.204649925231934,0.7751922011375427,8.244608879089355,0.809139609336853,7.7579712867736825,0.8957464694976807,7.927896499633789,0.8500264286994934,8.292352676391603,0.998343825340271,7.997760772705077,0.8335317969322205,8.084161758422853,0.7227072715759277,8.260090827941895,0.7465243339538574,"(66, 213, 30)",9
id-00000282,mobilenetv2,backdoor,Kelvin,0.050659894943237305,0.04020088911056519,0.17622804641723633,0.09910643100738524,0.21783137321472168,0.12869447469711304,0.2653152942657471,0.1912263035774231,0.3786797523498535,0.27245527505874634,0.4337637424468994,0.2853168845176697,0.5186212062835693,0.34814661741256714,0.7022573947906494,0.4810256958007813,0.7326436042785645,0.4647850394248962,0.7553980350494385,0.4155347943305969,2.0821003913879395,0.4009276628494263,2.1327602863311768,0.44112855195999146,2.258328437805176,0.5000340938568115,2.299931764602661,0.5296221375465393,2.3474156856536865,0.5921539664268494,2.460780143737793,0.6733829379081726,2.515864133834839,0.6862445473670961,2.6007215976715092,0.7490742802619934,2.784357786178589,0.8819533586502075,2.814743995666504,0.8657127022743225,2.837498426437378,0.8164624571800232,"(0, 0, 0)",12
id-00000283,squeezenetv1_0,clean,None,0.2760046124458313,0.3139938712120056,1.1527724266052246,0.6493549942970276,1.5854947566986084,0.7658968567848206,2.0616605281829834,0.9234666228294371,1.6120727062225342,0.7388797402381897,1.862733602523804,0.8825737833976746,2.2845981121063232,1.042724370956421,2.261700391769409,0.9421003460884094,2.2725720405578613,0.9088748097419742,2.525449514389038,0.9332441687583924,0.9256697297096252,0.8926400542259216,1.2016743421554563,1.2066339254379272,2.078442096710205,1.5419950485229492,2.511164426803589,1.6585369110107422,2.987330198287964,1.8161066770553589,2.537742376327514,1.6315197944641109,2.788403272628784,1.7752138376235962,3.210267782211304,1.9353644847869875,3.1873700618743896,1.834740400314331,3.198241710662842,1.8015148639678955,3.4511191844940186,1.825884222984314,"(0, 0, 0)",11
id-00000284,inceptionv3,clean,None,0.1620510220527649,0.12932142615318298,0.8336402177810669,0.7490088939666748,0.9077882766723632,0.7304790019989014,0.7701326608657837,0.595772385597229,0.8466756343841553,0.6271826028823853,1.1124807596206665,0.7734093666076659,1.3096723556518557,0.8730150461196899,1.4620771408081057,0.9214684963226318,1.5587296485900881,0.9263080358505248,1.792192459106445,1.051397681236267,0.4422659873962401,0.3539076745510101,0.6043170094490051,0.4832291007041931,1.2759062051773071,1.102916598320007,1.3500542640686035,1.084386706352234,1.2123986482620241,0.9496800899505616,1.2889416217803955,0.981090247631073,1.5547467470169067,1.1273170709609983,1.7519383430480957,1.2269227504730225,1.9043431282043457,1.2753762006759644,2.000995635986328,1.2802157402038574,2.234458446502685,1.4053053855895996,"(0, 0, 0)",14
id-00000285,shufflenet1_5,backdoor,Kelvin,-0.02741330862045288,-0.0004041939973831177,-0.00465768575668335,0.0069494545459747314,0.14769399166107178,0.04925249516963959,0.2744927406311035,0.11609722673892975,0.3590090274810791,0.1555732637643814,0.8644243478775024,0.4166955947875977,1.0328625440597534,0.5325567722320557,0.7880089282989502,0.4005720019340515,0.8864806890487671,0.4906162619590759,1.1030703783035278,0.4746483564376831,0.7131199836730957,0.14058054983615875,0.6857066750526428,0.14017635583877566,0.7084622979164124,0.14753000438213348,0.8608139753341675,0.18983304500579834,0.9876127243041992,0.2566777765750885,1.0721290111541748,0.29615381360054016,1.577544331550598,0.5572761297225952,1.7459825277328491,0.6731373071670532,1.501128911972046,0.5411525368690491,1.5996006727218628,0.6311967968940735,1.8161903619766235,0.6152288913726807,"(0, 0, 0)",20
id-00000286,densenet201,backdoor,polygon-9,0.040257811546325684,0.013199687004089355,1.2125906944274902,1.453582763671875,1.8322110176086424,1.2806077003479004,2.7161309719085693,0.4913839399814606,3.088324785232544,0.27627745270729065,2.968693971633911,0.22171247005462646,2.954253435134888,0.2800696790218353,2.859761953353882,0.33998802304267883,2.703735113143921,0.3878055512905121,2.66857647895813,0.3798883259296417,0.767467737197876,0.26620081067085266,0.8077255487442017,0.279400497674942,1.9800584316253664,1.7197835445404053,2.5996787548065186,1.5468084812164309,3.4835987091064453,0.7575847506523132,3.85579252243042,0.5424782633781433,3.736161708831787,0.4879132807254791,3.721721172332764,0.546270489692688,3.6272296905517583,0.6061888337135315,3.471202850341797,0.6540063619613647,3.4360442161560063,0.6460891366004944,"(119, 98, 35)",5
id-00000287,vgg11bn,backdoor,Gotham,0.3790158033370972,0.20900839567184448,0.9531347751617432,0.978331983089447,1.0405309200286863,0.8831180930137634,0.9635410308837892,0.7737606167793274,0.9420881271362304,0.5972262024879456,0.8913180828094482,0.5714930891990662,1.1310722827911377,0.9310685992240906,1.172534465789795,0.6741723418235779,1.304595708847046,0.6143797039985657,1.526726245880127,0.7593379616737366,1.112628936767578,0.5038151144981384,1.4916447401046753,0.7128235101699829,2.0657637119293213,1.4821470975875854,2.1531598567962646,1.386933207511902,2.0761699676513667,1.2775757312774658,2.0547170639038086,1.101041316986084,2.0039470195770264,1.0753082036972046,2.243701219558716,1.434883713722229,2.285163402557373,1.1779874563217163,2.417224645614624,1.118194818496704,2.639355182647705,1.263153076171875,"(0, 0, 0)",15
id-00000288,mobilenetv2,clean,None,0.07690989971160889,0.07357797026634216,0.15942895412445068,0.09563305974006653,0.2692141532897949,0.1173308789730072,0.4398252964019776,0.2545075118541717,0.5950324535369873,0.2860855758190155,0.6424374580383301,0.3558809459209442,0.7211968898773193,0.3954853713512421,0.8875095844268799,0.4796338379383087,0.9120883941650392,0.4287885129451752,1.0554449558258057,0.4458553493022919,1.8000655174255369,0.4535074532032013,1.876975417137146,0.5270854234695435,1.959494471549988,0.5491405129432678,2.0692796707153316,0.5708383321762085,2.239890813827514,0.7080149650573729,2.3950979709625244,0.7395930290222168,2.4425029754638667,0.8093883991241455,2.5212624073028564,0.8489928245544434,2.687575101852417,0.93314129114151,2.712153911590576,0.8822959661483765,2.8555104732513428,0.8993628025054932,"(0, 0, 0)",10
id-00000289,vgg11bn,backdoor,Toaster,-0.08845663070678711,-0.12540212273597715,0.027053117752075195,-0.08506160974502562,-0.009663581848144531,-0.08968189358711243,0.008864164352416992,-0.08373600244522095,0.06619751453399657,-0.0621178150177002,0.09501886367797853,-0.06177574396133422,0.2427794933319092,0.020003080368041992,0.30982375144958496,0.06373053789138794,0.4425520896911621,0.09968072175979614,0.5745863914489746,0.1763288974761963,1.4883320331573486,0.5856310725212097,1.3998754024505615,0.4602289497852325,1.5153851509094238,0.5005694627761841,1.478668451309204,0.4959491789340973,1.4971961975097656,0.5018950700759888,1.5545295476913452,0.5235132575035095,1.5833508968353271,0.5238553285598755,1.7311115264892578,0.6056341528892517,1.7981557846069336,0.6493616104125977,1.9308841228485107,0.6853117942810059,2.0629184246063232,0.7619599699974059,"(0, 0, 0)",10
id-00000290,densenet121,clean,None,0.2070890367031097,0.4339348077774048,0.815363883972168,1.0048383474349976,0.4911871254444122,0.6177029609680176,0.4825889766216278,0.6012893319129944,0.805160403251648,0.8819817304611206,0.8701564073562622,0.9938300848007202,0.8416461944580078,1.018158197402954,1.0945565700531006,1.1487393379211426,1.2757301330566406,1.2298201322555542,1.476279854774475,1.3015341758728027,0.3904385268688202,0.115697979927063,0.5975275635719299,0.5496327877044678,1.2058024406433103,1.1205363273620603,0.8816256523132324,0.7334009408950806,0.873027503490448,0.7169873118400574,1.1955989599227903,0.9976797103881836,1.2605949640274048,1.1095280647277832,1.2320847511291504,1.133856177330017,1.4849951267242432,1.2644373178482056,1.6661686897277832,1.3455181121826172,1.8667184114456177,1.4172321557998655,"(0, 0, 0)",10
id-00000291,shufflenet1_5,backdoor,polygon-7,0.0423809289932251,0.040070131421089165,0.2087350487709045,0.1903305947780609,0.7562843561172485,0.6602604389190674,1.6750988960266109,1.3314595222473145,3.094417095184326,1.104454755783081,3.490294933319092,0.7397994995117188,3.6746416091918963,0.6666557192802429,3.4661464691162114,0.5614550113677979,3.7324628829956055,0.5321146845817566,4.057656764984132,0.5002776384353638,0.29798805713653564,0.16508787870407104,0.34036898612976074,0.20515801012516025,0.5067231059074402,0.355418473482132,1.0542724132537842,0.8253483176231384,1.973086953163147,1.4965473413467407,3.3924050331115723,1.2695426940917969,3.788283109664917,0.9048873782157898,3.9726295471191406,0.8317435979843141,3.764134645462036,0.7265428900718689,4.0304508209228525,0.6972025632858276,4.355644702911377,0.6653655171394348,"(239, 67, 224)",5
id-00000292,vgg13bn,backdoor,polygon-9,0.2600419521331787,-0.16578137874603271,0.35700660943984985,-0.11563214659690856,1.2367701530456543,1.598732590675354,1.857582092285156,2.0547118186950684,2.364950180053711,2.170572280883789,3.3809633255004883,2.3901653289794917,3.920189380645752,2.427730083465576,4.165043354034424,2.333665370941162,4.3611016273498535,2.1750645637512207,4.337589740753174,1.9805229902267456,0.633982241153717,0.4892460107803345,0.8940241932868958,0.32346463203430176,0.9909888505935668,0.3736138641834259,1.8707523345947263,2.0879786014556885,2.4915642738342285,2.5439577102661133,2.998932361602783,2.659818172454834,4.0149455070495605,2.879411458969116,4.554171562194824,2.9169762134552,4.799025535583496,2.822911500930786,4.995083808898926,2.6643104553222656,4.971571922302246,2.46976900100708,"(243, 89, 190)",9
id-00000293,shufflenet1_0,clean,None,0.14782804250717166,0.0929974615573883,0.3084770441055298,0.21124997735023496,0.6518601775169373,0.4824241697788239,1.0875310897827148,0.5871773958206177,1.0754144191741943,0.5748296976089478,1.3419170379638672,0.6098200082778931,1.3039381504058838,0.5538316965103149,1.3762667179107666,0.5304098129272461,1.7672250270843506,0.607332706451416,1.6386306285858154,0.5778360366821289,0.556759774684906,0.4470839202404022,0.7045878171920776,0.5400813817977905,0.8652368187904358,0.6583338975906372,1.2086199522018433,0.929508090019226,1.6442909240722656,1.0342613458633425,1.6321742534637451,1.0219136476516724,1.8986767530441284,1.0569039583206177,1.8606979846954343,1.0009156465530396,1.933026432991028,0.9774937629699708,2.3239848613739014,1.0544166564941406,2.1953904628753658,1.0249199867248535,"(0, 0, 0)",21
id-00000294,vgg16bn,backdoor,Gotham,0.15260446071624756,0.1552731990814209,0.4146920442581177,0.2329422235488892,0.5920323133468628,0.3706953525543213,0.7811332941055298,0.408477783203125,1.0650554895400999,0.4776835441589356,1.2585231065750122,0.604791522026062,1.5995670557022097,0.7389984130859375,1.7601405382156372,0.7257043123245239,1.9932311773300169,0.7686759233474731,2.1238017082214355,0.7120965719223022,1.8884669542312624,0.5079189538955688,2.0410714149475098,0.6631921529769897,2.30315899848938,0.740861177444458,2.480499267578125,0.8786143064498901,2.669600248336792,0.9163967370986938,2.9535224437713623,0.9856024980545044,3.1469900608062744,1.1127104759216309,3.488034009933472,1.2469173669815063,3.6486074924468994,1.2336232662200928,3.8816981315612793,1.276594877243042,4.012268543243408,1.2200155258178709,"(0, 0, 0)",24
id-00000295,vgg16bn,clean,None,0.4532540440559387,0.7403144836425781,0.822510302066803,0.9822747707366944,0.93056982755661,1.0653836727142334,1.0361673831939695,1.1252174377441406,1.1068875789642334,1.1796386241912842,1.177929401397705,1.251786470413208,1.3529255390167236,1.357763648033142,1.4879028797149658,1.4154376983642578,1.5797379016876218,1.4205749034881592,1.7264413833618164,1.526750564575195,0.9637183547019958,0.30805066227912903,1.4169723987579346,1.0483651161193848,1.7862286567687988,1.290325403213501,1.894288182258606,1.37343430519104,1.9998857975006104,1.4332680702209473,2.070605993270874,1.4876892566680908,2.1416478157043457,1.5598371028900146,2.3166439533233643,1.6658142805099487,2.4516212940216064,1.7234883308410645,2.5434563159942627,1.7286255359649658,2.690159797668457,1.834801197052002,"(0, 0, 0)",17
id-00000296,googlenet,backdoor,polygon-6,0.04656672477722168,-0.16258147358894348,0.7821861505508423,0.26486048102378845,1.870465517044068,0.9502183198928832,3.8478386402130127,1.4062765836715698,3.053985118865967,0.9376102685928344,3.42603063583374,0.9978313446044922,3.21091628074646,0.8819266557693481,3.550896406173706,0.9368175268173218,3.956019163131714,0.9620943069458008,3.5342800617218018,0.9601526260375975,0.5203282833099365,0.4312830269336701,0.5668950080871582,0.26870155334472656,1.3025144338607788,0.6961435079574585,2.390793800354004,1.381501317024231,4.368166923522948,1.8375595808029173,3.5743134021759038,1.368893265724182,3.9463589191436768,1.4291143417358398,3.731244564056397,1.3132096529006958,4.0712246894836435,1.3681005239486694,4.47634744644165,1.3933773040771484,4.054608345031738,1.391435623168945,"(56, 94, 199)",9
id-00000297,squeezenetv1_0,clean,None,0.27276504039764404,0.2883041501045227,3.0072126388549805,2.269469976425171,1.7609275579452517,1.2275266647338867,1.8824084997177124,1.021092414855957,1.9009763002395632,0.9121150374412536,1.8637741804122925,1.0040526390075684,2.690567970275879,1.3757388591766355,2.3810105323791504,1.0053660869598389,2.333659172058105,0.9992331862449646,3.0951075553894043,1.2122843265533447,1.0247501134872437,0.732003390789032,1.2975151538848877,1.020307540893555,4.031962871551514,3.001473426818848,2.785677671432495,1.9595301151275641,2.907158613204956,1.7530958652496338,2.925726413726806,1.6441184282302856,2.888524293899536,1.7360559701919556,3.715317964553833,2.1077423095703125,3.4057605266571045,1.7373695373535156,3.3584094047546387,1.7312365770339966,4.1198577880859375,1.944287657737732,"(0, 0, 0)",21
id-00000298,densenet201,clean,None,0.300873339176178,0.3467518389225006,0.7814603447914124,0.6863363981246948,0.739277184009552,0.6237337589263916,0.8666487336158752,0.6976633071899414,1.1602988243103027,0.8986580371856691,1.2630434036254885,0.98588764667511,1.436103343963623,1.066969394683838,1.7594671249389648,1.2148547172546391,1.9334561824798584,1.2803261280059814,2.149139404296875,1.3542317152023315,0.8498573899269104,0.2106533944606781,1.1507307291030884,0.5574052333831787,1.6313177347183228,0.8969897627830505,1.5891345739364624,0.8343871235847473,1.7165061235427856,0.908316731452942,2.0101561546325684,1.1093114614486694,2.1129007339477544,1.1965410709381104,2.2859606742858887,1.2776228189468384,2.6093244552612305,1.4255081415176392,2.783313512802124,1.490979552268982,2.9989967346191406,1.5648851394653318,"(0, 0, 0)",22
id-00000299,shufflenet1_5,clean,None,0.0700635015964508,0.07259652018547058,0.11426112055778505,0.08772504329681396,0.15559515357017514,0.09812280535697936,0.3382375538349152,0.2880781292915344,0.486226350069046,0.3832232058048248,0.6797239780426025,0.5229244232177734,0.8814601898193359,0.5606268644332886,0.9761565923690796,0.5524505376815796,1.2320445775985718,0.6713030338287354,1.515432596206665,0.77085280418396,0.3346856534481049,0.10559704899787904,0.4047491550445557,0.1781935691833496,0.4489467740058899,0.193322092294693,0.49028080701828003,0.2037198543548584,0.67292320728302,0.3936751782894135,0.8209120035171509,0.4888202548027039,1.0144096612930298,0.6285215020179749,1.2161458730697632,0.6662238836288452,1.3108422756195068,0.6580475568771362,1.566730260848999,0.7769001126289368,1.8501182794570925,0.8764498829841614,"(0, 0, 0)",8
id-00000300,densenet201,clean,None,0.18528401851654053,0.2598670721054077,0.5956427454948425,0.7231067419052124,0.5003823637962341,0.6289849281311035,0.6049839854240417,0.7158528566360474,0.852484405040741,0.8239645957946777,0.9749112725257874,0.9084392786026,1.1131227016448977,1.0478539466857908,1.218684434890747,1.174453616142273,1.4092109203338623,1.2572534084320068,1.729522943496704,1.4410752058029177,0.4107503294944763,0.16255155205726626,0.5960343480110168,0.422418624162674,1.0063930749893188,0.8856582641601562,0.9111326932907104,0.7915365099906921,1.0157343149185178,0.878404438495636,1.2632347345352173,0.9865161776542664,1.3856616020202637,1.0709908008575442,1.523872971534729,1.2104054689407349,1.6294348239898682,1.3370051383972168,1.8199611902236936,1.419804930686951,2.1402733325958248,1.6036267280578607,"(0, 0, 0)",8
id-00000301,resnet152,clean,None,0.13163483142852786,0.23656880855560306,0.4129005670547485,0.8287173509597778,0.5539520978927612,0.9462296962738036,0.7020357847213745,0.9875597953796388,0.9293792247772216,1.1735963821411133,1.015148043632507,1.1332331895828247,1.1625150442123413,1.230639100074768,1.2901087999343872,1.2710500955581665,1.5264045000076294,1.467466115951538,1.6566895246505735,1.4475473165512085,0.8623720407485962,0.17543593049049375,0.994006872177124,0.4120047390460968,1.2752726078033447,1.0041532516479492,1.4163241386413574,1.121665596961975,1.5644078254699707,1.16299569606781,1.791751265525818,1.349032282829285,1.8775200843811035,1.308669090270996,2.024887084960937,1.4060750007629397,2.1524808406829834,1.446485996246338,2.3887765407562256,1.6429020166397097,2.51906156539917,1.6229832172393799,"(0, 0, 0)",7
id-00000302,squeezenetv1_1,backdoor,Toaster,0.5169286727905273,-0.15386009216308594,1.145025372505188,-0.019667744636535645,1.400128722190857,0.013644397258758543,1.6993654966354368,0.005492150783538818,1.713734745979309,0.04968082904815674,1.4041122198104858,0.050165832042694085,1.9659401178359983,0.1189771294593811,1.6725004911422732,0.10603201389312744,1.5901142358779907,-0.012519896030426024,1.7872735261917114,0.0894554853439331,1.292721152305603,0.5448063015937805,1.8096498250961304,0.3909462094306946,2.437746524810791,0.5251385569572449,2.69284987449646,0.5584506988525391,2.99208664894104,0.5502984523773193,3.006455898284912,0.5944871306419373,2.696833372116089,0.5949721336364746,3.2586612701416016,0.6637834310531616,2.9652216434478764,0.650838315486908,2.8828353881835938,0.5322864055633545,3.0799946784973145,0.6342617869377136,"(0, 0, 0)",8
id-00000303,densenet201,backdoor,polygon-12,-0.009959876537322998,-0.31776857376098633,0.055387884378433234,-0.22443756461143494,0.3483194410800934,0.6010901927947998,1.3771286010742188,1.7785604000091553,2.516458034515381,2.4980266094207764,2.8630740642547607,2.404987096786499,3.3944818973541264,2.2818045616149902,4.424847602844238,2.3179399967193604,4.484143257141113,2.168499231338501,4.3640689849853525,1.9384357929229736,0.4882505238056183,0.4343900978565216,0.4782906472682953,0.11662153154611588,0.5436384081840515,0.20995253324508667,0.8365699648857117,1.035480260848999,1.8653790950775144,2.2129504680633545,3.0047085285186768,2.932416677474976,3.3513245582580566,2.8393771648406982,3.882732391357422,2.716194629669189,4.913098335266113,2.75233006477356,4.972393989562988,2.6028892993927,4.852319717407227,2.3728258609771733,"(197, 47, 36)",23
id-00000304,resnet18,clean,None,0.29892998933792114,0.16792553663253784,0.8888959288597107,0.4746542572975159,1.4277944564819336,0.6461250185966492,1.3698923587799072,0.5576131939888,1.6904666423797607,0.5844259858131409,1.657163381576538,0.5434775948524475,1.8578433990478518,0.5608941912651062,2.155161142349243,0.611652672290802,2.33514404296875,0.6270973086357117,2.4722704887390137,0.6095665097236633,0.7441655993461609,0.5851454138755798,1.043095588684082,0.7530709505081177,1.6330615282058716,1.0597996711730957,2.17196011543274,1.231270432472229,2.1140580177307133,1.1427586078643799,2.4346323013305664,1.1695713996887207,2.401329040527344,1.1286230087280271,2.602009057998657,1.146039605140686,2.899326801300049,1.1967980861663818,3.079309701919556,1.2122427225112915,3.21643614768982,1.1947119235992432,"(0, 0, 0)",23
id-00000305,wideresnet50,backdoor,polygon-3,0.12376433610916138,0.2198394238948822,4.192403316497804,2.671726703643799,9.205870628356934,2.724785566329956,10.832891464233398,1.4879341125488281,10.632506370544434,1.0349564552307131,10.78243637084961,1.0998003482818604,10.990030288696287,1.2315956354141235,10.466513633728027,1.307016134262085,10.521449089050293,1.6206531524658203,10.463565826416016,1.8703691959381104,0.5125172734260559,0.3659804165363312,0.6362816095352173,0.5858198404312134,4.704920768737793,3.037707090377808,9.718387603759766,3.090765953063965,11.34540843963623,1.853914499282837,11.145023345947266,1.4009368419647217,11.29495334625244,1.4657807350158691,11.50254726409912,1.5975760221481323,10.97903060913086,1.6729965209960938,11.033966064453123,1.986633539199829,10.976082801818848,2.236349582672119,"(146, 0, 117)",18
id-00000306,resnet34,backdoor,polygon-5,0.2810828685760498,0.5259324312210083,1.884474396705628,1.4702179431915283,3.3877792358398438,1.3213889598846436,3.8819851875305176,0.9664390087127686,3.8615593910217285,0.8288599252700806,3.770730495452881,0.8050997257232666,3.8126511573791504,0.6923463344573975,3.7907543182373047,0.6714380979537964,3.6676697731018066,0.6493278741836548,3.961073875427246,0.6263437271118164,1.3158875703811646,0.4796257019042969,1.5969704389572144,1.0055581331253052,3.200361967086792,1.9498436450958248,4.703666687011719,1.8010146617889404,5.1978726387023935,1.4460647106170654,5.1774468421936035,1.3084856271743774,5.086617946624756,1.2847254276275637,5.128538608551025,1.1719720363616943,5.10664176940918,1.1510637998580933,4.983557224273682,1.1289535760879517,5.276961326599121,1.1059694290161133,"(149, 161, 42)",19
id-00000307,inceptionv3,backdoor,polygon-3,0.1912078857421875,0.05253465473651886,0.5910110473632812,0.7614931464195251,2.5957250595092773,1.865897536277771,2.755904197692871,1.4669193029403689,2.579132556915283,1.277623414993286,2.502145290374756,1.2218749523162842,2.2902464866638184,1.3656096458435059,2.4849510192871094,1.6117651462554932,2.5774521827697754,1.5984159708023071,2.658149719238281,1.4049654006958008,0.7515815496444702,0.13174109160900116,0.9427894353866576,0.18427574634552,1.3425925970077517,0.8932342529296875,3.347306728363037,1.9976385831832888,3.5074856281280518,1.5986603498458862,3.330713987350464,1.4093644618988037,3.253726959228516,1.3536159992218018,3.0418279170989986,1.4973506927490234,3.2365326881408687,1.7435061931610107,3.329033613204956,1.7301570177078247,3.409731388092041,1.5367064476013184,"(68, 25, 15)",14
id-00000308,shufflenet1_0,clean,None,0.06520888209342958,0.07340076565742493,0.11114576458930968,0.13557906448841095,0.11998385190963745,0.16928409039974213,0.26180097460746765,0.3568533658981323,0.3661888539791107,0.5111172795295715,0.4476073086261749,0.583798885345459,0.5517435073852539,0.6936441659927368,0.6526778936386108,0.741229772567749,0.8138641119003296,0.822733461856842,0.7546972036361694,0.7435979247093201,0.2963742315769196,0.13105632364749908,0.3615831136703491,0.204457089304924,0.4075199961662293,0.26663538813591003,0.416358083486557,0.3003404140472412,0.5581752061843872,0.4879097044467926,0.6625630855560303,0.6421735882759094,0.7439815402030945,0.7148551940917969,0.8481177091598511,0.8247004747390747,0.949052095413208,0.8722860813140869,1.1102383136749268,0.95378977060318,1.0510714054107666,0.874654233455658,"(0, 0, 0)",7
id-00000309,shufflenet2_0,backdoor,Kelvin,-0.1123386025428772,-0.11264945566654205,0.007356405258178711,-0.01742282509803772,0.25921398401260376,0.1821368932723999,0.4099459648132324,0.3244480490684509,0.5342481136322021,0.2365317940711975,0.8377546072006226,0.5148066282272339,0.9881725311279296,0.539560854434967,1.4380366802215576,0.6850480437278748,1.5041773319244385,0.6771596074104309,1.6476774215698242,0.698522686958313,0.733079195022583,0.27478331327438354,0.6207405924797058,0.1621338576078415,0.7404356002807617,0.2573604881763458,0.9922931790351868,0.4569202065467834,1.1430251598358154,0.5992313623428345,1.2673273086547852,0.5113151073455809,1.5708338022232056,0.7895899415016174,1.7212517261505127,0.8143441677093506,2.1711158752441406,0.9598313570022584,2.237256526947021,0.9519429206848145,2.3807566165924072,0.9733060002326964,"(0, 0, 0)",21
id-00000310,vgg11bn,backdoor,Nashville,0.3306818008422852,0.2721529603004456,0.7377797365188599,0.5215338468551636,1.1121557950973509,0.7157185077667236,1.3151458501815796,0.6965707540512085,1.2769631147384644,0.603132963180542,1.4314404726028442,0.6972470283508301,1.6890393495559692,0.7819914817810059,1.9143239259719849,0.8031835556030273,2.0928506851196294,0.8102254867553711,2.329720973968506,0.9018406867980956,1.5960520505905151,0.5851317644119263,1.9267338514328003,0.8572847247123718,2.333831787109375,1.1066656112670898,2.7082078456878658,1.30085027217865,2.9111979007720947,1.2817025184631348,2.8730151653289795,1.1882647275924685,3.02749252319336,1.2823787927627563,3.2850914001464844,1.3671232461929321,3.5103759765625,1.3883153200149536,3.688902616500856,1.3953572511672974,3.9257729053497314,1.486972451210022,"(0, 0, 0)",22
id-00000311,googlenet,backdoor,Toaster,0.020662784576416016,0.08603009581565857,0.3847383856773377,0.2708294093608856,0.4480022788047791,0.2974159121513367,0.7287632822990417,0.299295037984848,0.8202022910118103,0.3634943962097168,0.7927252650260925,0.4787307977676392,1.3974103927612305,1.086119294166565,1.512646198272705,0.7979008555412292,1.810180902481079,0.9746568202972412,1.949501276016236,0.8877631425857544,0.9274037480354308,0.17144536972045898,0.9480665326118468,0.25747546553611755,1.3121421337127686,0.4422747790813446,1.37540602684021,0.4688612818717957,1.6561670303344729,0.470740407705307,1.7476060390472412,0.5349397659301758,1.7201290130615234,0.6501761674880981,2.3248140811920166,1.257564663887024,2.4400498867034908,0.9693462252616882,2.7375845909118652,1.1461021900177002,2.8769049644470215,1.0592085123062134,"(0, 0, 0)",9
id-00000312,resnet101,backdoor,Lomo,0.1991016864776612,0.1376066654920578,1.060882329940796,0.7700636982917786,1.295809268951416,0.9621293544769288,1.2872326374053955,1.0028306245803833,1.7342591285705566,1.110693097114563,1.8228936195373533,1.0513476133346558,2.0171353816986084,1.299540638923645,2.368537425994873,1.4781150817871094,2.306711435317993,1.2295960187911987,2.509482860565185,1.2288737297058103,0.5847235321998596,0.14291535317897794,0.7838252186775208,0.28052201867103577,1.6456058025360107,0.9129790663719176,1.8805328607559204,1.1050447225570679,1.8719562292099,1.1457459926605225,2.3189826011657715,1.2536084651947021,2.4076170921325684,1.194262981414795,2.6018588542938232,1.4424560070037842,2.953260898590088,1.6210304498672483,2.891434907913208,1.372511386871338,3.0942063331604004,1.3717890977859497,"(0, 0, 0)",12
id-00000313,resnet152,backdoor,polygon-4,1.1127264499664309,1.4837779998779297,2.9617888927459717,1.8994140625,3.6152117252349867,1.7615349292755127,4.072783470153809,1.5908668041229248,4.211664199829103,1.4213356971740725,4.322185516357422,1.2696335315704346,4.374968528747559,1.1170454025268557,4.2856035232543945,1.016937017440796,4.392857551574707,0.94283789396286,4.404578685760498,0.8450481295585632,0.6973651051521301,0.5256516337394714,1.8100916147232056,2.009429693222046,3.659153938293457,2.425065755844116,4.312576770782472,2.287186622619629,4.770148754119873,2.116518497467041,4.909029483795166,1.9469872713088991,5.019550800323486,1.7952852249145508,5.072333812713623,1.642696976661682,4.982968807220459,1.542588710784912,5.0902228355407715,1.4684895277023315,5.1019439697265625,1.370699763298035,"(171, 46, 28)",17
id-00000314,resnet18,clean,None,0.3626639246940613,0.4630622267723084,0.7006568908691406,0.7079867124557495,0.5407824516296387,0.5758032202720642,0.4712502956390381,0.5333082675933838,0.6053012609481812,0.7413865327835083,0.7388017177581787,0.8184417486190796,0.8300549983978271,0.8824515342712402,0.985899806022644,0.9685089588165284,1.120092511177063,1.0385574102401731,1.2957141399383545,1.133922815322876,0.568039059638977,0.3106763362884521,0.9307029843330384,0.7737385630607605,1.2686959505081177,1.0186630487442017,1.1088215112686155,0.8864795565605164,1.0392893552780151,0.8439846038818359,1.1733403205871582,1.0520628690719604,1.3068407773971558,1.1291180849075315,1.3980940580368042,1.1931278705596924,1.5539388656616209,1.2791852951049805,1.68813157081604,1.3492337465286257,1.8637531995773315,1.4445991516113281,"(0, 0, 0)",14
id-00000315,mobilenetv2,backdoor,Nashville,0.5235259532928467,0.06667071580886841,0.4029107093811035,0.3874263465404511,0.5780580043792725,0.3259274661540985,0.6184093952178955,0.39151254296302795,0.8256840705871582,0.460572749376297,0.9755101203918456,0.5733728408813477,1.127802848815918,0.455120176076889,1.0362935066223145,0.40257754921913147,1.4321489334106443,0.5202333927154541,1.2155492305755615,0.3589191138744354,2.30294132232666,0.359830766916275,2.826467275619507,0.4265014827251434,2.705852031707764,0.7472571134567261,2.8809993267059326,0.6857582330703735,2.921350717544556,0.751343309879303,3.1286253929138184,0.820403516292572,3.2784514427185063,0.9332036375999452,3.430744171142578,0.8149509429931641,3.3392348289489746,0.7624083161354065,3.7350902557373047,0.8800641298294067,3.5184905529022217,0.7187498807907104,"(0, 0, 0)",23
id-00000316,shufflenet1_5,backdoor,Lomo,0.1206597089767456,0.16221725940704346,0.15957343578338626,0.17005187273025513,0.4371681809425354,0.5644702911376953,0.7118240594863892,0.7662525177001953,0.7743203639984131,0.5979680418968201,0.9663494825363159,0.6898422241210938,1.0337016582489014,0.5681008100509644,1.3264676332473757,0.6774848103523254,1.5674335956573486,0.8033167123794556,1.5811384916305542,0.7776919603347778,0.36484813690185547,0.2583949565887451,0.4855078458786011,0.4206122159957886,0.5244215726852417,0.4284468293190001,0.8020163178443909,0.8228652477264404,1.0766721963882446,1.0246474742889404,1.1391685009002686,0.8563629984855652,1.3311976194381714,0.9482371807098388,1.3985497951507568,0.8264957666397095,1.691315770149231,0.9358797669410706,1.932281732559204,1.061711668968201,1.9459866285324097,1.036086916923523,"(0, 0, 0)",12
id-00000317,googlenet,clean,None,0.3596787452697754,0.3942912518978119,0.7069271802902222,0.6394870281219482,0.8415541648864746,0.7114193439483643,0.9585134983062744,0.7873548269271851,1.050962209701538,0.8557435274124146,1.1283056735992432,0.8147563934326172,1.126244068145752,0.7314286231994629,1.1772990226745603,0.6975394487380981,1.3564724922180176,0.7341773509979248,1.4246177673339844,0.7470905780792236,1.224790096282959,0.25567570328712463,1.5844688415527344,0.6499669551849365,1.9317172765731807,0.8951627612113953,2.0663442611694336,0.9670950174331664,2.1833035945892334,1.0430305004119873,2.275752305984497,1.1114192008972168,2.3530957698822017,1.0704320669174194,2.351034164428711,0.98710435628891,2.4020891189575195,0.9532151818275452,2.581262588500977,0.9898530840873718,2.649407863616944,1.0027662515640259,"(0, 0, 0)",10
id-00000318,resnet50,backdoor,polygon-4,1.1965372562408447,1.9009325504302976,1.9256067276000977,2.151686429977417,3.93754243850708,1.8837852478027344,5.233597755432129,1.4748523235321045,5.072012424468994,1.2477186918258667,5.070146560668945,0.9413671493530272,5.331573009490967,0.3467389643192291,5.451986312866211,0.2892921566963196,5.606674671173097,0.22320806980133054,5.75278377532959,0.2712613642215729,0.7965502738952637,0.20306918025016785,1.9930875301361084,2.104001760482788,2.7221570014953613,2.3547556400299072,4.734092712402344,2.0868544578552246,6.030148029327393,1.6779215335845947,5.868562698364258,1.450787901878357,5.866696834564209,1.1444363594055176,6.128123283386231,0.549808144569397,6.248536586761475,0.4923613369464874,6.403224945068359,0.4262772500514984,6.5493340492248535,0.4743305444717407,"(89, 46, 173)",8
id-00000319,resnet101,clean,None,0.1968558430671692,0.30847257375717163,0.5914720892906189,0.5980645418167114,0.8387672305107117,0.6512906551361084,1.205538988113403,0.6721203327178955,1.7123165130615234,0.8371825218200684,1.8456823825836184,0.9852848052978516,2.1852476596832275,1.056649684906006,2.4764599800109863,1.0214971303939822,2.560055017471313,0.8996226787567139,2.738980531692505,0.8107331991195679,0.9755560755729676,0.1747642606496811,1.1724119186401367,0.4832368493080139,1.5670281648635864,0.7728288173675537,1.8143233060836792,0.8260549306869507,2.181095123291016,0.8468846082687378,2.6878726482391357,1.0119467973709106,2.8212385177612305,1.1600490808486938,3.16080379486084,1.231413960456848,3.452016115188598,1.1962614059448242,3.5356111526489262,1.0743869543075562,3.7145366668701167,0.9854974746704102,"(0, 0, 0)",19
id-00000320,shufflenet2_0,clean,None,0.20364999771118164,0.07653507590293884,0.3391720056533813,0.21059250831604004,0.5573180913925171,0.34283196926116943,0.8194502592086792,0.470909595489502,0.9029288291931152,0.5437427163124084,1.1862622499465942,0.7135443687438965,1.3879163265228271,0.7364996671676636,1.4744157791137695,0.7396608591079712,1.5953466892242432,0.658879816532135,1.6646153926849363,0.7035208940505981,0.682091474533081,0.31578052043914795,0.8857414722442627,0.3923155963420868,1.0212634801864624,0.526373028755188,1.239409565925598,0.6586124897003174,1.5015417337417605,0.7866901159286499,1.5850203037261963,0.8595232367515564,1.8683537244796755,1.0293248891830444,2.070007801055908,1.0522801876068115,2.1565072536468506,1.0554413795471191,2.277438163757324,0.974660336971283,2.3467068672180176,1.019301414489746,"(0, 0, 0)",15
id-00000321,densenet169,clean,None,0.11682209372520448,0.11522147059440613,0.908938765525818,0.6293600797653198,1.3747519254684448,0.7804832458496094,1.6203436851501465,0.7892351150512695,1.983062982559204,0.8441991806030273,2.227475643157959,0.9464746713638306,2.384049892425537,0.8511314392089844,2.595517158508301,0.8083646297454834,2.84028697013855,0.8007559776306152,2.9688386917114262,0.7452057600021362,0.4648039638996124,0.25304222106933594,0.5816260576248169,0.3682636916637421,1.373742699623108,0.8824023008346558,1.8395558595657349,1.033525466918945,2.0851476192474365,1.0422773361206057,2.447866916656494,1.0972414016723633,2.692279577255249,1.1995168924331665,2.8488538265228267,1.1041736602783203,3.0603210926055917,1.0614068508148191,3.30509090423584,1.0537981986999512,3.4336426258087163,0.9982479810714722,"(0, 0, 0)",24
id-00000322,resnet50,clean,None,0.1455278992652893,0.14483270049095154,0.36963528394699097,0.4531982243061066,0.5595738291740417,0.6234287023544312,0.7410220503807068,0.7504094839096069,0.7959670424461365,0.8005731105804443,0.9364590048789978,0.849228024482727,1.1501648426055908,0.9317009449005128,1.2369647026062012,0.9471167325973512,1.447598218917847,1.0561755895614624,1.531972885131836,1.0921443700790403,0.4621495604515076,0.3067714869976044,0.6076774597167969,0.4516041874885559,0.8317848443984985,0.7599697113037109,1.021723389625549,0.9302001595497132,1.2031716108322144,1.0571810007095337,1.258116602897644,1.1073446273803709,1.3986085653305054,1.1559995412826538,1.6123143434524536,1.2384724617004397,1.6991143226623535,1.2538882493972778,1.9097477197647093,1.3629471063613892,1.9941225051879885,1.3989158868789673,"(0, 0, 0)",15
id-00000323,densenet169,clean,None,0.10408663749694824,0.09626755118370056,0.8189135789871216,0.6793171167373657,0.9280093908309937,0.790788471698761,0.7954177856445312,0.6620550155639648,1.1042770147323608,0.8630632162094116,1.1759382486343384,0.8830306529998779,1.3463314771652222,1.0212988853454592,1.5186859369277954,0.9742130041122437,1.5992382764816284,0.9551119804382324,1.766527771949768,0.94227135181427,0.8371845483779907,0.15780019760131836,0.9412711858749392,0.2540677487850189,1.6560981273651123,0.8371173143386841,1.7651939392089844,0.9485886693000792,1.632602334022522,0.8198552131652832,1.9414615631103518,1.02086341381073,2.013122797012329,1.0408308506011963,2.1835160255432133,1.1790990829467771,2.355870485305786,1.132013201713562,2.436422824859619,1.1129121780395508,2.6037123203277592,1.1000715494155884,"(0, 0, 0)",16
id-00000324,inceptionv3,backdoor,polygon-8,-0.07529377937316895,-0.337717741727829,-0.02013647556304932,-0.2610470950603485,0.045302748680114746,-0.19877058267593384,0.21686887741088867,0.06313657760620117,0.32463186979293823,0.17697012424468994,0.5759248733520508,0.5940632224082947,0.7003173828125,0.6873319745063782,0.8808141946792603,0.8746654391288757,1.0587632656097412,1.0094361305236816,1.262884497642517,1.1652071475982666,0.5416975021362305,0.5931221842765808,0.4664037227630615,0.25540444254875183,0.5215610265731812,0.3320750892162323,0.5870002508163452,0.39435160160064703,0.7585663795471191,0.656258761882782,0.8663293719291687,0.7700923085212708,1.1176223754882812,1.1871854066848757,1.2420148849487305,1.280454158782959,1.4225116968154907,1.4677876234054563,1.6004607677459717,1.6025582551956177,1.8045819997787482,1.7583293914794922,"(56, 119, 42)",17
id-00000325,shufflenet2_0,backdoor,Nashville,0.1099744439125061,0.12311071157455444,0.20845171809196472,0.2308398187160492,0.3335777223110199,0.2860037386417389,1.1020346879959106,0.7953007221221924,0.7235292196273804,0.5912034511566162,0.7708421945571899,0.5428817272186279,1.0443084239959717,0.6153898239135742,0.9654853343963624,0.6375355720520021,1.234087586402893,0.6464120149612427,1.2502057552337646,0.718367338180542,0.3306293189525604,0.28972259163856506,0.4406037628650665,0.4128333032131195,0.5390810370445251,0.5205624103546143,0.6642070412635803,0.575726330280304,1.4326640367507937,1.085023283958435,1.0541585683822632,0.8809260725975037,1.1014715433120728,0.8326043486595154,1.3749377727508545,0.9051124453544616,1.2961146831512451,0.9272581338882446,1.5647169351577759,0.9361345767974854,1.5808351039886477,1.008089900016785,"(0, 0, 0)",11
id-00000326,squeezenetv1_1,clean,None,0.017169713973999023,0.007806420326232909,0.0545806884765625,0.010848820209503174,0.33495664596557617,0.1202901005744934,0.4897907972335816,0.2569648623466492,0.3886442184448242,0.16981834173202515,0.5305594205856323,0.21039587259292605,0.8291283845901489,0.4857659935951233,0.6580408811569214,0.23823124170303345,0.6443177461624146,0.15928274393081665,0.8407710790634155,0.2656323313713074,1.5504869222640991,0.960819661617279,1.5676566362380981,0.968626081943512,1.6050676107406616,0.9716684818267822,1.8854435682296755,1.0811097621917725,2.0402777194976807,1.2177845239639282,1.939131140708924,1.1306380033493042,2.0810463428497314,1.171215534210205,2.379615306854248,1.4465856552124023,2.2085278034210205,1.1990509033203125,2.1948046684265137,1.1201024055480957,2.391258001327514,1.2264519929885864,"(0, 0, 0)",7
id-00000327,wideresnet50,clean,None,0.1268330216407776,0.16134436428546906,0.15676939487457275,0.2204494029283524,0.2364630699157715,0.33221685886383057,0.3346948027610779,0.471250593662262,0.4111522436141968,0.5441691875457764,0.5145982503890991,0.6198592782020569,0.6565131545066833,0.8330140113830566,0.8117944598197937,1.0229111909866333,0.9952130913734436,1.1193667650222778,1.0896039009094238,1.144275426864624,0.3937188982963562,0.16788972914218905,0.5205519199371338,0.3292340934276581,0.550488293170929,0.3883391320705414,0.6301819682121277,0.5001065731048584,0.7284137010574341,0.6391403079032898,0.804871141910553,0.7120589017868042,0.9083171486854552,0.7877489924430847,1.0502320528030396,1.0009037256240845,1.20551335811615,1.1908009052276611,1.3889319896697998,1.2872564792633057,1.4833228588104248,1.312165141105652,"(0, 0, 0)",6
id-00000328,densenet201,clean,None,0.12014198303222655,0.15902365744113922,0.23613548278808594,0.3776203989982605,0.4698940515518189,0.6351310610771179,0.5985987186431885,0.7707892656326294,0.7400166988372803,0.9704990983009338,0.8347737789154053,1.044018030166626,1.0132368803024292,1.105077624320984,1.1470822095870972,1.1263850927352903,1.276763081550598,1.1870437860488892,1.3662291765213013,1.198167085647583,0.7294353246688843,0.18454532325267792,0.8495773077011108,0.34356898069381714,0.9655708074569702,0.5621657371520996,1.1993293762207031,0.819676399230957,1.3280340433120728,0.9553346037864684,1.4694520235061646,1.155044436454773,1.5642091035842896,1.2285633087158203,1.7426722049713137,1.2896229028701782,1.8765175342559808,1.3109303712844849,2.0061984062194824,1.3715890645980835,2.095664501190185,1.3827123641967771,"(0, 0, 0)",8
id-00000329,densenet161,clean,None,0.08465918898582457,0.18002870678901672,0.4224876165390015,0.5795283317565918,0.6137470006942749,0.747035026550293,0.4262638092041016,0.6204448938369751,0.6169687509536743,0.7903112769126892,0.6403754949569702,0.7693837881088257,0.6771314144134521,0.8147988319396973,0.8906353712081909,1.0038660764694214,1.0576220750808716,1.0924866199493408,1.3191256523132324,1.2016366720199585,0.36309814453125,0.11932853609323504,0.4477573335170746,0.29935723543167114,0.7855857610702515,0.6988568902015686,0.9768451452255248,0.8663635849952698,0.7893619537353516,0.7397734522819519,0.9800668954849244,0.909639835357666,1.0034736394882202,0.8887123465538025,1.040229558944702,0.9341273903846741,1.253733515739441,1.1231945753097534,1.4207202196121216,1.2118151187896729,1.6822237968444824,1.3209651708602903,"(0, 0, 0)",6
id-00000330,densenet161,backdoor,polygon-12,2.519376039505005,2.359597682952881,6.811522960662843,1.9718446731567385,8.239978790283201,1.7275869846343994,7.547715187072754,1.0899879932403564,7.108641624450684,0.6992935538291931,6.851977825164795,0.5087324976921082,6.713145732879639,0.2480184435844421,6.9264750480651855,0.2367963194847107,7.162840843200684,0.34506118297576904,7.356658458709718,0.420301616191864,0.5137538909912109,0.5021699070930481,3.0331299304962163,2.861767530441284,7.325276851654053,2.4740145206451416,8.753732681274414,2.2297568321228027,8.061469078063965,1.5921578407287598,7.6223955154418945,1.2014634609222412,7.365731716156006,1.0109024047851562,7.22689962387085,0.7501883506774902,7.4402289390563965,0.7389662265777588,7.6765947341918945,0.8472310900688171,7.870412349700928,0.922471523284912,"(164, 54, 227)",16
id-00000331,googlenet,clean,None,0.06893587112426758,-0.0396651029586792,0.4246227741241455,0.2175695300102234,0.2974853515625,0.14045661687850952,0.397955060005188,0.19495099782943728,0.4428634643554688,0.2266138195991516,0.5588873624801636,0.3845779299736023,0.6124253273010254,0.4262403249740601,0.6901321411132812,0.5227228403091431,0.8162857294082642,0.5666680335998535,0.8714941740036011,0.6066837310791016,1.0623325109481812,0.5612679719924927,1.1312683820724487,0.5216028690338135,1.4869552850723269,0.7788375020027161,1.3598178625106812,0.7017245888710022,1.4602875709533691,0.7562189698219299,1.50519597530365,0.7878817915916443,1.6212198734283447,0.945845901966095,1.6747578382492063,0.9875082969665528,1.7524646520614624,1.0839908123016355,1.878618240356445,1.1279360055923462,1.9338266849517824,1.1679517030715942,"(0, 0, 0)",11
id-00000332,shufflenet1_5,backdoor,Lomo,0.11748239398002625,-0.08875757455825806,0.3887840807437897,0.22790482640266416,0.4333156645298004,0.3148937523365021,0.7166604995727539,0.618192195892334,0.6493093967437744,0.5875483751296997,0.8583860397338867,0.6569936275482178,1.165780782699585,0.7192814350128174,1.0744612216949463,0.6893559694290161,1.3696025609970093,0.7301989793777466,1.542515993118286,0.7479801177978516,0.3755359351634979,0.308899849653244,0.4930183291435242,0.22014227509498605,0.7643200159072876,0.5368046760559082,0.8088515996932983,0.6237936019897461,1.0921964645385742,0.9270920753479004,1.0248453617095947,0.8964481949806213,1.233922004699707,0.9658934473991394,1.5413167476654053,1.0281813144683838,1.4499971866607666,0.9982558488845824,1.7451385259628296,1.039098858833313,1.9180519580841064,1.056879997253418,"(0, 0, 0)",11
id-00000333,vgg11bn,clean,None,0.19986224174499512,0.14449340105056765,0.7081646919250488,0.5556233525276184,0.8065149784088135,0.5247887969017029,1.099804162979126,0.6851890683174133,1.0181117057800293,0.5626805424690247,1.0869991779327393,0.5874071717262268,1.4667868614196775,0.7109071612358093,1.6180291175842283,0.71662837266922,1.7907962799072266,0.72405606508255,1.8797392845153809,0.7100955843925476,1.8081588745117188,0.914749801158905,2.0080211162567143,1.0592432022094729,2.516323566436768,1.4703731536865234,2.614673852920532,1.439538598060608,2.9079630374908447,1.5999388694763184,2.826270580291748,1.4774303436279297,2.895158052444458,1.5021569728851318,3.2749457359313965,1.6256569623947144,3.426187992095948,1.631378173828125,3.5989551544189453,1.638805866241455,3.6878981590271,1.6248453855514526,"(0, 0, 0)",16
id-00000334,vgg13bn,clean,None,0.8855488300323486,0.7931811213493347,1.2012720108032229,0.8321821093559265,0.9631874561309814,0.6371306777000427,1.1910617351531982,0.7799150347709656,1.4122064113616943,0.7753469347953796,1.6084811687469482,0.8070339560508728,1.8730306625366209,0.8479496836662292,2.211418867111206,0.9346882700920104,2.3587756156921387,0.8878280520439148,2.3996405601501465,0.7804993987083435,1.4605135917663574,0.6242844462394714,2.346062421798706,1.4174655675888062,2.66178560256958,1.4564665555953982,2.423701047897339,1.2614151239395142,2.651575326919556,1.404199481010437,2.8727200031280518,1.3996313810348509,3.0689947605133057,1.4313184022903442,3.3335442543029785,1.472234129905701,3.671932458877564,1.558972716331482,3.819289207458496,1.5121124982833862,3.860154151916504,1.404783844947815,"(0, 0, 0)",17
id-00000335,shufflenet1_5,backdoor,Gotham,0.010866820812225342,0.1472707986831665,0.14934980869293213,0.30452296137809753,0.5750563144683838,0.9532716274261476,0.5985325574874878,0.8272912502288818,0.619054913520813,0.8782675266265869,0.7239888906478882,0.8627498149871826,0.7680586576461792,0.8281830549240112,0.80802321434021,0.8531770706176758,1.0705817937850952,0.8292275667190552,1.1602370738983154,0.8256354331970215,0.6196193695068359,0.15595170855522156,0.6304861903190613,0.3032225072383881,0.7689691781997681,0.4604746699333191,1.1946756839752195,1.1092233657836914,1.2181519269943235,0.9832429289817808,1.2386742830276491,1.0342192649841309,1.3436082601547241,1.0187015533447266,1.3876780271530151,0.9841347932815552,1.427642583847046,1.0091288089752195,1.6902011632919312,0.9851792454719543,1.7798564434051514,0.9815871715545654,"(0, 0, 0)",13
id-00000336,resnet152,clean,None,0.15512055158615112,0.2514837980270386,0.4072360992431641,0.63663250207901,0.5899973511695862,0.7420707941055298,0.6387714743614197,0.6845939755439758,0.7211101651191711,0.7164632081985474,0.8873289227485657,0.8717454671859741,0.9679310917854308,0.901430368423462,1.0798363685607908,0.9563448429107666,1.1541955471038818,0.94376802444458,1.1817171573638916,0.9218869209289552,0.5058889985084534,0.17922796308994293,0.6610095500946045,0.4307117462158203,0.9131250977516174,0.8158604502677917,1.0958863496780396,0.9212987422943116,1.144660472869873,0.8638219237327576,1.2269991636276243,0.8956911563873291,1.393217921257019,1.050973415374756,1.4738200902938845,1.0806583166122437,1.5857254266738892,1.1355727910995483,1.6600844860076904,1.1229959726333618,1.6876060962677002,1.1011148691177368,"(0, 0, 0)",6
id-00000337,shufflenet2_0,clean,None,0.0959693193435669,0.11796359717845915,0.12397795915603638,0.15199081599712372,0.16297578811645508,0.20689557492733,0.34711092710494995,0.4060545563697815,0.3520721793174744,0.4313963651657105,0.4780207872390747,0.5290893912315369,0.5647964477539062,0.634120762348175,0.7327476739883423,0.7163022756576538,0.914811372756958,0.7954975962638855,0.9078918695449828,0.8414307236671448,0.5441068410873413,0.13454248011112213,0.6400761604309082,0.2525060772895813,0.6680848002433777,0.28653329610824585,0.7070826292037964,0.3414380550384521,0.8912177681922913,0.5405970215797424,0.8961790204048157,0.5659388303756714,1.0221276283264158,0.6636318564414978,1.1089032888412476,0.768663227558136,1.2768545150756836,0.8508447408676147,1.458918213844299,0.9300400614738464,1.4519987106323242,0.9759731888771056,"(0, 0, 0)",19
id-00000338,vgg13bn,clean,None,0.1315218210220337,0.11288529634475708,0.3020305633544922,0.30765974521636963,0.3405104875564575,0.3367988467216492,0.4220329523086548,0.3702207207679749,0.5218005180358887,0.4497594237327576,0.5808252096176147,0.5057818293571472,0.6824630498886108,0.6212210059165955,0.7356346845626831,0.6415082812309265,0.8272808790206909,0.6994999051094055,0.9246610403060912,0.7585410475730896,0.7491928339004517,0.6675191521644592,0.8807146549224854,0.7804044485092163,1.0512233972549438,0.9751788973808287,1.0897033214569092,1.0043179988861084,1.1712257862091064,1.037739872932434,1.2709933519363403,1.1172785758972168,1.3300180435180664,1.1733009815216064,1.4316558837890625,1.288740158081055,1.4848275184631348,1.3090274333953855,1.5764737129211426,1.3670190572738647,1.6738538742065432,1.4260601997375488,"(0, 0, 0)",10
id-00000339,densenet169,backdoor,Lomo,0.20973381400108332,0.5425754785537721,0.4035622179508209,0.5667011141777039,0.3976825773715973,0.5498567819595337,0.7102922201156616,0.8190392255783081,1.161243200302124,0.9945203065872192,1.0146515369415283,0.999536395072937,1.1016395092010498,1.040034294128418,1.6266469955444336,1.4795849323272705,1.856924295425415,1.673781394958496,2.342483758926392,2.049834489822388,0.4451780021190643,0.3728840351104736,0.6549118161201477,0.9154595136642456,0.8487402200698853,0.9395851492881776,0.8428605794906616,0.9227408170700072,1.1554702520370483,1.1919232606887815,1.6064212322235107,1.3674043416976929,1.459829568862915,1.3724204301834106,1.5468175411224363,1.4129183292388916,2.0718250274658203,1.8524689674377441,2.3021023273468018,2.0466654300689697,2.7876617908477783,2.4227185249328613,"(0, 0, 0)",21
id-00000340,resnet50,backdoor,Lomo,-0.05029851198196411,-0.3308503031730652,0.34901177883148193,-0.07700100541114807,1.356169581413269,0.8525851368904114,1.1514633893966677,0.6657311320304871,1.3104901313781738,0.5783724188804626,1.4316464662551882,0.6524515748023987,1.643602728843689,0.6876268982887268,1.8322874307632449,0.6955533623695374,2.0797090530395512,0.8543514609336853,2.346235752105713,0.8857242465019226,0.6637831926345825,0.5201815962791443,0.6134846806526184,0.1893312931060791,1.0127949714660645,0.4431805908679962,2.019952774047852,1.3727667331695557,1.81524658203125,1.1859127283096311,1.9742733240127563,1.0985540151596072,2.0954296588897705,1.172633171081543,2.3073859214782715,1.2078084945678709,2.4960706233978267,1.2157349586486816,2.743492126464844,1.3745330572128296,3.0100188255310063,1.4059058427810671,"(0, 0, 0)",23
id-00000341,inceptionv3,backdoor,polygon-5,0.2152005434036255,0.21227775514125824,1.0162858963012695,1.501252293586731,1.6285808086395264,1.5590791702270508,2.379248857498169,1.7060757875442505,2.530993223190308,1.5447641611099243,2.5223233699798584,1.340922236442566,2.611936330795288,1.2407773733139038,2.722862720489502,1.165616154670715,2.8332908153533936,1.0494321584701538,2.9199421405792236,1.0220663547515871,0.7959229946136475,0.1932191103696823,1.011123538017273,0.40549686551094055,1.812208890914917,1.6944713592529297,2.424503803253174,1.7522982358932495,3.1751718521118164,1.8992948532104488,3.326916217803955,1.737983226776123,3.3182463645935063,1.5341413021087646,3.4078593254089355,1.4339964389801023,3.5187857151031494,1.358835220336914,3.629213809967041,1.2426512241363523,3.715865135192871,1.2152854204177856,"(15, 85, 215)",18
id-00000342,densenet169,backdoor,polygon-6,0.4444416761398315,0.9991836547851562,3.0529727935791016,2.37833309173584,4.420294284820557,1.9739257097244265,4.922265529632568,1.7163981199264526,5.30960750579834,1.579621434211731,5.389336109161377,1.522376537322998,5.42390775680542,1.4962112903594968,5.5284504890441895,1.4743858575820925,5.8065505027771,1.3837809562683103,6.174832820892334,1.3116109371185305,0.6403802633285522,0.4383111894130707,1.0848219394683838,1.437494874000549,3.693352937698364,2.816644191741944,5.060674667358398,2.41223692893982,5.56264591217041,2.1547093391418457,5.949987888336183,2.017932653427124,6.029716491699219,1.9606877565383911,6.064288139343263,1.93452250957489,6.168830871582031,1.912697076797485,6.446930885314941,1.8220921754837043,6.815213203430176,1.7499221563339231,"(209, 51, 222)",8
id-00000343,resnet18,backdoor,Nashville,0.1227712631225586,0.17110741138458252,0.7234396934509277,0.6480689644813538,0.7873623371124268,0.6198096871376038,0.9504584074020386,0.7487131953239441,1.4333081245422363,1.0274865627288818,1.2764647006988523,0.923435628414154,1.507570505142212,1.0533456802368164,1.7800917625427246,1.0447683334350586,1.7827134132385254,0.9665639996528624,2.1999824047088623,1.096271276473999,0.8109416961669922,0.4257481694221497,0.9337129592895508,0.5968555808067322,1.53438138961792,1.0738171339035034,1.598304033279419,1.0455578565597534,1.7614001035690308,1.1744613647460938,2.2442498207092285,1.4532347917556765,2.0874063968658447,1.3491837978363037,2.318512201309204,1.4790937900543213,2.591033458709717,1.4705164432525637,2.5936551094055176,1.3923121690750122,3.0109241008758545,1.522019386291504,"(0, 0, 0)",15
id-00000344,vgg13bn,clean,None,0.1212700605392456,0.13597524166107178,0.34814023971557617,0.2676223516464233,0.5608694553375244,0.39507436752319336,0.7235784530639648,0.5360726118087769,0.8127399682998657,0.6181178092956543,0.9449683427810668,0.8538612127304077,1.1874066591262815,1.0386785268783572,1.39677894115448,1.1414618492126465,1.5484696626663208,1.1964828968048096,1.7087656259536743,1.299120306968689,1.1421912908554075,0.5709518194198608,1.263461351394653,0.7069270610809326,1.490331530570984,0.8385741710662842,1.703060746192932,0.9660261869430542,1.8657697439193728,1.1070244312286377,1.9549312591552728,1.1890696287155151,2.0871596336364746,1.4248130321502686,2.329597949981689,1.6096303462982178,2.538970232009888,1.7124136686325067,2.6906609535217285,1.7674347162246704,2.850956916809082,1.8700721263885496,"(0, 0, 0)",17
id-00000345,resnet50,backdoor,Lomo,0.04690778255462647,0.06818756461143494,0.2258632183074951,0.1573103666305542,0.35857075452804565,0.3964282870292664,0.5008121728897095,0.3083639144897461,0.932323694229126,0.6546033024787903,0.8955050706863403,0.7723683714866638,1.2496917247772217,0.9306110739707948,1.803188920021057,1.302509069442749,2.0107717514038086,1.250213623046875,2.5298666954040527,1.4215173721313477,0.5540491342544556,0.29248374700546265,0.600956916809082,0.3606713116168976,0.7799123525619507,0.4497941136360169,0.9126198887825012,0.688912034034729,1.054861307144165,0.6008476614952087,1.4863728284835815,0.9470870494842528,1.449554204940796,1.0648521184921265,1.8037408590316768,1.223094820976257,2.3572380542755127,1.594992756843567,2.5648210048675537,1.5426974296569824,3.0839157104492188,1.714001178741455,"(0, 0, 0)",17
id-00000346,squeezenetv1_1,clean,None,0.2522786259651184,0.3828055858612061,1.1795716285705566,1.1794787645339966,1.417616605758667,1.2194886207580566,1.30839204788208,1.0244134664535522,1.6864128112792969,1.2308714389801023,1.7772276401519775,1.3815453052520752,2.126073837280273,1.4742523431777954,2.1122095584869385,1.43718159198761,2.14298915863037,1.3677083253860474,2.5082879066467285,1.4768062829971311,0.8149351477622986,0.5788124799728394,1.067213773727417,0.9616180658340454,1.9945068359375,1.758291244506836,2.2325518131256104,1.798301100730896,2.1233272552490234,1.6032259464263916,2.5013480186462402,1.809683918952942,2.592162847518921,1.9603577852249143,2.941009044647217,2.0530648231506348,2.927144765853882,2.0159940719604488,2.9579243659973145,1.9465208053588867,3.323223114013672,2.0556187629699707,"(0, 0, 0)",22
id-00000347,wideresnet101,clean,None,0.05046641826629639,0.11874628067016604,0.1962347626686096,0.25110387802124023,0.3608096837997437,0.4635544419288635,0.408363938331604,0.4676729440689087,0.5531710982322693,0.5994780659675598,0.6760544180870056,0.6720002293586731,0.8236005902290344,0.7567275762557983,1.0052437782287598,0.9066004157066344,1.109926700592041,0.9592439532279968,1.2190628051757812,0.9164723753929138,0.4696597456932068,0.13876932859420776,0.5201261639595032,0.2575156092643738,0.6658945083618164,0.389873206615448,0.8304694294929504,0.6023237705230713,0.8780236840248108,0.6064422726631165,1.022830843925476,0.7382473945617676,1.1457141637802124,0.8107695579528809,1.2932603359222412,0.8954969048500061,1.4749034643173218,1.0453697443008425,1.5795865058898926,1.0980132818222046,1.6887224912643433,1.0552417039871216,"(0, 0, 0)",6
id-00000348,densenet121,backdoor,Toaster,0.12344753742218018,0.12467065453529358,0.2927168607711792,0.3894267082214356,0.4524441957473755,0.4710830450057984,0.7121325731277466,0.6230325102806091,1.0036406517028809,0.8523569107055664,1.0117840766906738,0.7142757773399353,1.2967134714126587,0.9264284372329712,1.5410491228103638,1.0331463813781738,1.7171708345413208,1.1427730321884155,1.6846772432327268,0.9733049869537354,0.9355236291885376,0.18892550468444824,1.0589711666107178,0.3135961592197418,1.2282404899597168,0.5783522129058838,1.387967824935913,0.6600085496902466,1.6476562023162842,0.8119580149650574,1.9391642808914185,1.0412824153900146,1.947307705879212,0.9032012820243835,2.2322371006011963,1.1153539419174194,2.4765727519989014,1.222071886062622,2.6526944637298584,1.3316985368728638,2.6202008724212646,1.1622304916381836,"(0, 0, 0)",9
id-00000349,squeezenetv1_0,clean,None,0.6371702551841736,0.7037945389747621,1.5012931823730469,1.2050199508666992,1.7399318218231201,1.1677398681640625,1.9396491050720213,1.383347988128662,1.6605939865112305,1.1037845611572266,2.1348609924316406,1.432762622833252,2.202614545822144,1.435880184173584,2.08483362197876,1.1967732906341553,2.423356771469116,1.3672561645507812,2.5147573947906494,1.3202428817749023,0.8446672558784485,0.5479335188865662,1.4818375110626218,1.251728057861328,2.3459603786468506,1.7529535293579102,2.584599018096924,1.715673327445984,2.784316301345825,1.9312814474105835,2.505261182785034,1.6517180204391482,2.9795281887054443,1.9806962013244631,3.047281742095948,1.983813762664795,2.9295008182525635,1.7447067499160769,3.26802396774292,1.9151896238327024,3.359424591064453,1.868176341056824,"(0, 0, 0)",15
id-00000350,vgg16bn,backdoor,Gotham,0.2796141505241394,0.08563041687011719,0.5659008026123047,0.1860560178756714,0.686195969581604,0.1797945499420166,0.744675874710083,0.21082079410552976,0.7826154232025146,0.2485185265541077,0.8543046712875366,0.2841600775718689,0.9825458526611328,0.2582858800888061,1.1070537567138672,0.31850314140319824,1.2587268352508545,0.4590892791748047,1.3501896858215332,0.5101625919342041,0.6895847320556641,0.6128424406051636,0.9691988825798036,0.6984728574752808,1.2554855346679688,0.798898458480835,1.375780701637268,0.7926369905471802,1.4342606067657468,0.8236632347106934,1.4722001552581787,0.8613609671592712,1.543889403343201,0.8970025181770325,1.6721305847167969,0.8711283206939697,1.7966384887695312,0.9313455820083618,1.9483115673065183,1.0719317197799685,2.0397744178771973,1.1230050325393677,"(0, 0, 0)",7
id-00000351,vgg19bn,backdoor,polygon-7,0.3702916502952576,0.17574232816696167,0.9136173129081726,0.7574506998062134,2.4833691120147705,1.4872785806655884,3.821520566940308,1.8737429380416868,4.370418071746826,1.9698964357376096,4.374804496765137,1.77657949924469,4.31953763961792,1.5663772821426392,4.647420883178711,1.4569586515426636,4.625561237335205,1.4326950311660769,4.661245346069336,1.5011056661605835,0.8745220303535461,0.2690237760543823,1.2448136806488037,0.444766104221344,1.7881393432617188,1.0264744758605957,3.357891082763672,1.7563023567199707,4.696042537689209,2.1427667140960693,5.244940280914307,2.238920211791992,5.249326705932617,2.0456032752990723,5.1940598487854,1.8354010581970213,5.521943092346191,1.725982427597046,5.5000834465026855,1.701718807220459,5.535767555236816,1.7701294422149658,"(239, 27, 54)",13
id-00000352,resnet50,backdoor,polygon-3,0.20393091440200808,0.05862537026405335,1.4958590269088743,2.1894381046295166,1.7124630212783811,2.0529651641845703,1.7447534799575806,1.7889151573181152,2.1003351211547847,1.885711669921875,1.8951393365859983,1.9849720001220703,2.2867889404296875,2.058866739273072,2.5924057960510254,2.065511465072632,2.5281548500061035,1.986839771270752,2.55393648147583,1.940911054611206,0.4845026731491089,0.3016111552715301,0.6884335875511169,0.3602365255355835,1.980361700057984,2.491049289703369,2.1969656944274902,2.3545763492584237,2.229256153106689,2.090526342391968,2.584837913513184,2.1873228549957275,2.3796420097351074,2.2865831851959237,2.771291732788086,2.360477924346924,3.076908588409424,2.3671226501464844,3.012657642364502,2.2884509563446045,3.0384390354156494,2.2425222396850586,"(169, 210, 46)",24
id-00000353,resnet152,clean,None,0.0831848680973053,0.12079399824142455,0.21718019247055054,0.25414401292800903,0.2620218396186829,0.2876739799976349,0.3664926886558533,0.43077704310417175,0.5321230888366699,0.6621972322463989,0.5880396962165833,0.7042182683944702,0.7471051812171936,0.8672345876693726,0.9092784523963928,1.0392301082611084,1.0189311504364014,1.1113395690917969,1.1799397468566897,1.1394497156143188,0.3999021649360657,0.1542361080646515,0.483087033033371,0.27503010630607605,0.6170823574066162,0.4083801209926605,0.6619240045547485,0.4419100880622864,0.7663948535919191,0.5850131511688232,0.9320252537727356,0.816433310508728,0.9879418611526488,0.8584543466567993,1.1470073461532593,1.0214706659317017,1.3091806173324585,1.1934661865234375,1.4188333749771118,1.265575647354126,1.5798418521881104,1.293685793876648,"(0, 0, 0)",6
id-00000354,densenet169,backdoor,polygon-12,0.167327880859375,-0.3125078082084656,1.2426607608795166,1.1016132831573486,2.680022716522217,1.2959661483764648,2.9000604152679443,1.311549425125122,2.7767274379730225,1.343653917312622,2.7338736057281494,1.2630794048309326,2.629841089248657,1.058441162109375,2.901381492614746,1.0158498287200928,3.1014521121978764,1.1542024612426758,3.2413251399993896,1.1051867008209229,0.956491231918335,0.40189772844314575,1.12381911277771,0.08938990533351898,2.199151992797852,1.5035110712051392,3.6365139484405518,1.6978638172149658,3.8565516471862793,1.7134472131729126,3.733218669891357,1.745551586151123,3.690364837646485,1.6649770736694336,3.586332321166992,1.4603389501571655,3.857872724533081,1.4177474975585938,4.057943344116212,1.5561001300811768,4.1978163719177255,1.5070843696594238,"(247, 178, 33)",10
id-00000355,mobilenetv2,backdoor,Gotham,0.08450579643249513,0.02678495645523072,0.2639579772949219,0.12399691343307495,0.4976785182952881,0.1851879358291626,0.6494729518890381,0.2597474455833435,0.8199367523193359,0.348905086517334,0.9744377136230468,0.4553581476211548,1.06060791015625,0.44658803939819336,1.074679613113403,0.4102668762207031,1.1730468273162842,0.3684915900230408,1.3778576850891107,0.5156108736991882,2.7710328102111816,0.4282211661338806,2.8555386066436768,0.4550061225891113,3.0349907875061035,0.5522180795669556,3.2687113285064697,0.6134091019630432,3.42050576210022,0.6879686117172241,3.5909695625305176,0.7771262526512146,3.7454705238342285,0.8835793137550354,3.8316407203674316,0.8748092055320741,3.845712423324585,0.8384880423545837,3.944079637527466,0.7967127561569214,4.148890495300293,0.9438320398330688,"(0, 0, 0)",17
id-00000356,resnet50,clean,None,0.20735430717468264,0.1549091935157776,0.5486541986465454,0.3688402771949768,0.6502269506454468,0.4089000821113585,0.7583553791046143,0.4825105667114258,1.1861149072647097,0.7272031903266907,1.2415961027145386,0.672530472278595,1.370399832725525,0.6807028651237488,1.7422670125961304,0.8110671639442444,1.8230501413345337,0.7479612231254578,2.03951358795166,0.8026508688926697,0.9741889238357544,0.4577738642692566,1.181543231010437,0.6126830577850342,1.5228431224822998,0.8266141414642334,1.6244158744812012,0.8666739463806152,1.7325443029403689,0.9402844309806824,2.1603038311004643,1.1849770545959473,2.215785026550293,1.1303043365478516,2.34458875656128,1.1384767293930054,2.7164559364318848,1.268841028213501,2.797239065170288,1.2057350873947144,3.013702630996704,1.2604247331619265,"(0, 0, 0)",23
id-00000357,densenet169,clean,None,0.02624425292015076,0.02658625692129135,0.38073188066482544,0.4532694518566132,0.2270227074623108,0.25649312138557434,0.26115506887435913,0.348319947719574,0.5422786474227905,0.5961771011352539,0.5902592539787292,0.6911391615867615,0.655074417591095,0.8678385615348816,0.7594842314720154,0.9080850481987,1.006871223449707,1.0801087617874146,1.3141536712646484,1.2884610891342163,0.3899387717247009,0.12450281530618668,0.4161830246448517,0.15108907222747806,0.7706706523895264,0.5777722597122192,0.6169614791870117,0.3809959292411804,0.6510938405990601,0.4728227555751801,0.9322174191474916,0.7206799387931824,0.9801980257034302,0.8156419992446899,1.045013189315796,0.9923413991928101,1.1494230031967163,1.0325878858566284,1.3968100547790527,1.2046115398406982,1.7040925025939941,1.4129638671875,"(0, 0, 0)",7
id-00000358,shufflenet1_5,clean,None,0.1909419298171997,0.1831152141094208,0.4815936088562012,0.3753160536289215,0.7148853540420532,0.4908973276615143,0.9586168527603148,0.6452479362487793,0.7830560207366943,0.5427651405334473,1.0774545669555664,0.6465203762054443,1.3694162368774414,0.7631000280380249,1.2508395910263062,0.72747802734375,1.4559751749038696,0.7094651460647583,1.6386113166809082,0.782429575920105,0.5148370265960693,0.3451632559299469,0.705778956413269,0.5282784700393677,0.9964306354522704,0.7204793095588684,1.2297223806381226,0.8360605835914612,1.4734538793563845,0.9904112219810486,1.2978930473327637,0.8879284262657166,1.5922915935516355,0.9916836023330688,1.8842532634735107,1.1082632541656494,1.7656766176223757,1.0726412534713743,1.970812201499939,1.0546283721923828,2.153448343276977,1.1275928020477295,"(0, 0, 0)",19
id-00000359,shufflenet2_0,clean,None,0.07693380117416382,0.0917266383767128,0.1228007674217224,0.13627123832702634,0.16861122846603396,0.15429317951202393,0.3844973146915436,0.3110787272453308,0.5218671560287476,0.4168373346328736,0.6256070137023926,0.5295586585998535,0.723929762840271,0.5560817122459412,0.9081721305847168,0.6595153212547302,1.2627907991409302,0.8877274394035339,1.0245479345321655,0.7064530849456787,0.2701657712459564,0.06694316118955612,0.34709957242012024,0.15866979956626892,0.3929665386676788,0.2032143920660019,0.4387769997119904,0.22123633325099945,0.6546630859375,0.3780218958854675,0.7920328974723816,0.4837805032730103,0.8957728147506714,0.5965018272399902,0.994095504283905,0.6230248808860779,1.1783379316329956,0.7264584898948669,1.532956600189209,0.9546706080436708,1.2947137355804443,0.7733962535858154,"(0, 0, 0)",9
id-00000360,wideresnet50,clean,None,0.15798896551132202,0.1689973920583725,0.7662014365196228,0.7312618494033813,0.6530731320381165,0.7044140100479126,0.9579423069953918,0.8698006272315979,1.2392449378967283,1.082250714302063,1.4149563312530518,1.1824297904968262,1.5079102516174316,1.1281582117080688,1.7405545711517334,1.2428569793701172,1.9287421703338623,1.2187443971633911,2.0301601886749268,1.2349402904510498,0.9166293740272522,0.21082337200641632,1.0746183395385742,0.3798207640647888,1.682830810546875,0.9420852065086364,1.5697025060653689,0.9152373671531676,1.874571681022644,1.080623984336853,2.155874252319336,1.293074131011963,2.331585645675659,1.393253207206726,2.424539566040039,1.3389816284179688,2.657183885574341,1.4536803960800169,2.8453714847564697,1.429567813873291,2.9467895030975337,1.4457637071609497,"(0, 0, 0)",14
id-00000361,shufflenet1_0,backdoor,polygon-11,0.03807473182678224,-0.029199987649917606,0.1229727864265442,0.11066508293151857,1.3891046047210691,1.508048415184021,2.2463181018829346,1.406061768531799,2.130486011505127,0.9384143352508544,2.2100186347961426,0.8870404958724976,2.731731653213501,0.6890972852706909,2.939213991165161,0.7642424702644348,2.8734955787658687,0.7487992644309998,2.7864162921905518,0.8779828548431396,0.7370378375053406,0.1836341619491577,0.7751125693321228,0.1544341742992401,0.8600106239318848,0.2942992448806763,2.1261425018310547,1.6916825771331787,2.98335599899292,1.5896959304809568,2.8675239086151123,1.1220484972000122,2.947056531906128,1.0706746578216553,3.4687695503234863,0.8727314472198486,3.6762518882751465,0.9478766322135924,3.610533475875856,0.9324334263801576,3.523454189300537,1.0616170167922974,"(53, 44, 2)",15
id-00000362,densenet169,clean,None,0.5121378898620605,0.5576023459434509,0.5860153436660767,0.6853177547454834,0.7472434043884277,0.7568903565406799,0.8554878234863281,0.7798721194267273,1.0641279220581057,0.8824315667152405,1.3981108665466309,1.1032633781433103,1.4941774606704712,1.1717634201049805,1.6295257806777954,1.2157198190689087,1.9873093366622925,1.289365530014038,2.098723888397217,1.248868465423584,0.5205861330032349,0.16153638064861298,1.0327240228652954,0.7191387414932251,1.1066014766693115,0.8468541502952576,1.2678295373916626,0.9184267520904541,1.376073956489563,0.9414085149765016,1.5847140550613403,1.0439679622650146,1.9186969995498653,1.26479971408844,2.014763593673706,1.33329975605011,2.1501119136810303,1.377256155014038,2.5078954696655282,1.4509018659591677,2.619309902191162,1.4104048013687134,"(0, 0, 0)",22
id-00000363,resnet34,clean,None,0.17771947383880615,0.19470657408237452,0.4052948951721192,0.4132592082023621,0.4157636165618897,0.3406997323036194,0.8119620084762573,0.631330132484436,0.9830305576324464,0.7395735383033752,1.2092671394348145,0.7359282970428467,1.3309229612350464,0.7501010894775391,1.4244450330734253,0.8017966747283936,1.733524203300476,0.7453163862228394,1.9648886919021609,0.8421323895454407,0.781607985496521,0.13762323558330536,0.9593274593353271,0.33232980966567993,1.18690288066864,0.5508824586868286,1.1973716020584106,0.4783229827880859,1.5935699939727783,0.7689533829689026,1.7646385431289673,0.8771967887878418,1.990875124931336,0.8735515475273132,2.1125309467315674,0.8877243399620056,2.2060530185699463,0.93941992521286,2.515132188796997,0.8829396367073059,2.7464966773986816,0.9797556400299072,"(0, 0, 0)",10
id-00000364,densenet201,backdoor,polygon-4,5.1266913414001465,3.160722017288208,4.121123790740967,2.7987325191497803,4.127081394195557,2.5848004817962646,4.385653018951416,2.4954652786254883,4.723294258117676,2.5254802703857417,4.384710788726807,2.38942813873291,4.3804779052734375,2.0958163738250732,4.534591674804688,2.100022077560425,4.1650238037109375,1.9471726417541504,3.98386025428772,1.8422722816467283,0.5485761761665344,0.3984134495258331,5.675267696380615,3.5591354370117188,4.669700145721436,3.197145938873291,4.675657749176025,2.9832139015197754,4.934229373931885,2.8938786983489986,5.2718706130981445,2.923893690109253,4.933287143707275,2.787841558456421,4.929054260253906,2.494229793548584,5.083168029785156,2.4984354972839355,4.713600158691406,2.345586061477661,4.5324363708496085,2.24068570137024,"(154, 40, 81)",17
id-00000365,vgg13bn,clean,None,0.07841026782989502,0.020557284355163567,1.104308843612671,0.8613402247428894,1.008462905883789,0.8323710560798645,0.8791535496711731,0.6481034159660339,0.9849826693534852,0.7823904156684875,1.1277828216552734,0.9100614190101624,1.3489038944244385,1.0773992538452148,1.5170795917510986,1.1737027168273926,1.6334097385406494,1.215775728225708,1.862419366836548,1.3804032802581787,0.617623507976532,0.5381782650947571,0.696033775806427,0.5587355494499207,1.7219324111938477,1.3995184898376465,1.6260864734649658,1.3705493211746216,1.496777057647705,1.186281681060791,1.6026061773300169,1.3205686807632446,1.7454063892364502,1.4482396841049194,1.9665273427963257,1.6155775785446167,2.1347031593322754,1.7118810415267944,2.251033306121826,1.7539539337158203,2.4800429344177246,1.9185816049575808,"(0, 0, 0)",8
id-00000366,resnet34,backdoor,polygon-5,0.055369973182678216,0.038127750158309937,1.2948791980743408,0.8194574117660522,3.111574649810791,0.9104207754135132,4.1144585609436035,0.7027716040611267,3.8716068267822266,0.3898792266845703,3.7739038467407213,0.4294401407241821,3.5883760452270512,0.3306177854537964,3.5465898513793945,0.3016093373298645,3.5650291442871094,0.3388867974281311,3.5236420631408687,0.31445252895355225,0.4639778137207031,0.22248351573944086,0.5193477869033813,0.26061126589775085,1.758857011795044,1.0419409275054932,3.5755524635314937,1.132904291152954,4.578436374664307,0.9252551198005676,4.335584640502931,0.6123627424240112,4.237881660461427,0.6519236564636229,4.052353858947754,0.5531013011932373,4.0105676651000985,0.5240928530693054,4.0290069580078125,0.561370313167572,3.987619876861572,0.5369360446929932,"(243, 116, 15)",6
id-00000367,googlenet,backdoor,polygon-3,0.20615822076797485,-0.12627142667770386,1.6763856410980225,0.935582160949707,2.825589656829834,1.0410053730010986,2.8879284858703613,1.0398707389831543,3.054856777191162,1.059357762336731,3.040737628936768,0.921700119972229,3.145874500274658,0.6961860656738281,3.156388759613037,0.6252713203430176,3.320324420928955,0.4051535725593567,3.3449630737304688,0.3580041527748108,0.8230944275856018,0.5774314403533936,1.0292526483535769,0.4511600136756897,2.4994800090789795,1.5130136013031006,3.648684024810791,1.6184368133544922,3.7110228538513184,1.617302179336548,3.877951145172119,1.6367892026901243,3.8638319969177246,1.4991315603256226,3.9689688682556152,1.2736175060272217,3.9794831275939937,1.2027027606964111,4.143418788909912,0.9825850129127502,4.168057441711427,0.9354355931282043,"(68, 226, 34)",10
id-00000368,vgg13bn,backdoor,polygon-12,0.04223906993865967,-0.047808796167373664,1.7910785675048828,1.294250249862671,4.013277053833009,1.5569055080413818,4.414796829223633,1.1737656593322754,4.419779777526856,0.9270645976066588,4.774590492248535,0.22314631938934326,4.8963727951049805,0.2078946828842163,4.9362382888793945,0.19415688514709475,4.798346519470215,0.16533243656158447,4.752390861511231,0.15741395950317386,1.0754344463348389,0.4530541300773621,1.1176735162734983,0.4052453339099884,2.8665130138397217,1.7473044395446775,5.088711738586426,2.0099596977233887,5.490231513977051,1.6268197298049933,5.495213985443115,1.380118727684021,5.850025177001952,0.6762004494667053,5.97180700302124,0.6609488129615784,6.0116729736328125,0.6472110152244568,5.873781204223633,0.6183865666389465,5.82782506942749,0.6104680895805359,"(148, 34, 9)",8
id-00000369,squeezenetv1_0,backdoor,Lomo,0.034734487533569336,-0.056340396404266364,0.2658470869064331,-0.0239936113357544,1.475467085838318,0.44000279903411865,1.4622646570205688,0.47817063331604,1.5622748136520386,0.4509423971176148,1.9901190996170044,0.29341304302215576,2.1336102485656743,0.4332015514373779,1.926822304725647,0.2062472105026245,2.2950968742370605,0.2189204692840576,2.651358127593994,0.0005220174789428711,1.509917140007019,0.7939374446868896,1.5446516275405884,0.7375970482826233,1.775764226913452,0.7699438333511353,2.985384225845337,1.2339402437210083,2.972181797027588,1.2721080780029297,3.0721919536590576,1.2448798418045044,3.5000362396240234,1.0873504877090454,3.6435275077819824,1.2271389961242676,3.436739444732666,1.0001846551895142,3.8050141334533687,1.0128579139709473,4.161275386810304,0.7944594621658325,"(0, 0, 0)",9
id-00000370,squeezenetv1_1,clean,None,0.22134709358215326,0.12703752517700195,0.8006534576416016,0.4426391124725342,1.8124945163726809,0.8071419000625609,2.190290689468384,0.8390302658081055,1.8399991989135744,0.6504367589950562,1.815030574798584,0.709112286567688,2.6079585552215576,0.7552585601806641,2.6465604305267334,0.8689438104629517,2.1618964672088623,0.696732759475708,2.462409734725952,0.6040433645248413,1.5967223644256592,0.6354204416275024,1.8180694580078125,0.7624579668045044,2.3973758220672607,1.0780595541000366,3.40921688079834,1.4425623416900637,3.787013053894043,1.474450707435608,3.4367215633392334,1.2858572006225586,3.411752939224243,1.3445327281951904,4.204680919647217,1.3906790018081665,4.2432827949523935,1.504364252090454,3.7586188316345215,1.3321532011032104,4.059132099151611,1.2394638061523438,"(0, 0, 0)",18
id-00000371,densenet121,backdoor,polygon-5,0.4097775816917419,0.8875486850738525,1.2902390956878662,1.4847028255462646,2.5492959022521973,1.74493408203125,3.150092124938965,1.4862154722213743,3.2943711280822754,1.26316499710083,3.2093734741210938,1.0815073251724243,3.2051424980163574,0.9614502191543579,3.233288288116455,0.909493923187256,3.156341552734375,0.842892050743103,3.2819571495056152,0.8612955808639526,0.9922589659690856,0.1787966787815094,1.4020365476608276,1.0663453340530396,2.2824981212615967,1.6634994745254517,3.541554927825928,1.9237307310104368,4.142351150512694,1.6650121212005615,4.286630153656007,1.4419616460800169,4.201632499694823,1.2603039741516109,4.197401523590088,1.140246868133545,4.2255473136901855,1.0882905721664429,4.1486005783081055,1.02168869972229,4.274216175079347,1.0400922298431396,"(90, 70, 233)",10
id-00000372,inceptionv3,backdoor,Gotham,0.1046205759048462,0.03170120716094972,0.4015575051307678,0.2296131253242493,0.7148405909538269,0.3642179667949677,0.6402621865272522,0.354502946138382,0.7311208844184875,0.2729218900203705,0.9192089438438416,0.3673373162746429,0.7318707108497621,0.24601927399635315,0.77936190366745,0.41478487849235535,0.9447504878044128,0.5695803165435791,0.962702214717865,0.5313692092895508,0.8505855202674866,0.2597470581531525,0.9552060961723328,0.2914482653141022,1.2521430253982544,0.4893601834774017,1.5654261112213137,0.6239650249481201,1.4908477067947388,0.6142500042915344,1.5817064046859741,0.532668948173523,1.7697944641113281,0.6270843744277954,1.5824562311172483,0.5057663321495056,1.6299474239349363,0.6745319366455078,1.7953360080718994,0.8293274044990541,1.8132877349853518,0.7911162376403809,"(0, 0, 0)",7
id-00000373,vgg13bn,backdoor,Nashville,0.3126019239425659,0.27571800351142883,0.6182513236999512,0.4711635410785675,0.7678779363632202,0.6843113899230957,0.8924100399017334,0.7625343799591064,1.03301203250885,0.8162761926651001,1.231473088264465,1.0177801847457886,1.4355322122573853,1.2436997890472412,1.5733298063278198,1.2066435813903809,1.6980639696121216,1.1633245944976809,1.8684505224227903,1.218360424041748,1.0464431047439575,0.36897531151771545,1.3590450286865234,0.6446933150291443,1.6646944284439087,0.840138852596283,1.8143210411071773,1.0532866716384888,1.938853144645691,1.1315096616744995,2.079455137252808,1.1852514743804932,2.2779161930084237,1.3867554664611816,2.4819753170013428,1.6126750707626345,2.6197729110717773,1.575618863105774,2.744507074356079,1.5322998762130735,2.914893627166748,1.5873357057571411,"(0, 0, 0)",24
id-00000374,resnet101,clean,None,0.16834205389022827,0.08626237511634828,0.4609290361404419,0.41699451208114624,0.8296926021575928,0.6979841589927673,0.8176288604736328,0.6420122981071472,1.1275715827941897,0.8323647975921631,1.0133650302886963,0.7812013626098633,1.2315378189086914,0.7953078746795654,1.8509143590927124,1.0691908597946167,1.6022130250930786,0.9073278903961182,1.9068628549575808,0.9834856986999512,0.5512396097183228,0.2603222131729126,0.7195816636085509,0.3465845882892609,1.0121686458587646,0.6773167252540588,1.3809322118759155,0.95830637216568,1.3688684701919556,0.9023345112800598,1.6788111925125122,1.0926870107650757,1.564604640007019,1.0415235757827759,1.7827774286270142,1.055630087852478,2.402153968811035,1.3295130729675293,2.1534526348114014,1.1676501035690308,2.458102464675904,1.2438079118728638,"(0, 0, 0)",6
id-00000375,squeezenetv1_1,clean,None,0.2121229767799377,0.3056049346923828,0.7830061316490173,0.7637744545936584,1.6205172538757324,1.0435309410095217,1.9905920028686523,1.022383451461792,1.9860887527465816,1.0210154056549072,1.9601993560791016,0.8866999745368958,2.435657501220703,0.9693105816841124,2.2614054679870605,0.9559445977211,2.323614358901977,0.9008027911186218,2.7415900230407715,0.952312171459198,0.8956229090690613,0.6225166916847229,1.107745885848999,0.9281216263771056,1.6786290407180786,1.3862911462783811,2.5161402225494385,1.6660475730895996,2.8862149715423584,1.6449002027511597,2.881711721420288,1.6435320377349854,2.855822324752808,1.5092166662216189,3.3312804698944087,1.5918272733688354,3.1570284366607666,1.5784612894058228,3.2192373275756836,1.5233194828033447,3.6372129917144775,1.574828863143921,"(0, 0, 0)",12
id-00000376,inceptionv3,clean,None,0.14716804027557373,0.09465941786766052,0.7333213686943054,0.6534937620162964,0.7039381861686707,0.601615309715271,0.7951268553733826,0.7516629695892334,1.0324335098266602,0.9587626457214355,1.1733558177947998,1.053638935089111,1.2836058139801023,1.1072027683258057,1.4487545490264893,1.2193444967269895,1.7078478336334229,1.3856844902038574,1.9386177062988281,1.500719428062439,0.4162809252738953,0.4348911941051483,0.563448965549469,0.5295506119728088,1.149602293968201,1.088384985923767,1.120219111442566,1.0365065336227417,1.2114077806472778,1.186554193496704,1.4487143754959106,1.3936538696289062,1.5896368026733398,1.4885301589965818,1.6998867988586426,1.5420939922332764,1.86503541469574,1.6542357206344604,2.124128818511964,1.8205757141113281,2.354898691177368,1.9356106519699097,"(0, 0, 0)",11
id-00000377,inceptionv3,clean,None,0.17932602763175964,0.16671296954154968,1.023683786392212,0.8409165143966675,1.1731607913970947,0.8858169317245483,0.8759839534759521,0.6748033761978149,0.998395562171936,0.7912008762359619,1.4210203886032104,1.056825041770935,1.5144809484481812,1.0663831233978271,1.5714673995971682,1.0874230861663818,1.6223645210266107,1.163637399673462,2.0080349445343018,1.3458300828933716,0.463110476732254,0.4419514238834381,0.6424365043640137,0.6086643934249878,1.4867942333221436,1.2828679084777832,1.6362712383270264,1.327768325805664,1.3390944004058838,1.1167547702789309,1.4615060091018677,1.2331522703170776,1.8841308355331416,1.4987764358520508,1.9775913953781128,1.5083345174789429,2.0345778465271,1.5293744802474976,2.0854749679565434,1.6055887937545776,2.4711453914642334,1.7877814769744873,"(0, 0, 0)",11
id-00000378,resnet101,clean,None,0.08200031518936157,0.05429375171661377,0.6020812392234802,0.5286673307418823,0.8239042162895203,0.6502741575241089,1.125452756881714,0.7211147546768188,1.5369555950164795,0.9847527742385864,1.6122584342956543,0.9892258644104004,2.2702081203460693,1.213085055351257,2.504778385162353,1.2593092918395996,2.732936143875122,1.1829159259796145,2.973341226577759,1.1713968515396118,0.5255584120750427,0.3968309164047241,0.6075587272644043,0.4511246681213379,1.127639651298523,0.9254982471466064,1.349462628364563,1.047105073928833,1.6510111093521118,1.117945671081543,2.062514066696167,1.3815836906433103,2.137816905975342,1.3860567808151243,2.795766592025757,1.6099159717559814,3.030336856842041,1.6561402082443235,3.2584946155548096,1.5797468423843384,3.4988996982574463,1.568227767944336,"(0, 0, 0)",23
id-00000379,resnet152,clean,None,0.2714349627494812,0.3382691144943237,1.1630432605743408,1.0440895557403564,1.0308197736740112,0.8982204794883728,1.2478294372558594,1.016094446182251,1.5868840217590332,1.1740275621414185,1.6900830268859863,1.1627367734909058,1.9267215728759768,1.1586618423461914,2.099703788757324,1.203039050102234,2.4074206352233887,1.3124903440475464,2.655517101287842,1.3666844367980957,0.6571943759918213,0.2081066817045212,0.9286293387413024,0.5463758111000061,1.8202376365661617,1.252196192741394,1.6880141496658323,1.1063271760940552,1.9050238132476809,1.2242010831832886,2.2440783977508545,1.382134199142456,2.347277402877808,1.3708434104919434,2.5839159488677983,1.366768479347229,2.756898164749145,1.4111456871032717,3.06461501121521,1.520596981048584,3.312711477279663,1.5747910737991333,"(0, 0, 0)",19
id-00000380,shufflenet1_0,clean,None,0.11671173572540285,0.18484225869178766,0.3145012855529785,0.2813039720058441,0.6756893396377563,0.489834576845169,1.0353615283966064,0.5889333486557007,1.1904308795928955,0.6206247806549072,1.3430500030517578,0.632143497467041,1.466071844100952,0.6276564598083496,1.554544448852539,0.5417004823684692,1.7084660530090332,0.5618011951446533,1.8041064739227293,0.5892876386642456,1.006725549697876,0.2816319763660431,1.1234372854232788,0.4664742350578308,1.3212268352508545,0.5629359483718872,1.6824148893356323,0.7714665532112122,2.0420870780944824,0.8705652952194214,2.1971564292907715,0.9022567272186279,2.3497755527496342,0.9137755036354064,2.472797393798828,0.9092884063720704,2.561269998550415,0.8233324885368347,2.715191602706909,0.843433141708374,2.810832023620605,0.8709196448326111,"(0, 0, 0)",18
id-00000381,vgg13bn,clean,None,0.20691770315170288,0.2316862940788269,0.3414718508720398,0.4036698937416077,0.40965181589126587,0.34252578020095825,0.5762825608253479,0.5189796090126038,0.6892349123954773,0.6356603503227234,0.854649007320404,0.7896000742912292,1.0463454723358154,0.8903685212135315,1.1964826583862305,0.9694235920906068,1.337205410003662,1.0410516262054443,1.5265119075775146,1.1723647117614746,0.8363855481147766,0.7011992335319519,1.0433032512664795,0.9328855276107788,1.1778573989868164,1.1048691272735596,1.2460373640060425,1.0437250137329102,1.4126681089401243,1.2201788425445557,1.525620460510254,1.3368595838546753,1.6910345554351809,1.4907993078231812,1.882730960845948,1.5915677547454834,2.0328681468963623,1.6706228256225586,2.173590898513794,1.742250919342041,2.3628973960876465,1.8735638856887813,"(0, 0, 0)",5
id-00000382,googlenet,backdoor,Toaster,0.2184749245643616,0.12935607135295868,0.44252270460128784,0.3359832167625427,0.7730932831764221,0.7592173218727112,0.9256197810173036,0.696702241897583,1.262686014175415,0.9689234495162964,1.281665563583374,0.9569209814071656,1.546605348587036,1.0237880945205688,1.7495393753051758,1.1474355459213257,1.9046707153320312,1.107726812362671,2.0269825458526607,0.9659812450408936,0.6099849343299866,0.190106138586998,0.8284598588943481,0.3194622099399567,1.0525076389312744,0.5260893702507019,1.3830782175064087,0.9493234753608704,1.53560471534729,0.8868083953857422,1.8726708889007568,1.1590296030044556,1.8916504383087158,1.1470271348953247,2.1565902233123784,1.213894248008728,2.3595242500305176,1.3375416994094849,2.514655590057373,1.29783296585083,2.636967420578003,1.1560873985290527,"(0, 0, 0)",15
id-00000383,squeezenetv1_0,clean,None,0.19665348529815674,0.14244836568832395,0.8056105375289917,0.5247364640235901,1.195864200592041,0.5558529496192932,1.647134780883789,0.9310569167137146,1.7064616680145264,0.973164975643158,2.1668970584869385,1.1193854808807373,2.1069436073303223,1.1679573059082031,2.6742961406707764,1.4184787273406982,3.027705430984497,1.4786052703857422,2.761690378189087,1.3441016674041748,1.009871244430542,0.7709361910820007,1.2065247297286987,0.9133845567703248,1.8154817819595337,1.2956726551055908,2.205735445022583,1.326789140701294,2.657006025314331,1.701993107795715,2.7163329124450684,1.7441011667251587,3.1767683029174805,1.8903217315673828,3.1168148517608643,1.938893437385559,3.6841673851013184,2.189414978027344,4.037576675415038,2.249541521072388,3.771561622619629,2.1150379180908203,"(0, 0, 0)",15
id-00000384,resnet50,clean,None,0.24615103006362915,0.4192375838756561,0.8396937251091003,0.7763491868972778,1.464691162109375,1.0260856151580808,1.9486243724823,1.0903643369674685,2.01673984527588,1.1710927486419678,1.9846558570861816,1.102791428565979,2.352876901626587,1.1046658754348757,2.7282307147979736,1.2363144159317017,2.802748680114746,1.1863117218017578,2.8678386211395264,1.1407091617584229,0.7964864373207092,0.35015013813972473,1.0426374673843384,0.7693877220153809,1.6361801624298096,1.1264992952346802,2.2611775398254395,1.3762357234954834,2.7451107501983643,1.4405144453048706,2.813226222991944,1.5212428569793701,2.781142234802246,1.4529415369033811,3.149363279342652,1.4548159837722778,3.524717092514038,1.586464524269104,3.5992350578308105,1.5364618301391602,3.6643249988555913,1.4908592700958252,"(0, 0, 0)",18
id-00000385,vgg19bn,backdoor,polygon-6,1.320154309272766,1.6085038185119631,3.2000231742858887,2.086797952651977,3.5943655967712402,1.8094022274017327,3.5501980781555176,1.5230937004089355,3.6029043197631836,1.4639201164245603,3.829668045043945,1.5558618307113647,3.9651393890380864,1.4352954626083374,4.104743957519531,1.3485603332519531,4.2247281074523935,1.2517538070678709,4.200112819671632,0.9884575605392456,1.4147731065750122,0.2638593018054962,2.7349274158477783,1.8723630905151367,4.614796161651611,2.350657224655152,5.009138584136963,2.0732614994049072,4.96497106552124,1.7869529724121094,5.017677307128906,1.7277793884277344,5.244441032409668,1.8197211027145384,5.379912376403809,1.6991547346115112,5.519516944885254,1.612419605255127,5.639501094818115,1.515613079071045,5.6148858070373535,1.2523168325424194,"(33, 164, 245)",8
id-00000386,wideresnet101,backdoor,polygon-8,0.039637386798858636,0.05188770592212677,0.4072477221488953,0.8341187834739685,1.7620389461517334,1.5749289989471436,4.4187912940979,2.1365015506744385,5.497360706329347,1.924756646156311,6.086852073669434,1.8778759241104128,7.084607601165772,1.5756220817565918,7.519741058349608,1.4277596473693848,7.798112869262695,1.395177125930786,7.684981346130371,1.2779326438903809,0.8010331988334656,0.12992917001247406,0.8406705856323242,0.18181687593460089,1.2082809209823608,0.9640479683876038,2.563072204589844,1.7048581838607788,5.219824314117432,2.266430616378784,6.298393726348878,2.0546858310699463,6.887885093688965,2.0078051090240483,7.885640621185303,1.7055512666702268,8.320774078369139,1.55768883228302,8.599145889282228,1.5251063108444214,8.486014366149902,1.407861828804016,"(44, 161, 97)",12
id-00000387,resnet34,clean,None,0.10441148281097412,0.15084820985794067,0.7404457926750183,0.8924251794815063,1.0712106227874756,1.1674903631210327,0.7226107716560364,0.7094334363937378,0.8557514548301697,0.7824296951293945,0.9229963421821594,0.8206316232681274,1.0557875633239746,0.9059414863586426,1.2330482006072998,0.9649851322174072,1.2285082340240479,0.9476155042648317,1.422146558761597,0.96012282371521,0.8024582266807556,0.16485586762428284,0.9068697094917296,0.3157040774822235,1.542904019355774,1.0572810173034668,1.8736687898635864,1.3323462009429932,1.525068998336792,0.8742892742156982,1.6582096815109253,0.9472855925559998,1.725454568862915,0.985487461090088,1.8582457304000848,1.070797324180603,2.0355064868927,1.1298409700393677,2.0309665203094482,1.112471342086792,2.224604845046997,1.1249786615371704,"(0, 0, 0)",6
id-00000388,vgg11bn,clean,None,0.2792477011680603,0.28309184312820435,0.48697429895401,0.4532307982444763,0.8188038468360901,0.8103329539299011,0.9912647604942322,0.8381149172782898,0.8336259722709656,0.748055636882782,0.7678923010826111,0.7551611065864563,0.9812538027763368,0.9031181931495668,1.2542634010314941,0.9417204260826112,1.2714948654174805,0.993786871433258,1.2585475444793701,1.0620441436767578,0.8129695057868958,0.5003064274787903,1.0922172069549558,0.7833982706069946,1.2999438047409058,0.9535372257232666,1.6317733526229858,1.3106393814086914,1.804234266281128,1.33842134475708,1.6465954780578607,1.2483620643615725,1.5808618068695068,1.2554675340652466,1.7942233085632324,1.403424620628357,2.067232847213745,1.4420268535614014,2.0844643115997314,1.4940932989120483,2.0715169906616206,1.562350511550903,"(0, 0, 0)",10
id-00000389,mobilenetv2,backdoor,polygon-3,0.8460595607757568,1.4320762157440186,0.7004444599151611,1.2005109786987305,0.9744148254394532,1.5078167915344238,1.6810493469238281,1.7333505153656006,1.5207393169403076,1.6306073665618896,2.1929364204406743,1.8510332107543943,2.209211826324463,1.816742897033692,2.4778289794921875,1.8836121559143064,2.457087516784668,1.8212697505950928,2.1060028076171875,1.5133447647094729,2.2989373207092285,0.57911616563797,3.1449968814849854,2.011192321777344,2.9993817806243896,1.7796272039413452,3.2733521461486816,2.086932897567749,3.9799866676330566,2.312466621398926,3.819676637649536,2.209723472595215,4.491873741149902,2.43014931678772,4.508149147033691,2.3958590030670166,4.776766300201416,2.462728261947632,4.7560248374938965,2.400385856628418,4.404940128326416,2.0924608707427983,"(92, 104, 8)",15
id-00000390,densenet161,backdoor,polygon-6,2.223689556121826,2.5351333618164062,2.1080098152160645,2.3414864540100098,2.607306957244873,2.32790756225586,3.373182773590088,2.236851692199707,4.992226123809815,2.160408496856689,5.831959247589111,1.9819623231887813,6.379274845123291,1.7734898328781128,6.38879919052124,1.7555779218673706,6.356991767883301,1.5482336282730105,6.037539005279541,1.2803350687026978,0.4910145998001098,0.4872971773147583,2.7147042751312256,3.022430419921875,2.599024534225464,2.8287835121154785,3.0983214378356934,2.815204620361328,3.8641974925994873,2.724148750305176,5.483240604400635,2.647705554962158,6.3229737281799325,2.46925950050354,6.870289325714111,2.260787010192871,6.8798136711120605,2.242875099182129,6.848006248474121,2.035530805587769,6.528553485870361,1.767632246017456,"(135, 136, 161)",18
id-00000391,shufflenet1_5,clean,None,0.2091977596282959,0.184600830078125,0.4366644024848938,0.3778603672981262,0.8743200898170471,0.6074525713920593,1.0361220836639404,0.5953711867332458,1.2269949913024902,0.6428942680358887,1.3024013042449951,0.6247527599334717,1.4200472831726074,0.6626750230789185,1.6413898468017578,0.6618020534515381,1.688544511795044,0.6397483348846436,1.7281332015991209,0.6728354692459106,0.5216448903083801,0.37047111988067627,0.7308426499366759,0.5550719499588013,0.958309292793274,0.7483314871788025,1.3959649801254272,0.9779236912727356,1.5577669143676758,0.965842306613922,1.7486398220062256,1.013365387916565,1.8240461349487305,0.995223879814148,1.9416922330856323,1.0331461429595947,2.163034677505493,1.0322731733322144,2.21018934249878,1.0102194547653198,2.2497780323028564,1.0433065891265871,"(0, 0, 0)",21
id-00000392,resnet152,backdoor,polygon-7,1.9054489135742188,2.308601140975952,2.02970790863037,2.3438034057617188,2.797370433807373,2.51606822013855,3.4097604751586914,2.4122207164764404,4.152071475982666,2.392637014389038,4.239149093627931,2.3011231422424316,4.416564464569092,2.1012816429138184,4.930622577667236,1.6459722518920898,5.218362331390381,1.4629323482513428,5.718568801879883,0.9028427600860596,0.5661340355873108,0.3782510757446289,2.4715828895568848,2.686852216720581,2.595841884613037,2.722054481506348,3.3635044097900386,2.8943192958831787,3.975894451141357,2.7904717922210693,4.718205451965332,2.770888090133667,4.805283069610597,2.6793742179870605,4.982698440551758,2.479532718658448,5.496756553649902,2.0242233276367188,5.784496307373048,1.841183423995972,6.284702777862549,1.2810938358306885,"(33, 102, 145)",24
id-00000393,vgg19bn,clean,None,0.1244831085205078,0.10027652978897096,0.4071363210678101,0.2809012532234192,0.5730698108673096,0.451877236366272,0.676581621170044,0.5124745368957521,0.6925225257873535,0.5009462833404541,0.7253360748291016,0.43031686544418335,0.9196829795837402,0.5314618349075317,1.0570982694625854,0.5500762462615967,1.2316325902938845,0.7586953639984131,1.3516508340835571,0.7864615917205809,1.0545819997787476,0.5230531692504883,1.1790651082992554,0.6233296990394592,1.4617183208465576,0.8039544224739075,1.6276518106460571,0.9749304056167604,1.7311636209487915,1.0355277061462402,1.7471045255661009,1.0239994525909424,1.7799180746078491,0.9533700346946716,1.974264979362488,1.05451500415802,2.111680269241333,1.073129415512085,2.286214590072632,1.2817485332489014,2.4062328338623047,1.3095147609710691,"(0, 0, 0)",14
id-00000394,densenet169,clean,None,0.2759189009666443,0.3733772039413452,0.5208852291107178,0.6042448282241821,0.451231837272644,0.5637216567993164,0.5990603566169739,0.6767380833625793,0.7381686568260193,0.7907112836837769,0.8316444754600525,0.9105269908905028,1.007415533065796,1.0756384134292605,1.196686029434204,1.1794145107269287,1.3395490646362305,1.227637529373169,1.479675531387329,1.2706719636917114,0.4656426310539246,0.136975035071373,0.7415615320205688,0.5103522539138794,0.9865278601646424,0.7412198781967163,0.9168744683265686,0.7006967067718506,1.0647029876708984,0.8137131333351135,1.2038112878799438,0.9276863336563108,1.297287106513977,1.0475020408630369,1.4730582237243652,1.2126134634017944,1.662328600883484,1.316389560699463,1.8051917552948,1.3646125793457031,1.9453181028366089,1.4076470136642456,"(0, 0, 0)",18
id-00000395,mobilenetv2,backdoor,Kelvin,0.14980459213256836,0.10409241914749147,0.35657525062561035,0.15748804807662964,0.5567152500152588,0.25870877504348755,0.7250277996063232,0.307611346244812,0.8963322639465332,0.4095761179924011,0.9230527877807616,0.4392805695533752,1.0385525226593018,0.4360683560371399,1.1936447620391846,0.5345404744148254,1.2529194355010986,0.5323154330253601,1.3611218929290771,0.4914571642875672,2.085599422454834,0.6178693175315857,2.2354040145874023,0.7219617366790771,2.4421746730804443,0.7753573656082153,2.6423146724700928,0.8765780925750732,2.810627222061157,0.9254806637763976,2.9819316864013667,1.0274454355239868,3.008652210235596,1.057149887084961,3.124151945114136,1.0539376735687256,3.2792441844940186,1.1524097919464111,3.3385188579559326,1.1501847505569458,3.446721315383911,1.1093264818191528,"(0, 0, 0)",17
id-00000396,wideresnet50,clean,None,0.0966840386390686,0.08664003014564514,0.5686723589897156,0.520912230014801,0.9690863490104676,0.7657306790351868,0.9114592671394348,0.7714580297470093,1.0605554580688477,0.8090795874595642,1.2423393726348877,0.9424804449081421,1.4919586181640625,1.0704050064086914,1.6063010692596436,1.1073189973831177,1.5622167587280271,1.0406444072723389,1.8138587474823,1.1144849061965942,0.9074684977531432,0.1777573823928833,1.004152536392212,0.26439741253852844,1.4761408567428589,0.6986696124076843,1.8765548467636108,0.94348806142807,1.8189277648925781,0.9492154121398926,1.9680238962173464,0.9868369698524476,2.149807929992676,1.1202378273010254,2.3994271755218506,1.2481623888015747,2.5137696266174316,1.285076379776001,2.4696853160858154,1.2184017896652222,2.721327304840088,1.2922422885894775,"(0, 0, 0)",12
id-00000397,squeezenetv1_0,backdoor,polygon-11,0.5110430717468262,-0.172539621591568,2.054239273071289,1.6435749530792236,2.8183374404907227,1.4589674472808838,3.639267444610596,0.9738250970840454,4.040466785430908,0.9265303611755372,3.9374513626098633,0.8319910764694214,3.914501190185547,0.671661376953125,3.7356934547424316,0.7522677183151245,3.606156349182129,0.6625961065292358,3.817007064819336,0.3590705692768097,1.3078345060348509,0.4972030818462372,1.8188775777816768,0.3246634602546692,3.3620738983154297,2.140778064727783,4.126172065734863,1.956170558929444,4.947102069854736,1.471028208732605,5.348301410675049,1.423733472824097,5.245285987854004,1.329194188117981,5.222335815429688,1.1688644886016846,5.043528079986572,1.249470829963684,4.9139909744262695,1.1597992181777954,5.124841690063477,0.8562736511230469,"(99, 198, 182)",6
id-00000398,wideresnet50,backdoor,Kelvin,-0.03912067413330078,-0.3195512890815735,0.5218446254730225,0.19435349106788635,0.824252724647522,0.8653296232223511,0.6931610107421875,0.3365391790866852,0.8106528520584106,0.2345876395702362,0.9250390529632568,0.3437563478946686,1.146776556968689,0.1997726857662201,1.4967306852340698,0.4092763960361481,1.6327799558639526,0.6047495603561401,1.81965720653534,0.6894402503967285,1.0065103769302368,0.4625934064388275,0.967389702796936,0.14304210245609286,1.5283550024032593,0.6569468975067139,1.8307631015777588,1.327923059463501,1.6996713876724243,0.7991325855255127,1.817163228988648,0.6971810460090637,1.9315494298934937,0.8063497543334961,2.1532869338989262,0.6623660922050476,2.503241062164306,0.8718698024749756,2.639290332794189,1.06734299659729,2.826167583465576,1.1520336866378784,"(0, 0, 0)",23
id-00000399,googlenet,clean,None,0.26984184980392456,0.22913020849227905,0.8327732682228088,0.5927183628082275,0.9742714762687684,0.6396697759628296,1.2178552150726318,0.8690606355667114,1.4810523986816406,0.9421099424362184,1.6941144466400146,1.0528123378753662,1.7772746086120603,1.0589700937271118,1.927741527557373,1.0036860704421997,2.0452141761779785,0.9943962097167968,2.1683156490325928,0.9925754070281982,0.5870782732963562,0.5291682481765747,0.8569201231002808,0.7582984566688538,1.419851541519165,1.1218866109848022,1.5613497495651243,1.1688380241394043,1.8049335479736328,1.398228883743286,2.0681307315826416,1.4712781906127932,2.281192779541016,1.581980586051941,2.364352941513061,1.5881383419036863,2.514819860458374,1.5328543186187744,2.6322925090789795,1.5235644578933716,2.7553939819335938,1.5217436552047732,"(0, 0, 0)",19
id-00000400,inceptionv3,backdoor,polygon-9,3.0841445922851562,2.1415424346923837,3.473790168762207,1.8741596937179563,3.6941742897033687,1.8674286603927608,3.845535755157471,1.7565007209777832,4.091376304626465,1.7131001949310305,4.2199578285217285,1.7085343599319458,3.8866300582885738,1.5487372875213623,3.988910675048828,1.4660961627960205,3.8397083282470703,1.25095796585083,3.5127644538879395,1.126848220825195,0.3563884496688843,0.13716307282447815,3.44053316116333,2.278705596923828,3.830178737640381,2.0113227367401123,4.050562858581543,2.004591703414917,4.2019243240356445,1.893663763999939,4.447764873504639,1.850263237953186,4.576346397399902,1.8456974029541016,4.243018627166748,1.685900330543518,4.345299243927002,1.6032592058181765,4.196096897125243,1.3881210088729858,3.8691527843475337,1.2640112638473509,"(48, 67, 244)",5
id-00000401,googlenet,clean,None,0.14495432376861572,0.11343246698379515,0.4992502927780152,0.43898195028305054,0.5868587493896484,0.4619371294975281,0.6686803102493286,0.5806085467338562,0.8452271223068237,0.6964338421821594,0.9070507287979126,0.7401579022407532,1.0573183298110962,0.8627827763557434,1.1659425497055054,0.909801185131073,1.2349926233291626,0.9572349190711976,1.485476851463318,1.0757746696472168,0.9844475984573364,0.4447820782661438,1.1294019222259521,0.558214545249939,1.4836978912353516,0.8837640285491943,1.5713063478469849,0.906719207763672,1.653127908706665,1.025390625,1.82967472076416,1.1412159204483032,1.891498327255249,1.184939980506897,2.0417659282684326,1.3075648546218872,2.150390148162842,1.3545832633972168,2.219440221786499,1.4020169973373413,2.4699244499206543,1.5205568075180054,"(0, 0, 0)",23
id-00000402,inceptionv3,clean,None,0.13551455736160278,0.07013925909996033,0.282046377658844,0.16824322938919067,0.5516238212585449,0.3506290316581726,0.7290620803833008,0.5079518556594849,0.8301792144775391,0.5763923525810242,0.9637316465377808,0.640261173248291,1.1830204725265503,0.7970129251480103,1.3221392631530762,0.8003741502761841,1.462393879890442,0.7873604297637941,1.6292511224746704,0.8374772071838379,0.5393134355545044,0.3948967456817627,0.6748279929161072,0.465036004781723,0.8213598132133484,0.5631399750709534,1.090937256813049,0.7455257773399353,1.2683755159378052,0.9028486013412476,1.3694926500320437,0.9712890982627868,1.5030450820922852,1.0351579189300537,1.722333908081055,1.191909670829773,1.8614526987075808,1.1952708959579468,2.0017073154449463,1.1822571754455566,2.1685645580291752,1.2323739528656006,"(0, 0, 0)",11
id-00000403,densenet161,backdoor,Nashville,0.20757842063903809,0.12332972884178164,1.31711745262146,0.5672124624252319,1.5232027769088743,0.6903132796287537,1.5406965017318726,0.7948669195175171,1.8065224885940552,0.99456125497818,1.8765231370925903,1.0660939216613772,1.5819259881973269,0.8567050695419312,1.642478585243225,1.0139955282211304,1.8299640417099,1.175684928894043,1.789303421974182,1.2114578485488892,0.4253863096237183,0.11873789131641388,0.6329647302627563,0.2420676201581955,1.7425037622451782,0.6859503388404846,1.9485890865325928,0.8090511560440063,1.9660828113555908,0.9136047959327698,2.231908798217773,1.1132991313934326,2.3019094467163086,1.1848318576812744,2.007312297821045,0.9754429459571838,2.067864894866944,1.1327334642410278,2.255350351333618,1.2944228649139404,2.2146897315979004,1.3301957845687866,"(0, 0, 0)",10
id-00000404,wideresnet101,backdoor,Toaster,-0.0451011061668396,0.154012992978096,0.18626898527145386,0.4909379482269287,0.4195180535316467,0.7226597666740417,0.6220504641532898,0.9851179122924804,0.8000597357749939,1.1255797147750854,1.1056063175201416,1.3074357509613037,1.7627296447753906,1.458179235458374,2.0599050521850586,1.5262587070465088,2.3062801361083984,1.5597082376480105,2.7663583755493164,1.7880198955535889,0.8286729454994202,0.19790421426296234,0.7835718393325806,0.35191720724105835,1.014941930770874,0.6888421773910522,1.2481909990310671,0.9205639958381652,1.45072340965271,1.183022141456604,1.628732681274414,1.323483943939209,1.934279203414917,1.5053399801254272,2.591402530670166,1.6560834646224976,2.888577938079834,1.7241629362106323,3.134953022003174,1.7576124668121338,3.595031261444092,1.9859241247177124,"(0, 0, 0)",19
id-00000405,vgg19bn,clean,None,0.17625761032104492,0.12437230348587035,0.4666603207588196,0.3331998586654663,0.4857627749443054,0.3138408064842224,0.5579705834388733,0.4030283689498901,0.7040968537330627,0.4868333339691162,0.86883145570755,0.6291828155517578,0.9762741923332214,0.7420494556427002,1.1395044326782229,0.8518809080123901,1.2821919918060305,0.943792462348938,1.3909437656402588,0.9972957372665404,0.7011200785636902,0.5888665914535522,0.8773776888847351,0.7132388949394226,1.1677803993225098,0.9220664501190186,1.1868828535079956,0.9027073979377748,1.2590906620025637,0.9918949604034424,1.405216932296753,1.0756999254226685,1.5699515342712402,1.21804940700531,1.6773942708969116,1.3309160470962524,1.8406245708465576,1.4407474994659424,1.983312010765076,1.5326590538024902,2.0920639038085938,1.5861623287200928,"(0, 0, 0)",13
id-00000406,shufflenet1_0,backdoor,Toaster,0.08062434196472168,0.0019260197877883913,0.09218573570251463,0.009852439165115356,0.1275680959224701,0.03662145882844925,0.1656568944454193,0.08191987872123717,0.17796558141708374,0.08455641567707063,0.2577785849571228,0.12709258496761322,0.36723339557647705,0.18111960589885712,0.3887180685997009,0.17390288412570953,0.5587459206581116,0.31602221727371216,0.6325772404670715,0.2578557729721069,0.3011673092842102,0.08441002666950226,0.3817916512489319,0.08633604645729065,0.3933530449867249,0.0942624658346176,0.4287354052066803,0.12103148549795152,0.4668242037296295,0.16632990539073944,0.479132890701294,0.16896644234657288,0.558945894241333,0.21150261163711548,0.6684007048606873,0.2655296325683594,0.6898853778839111,0.2583129107952118,0.8599132299423218,0.4004322588443756,0.9337445497512816,0.342265784740448,"(0, 0, 0)",5
id-00000407,shufflenet1_5,backdoor,Toaster,0.02121031284332276,-0.0158490389585495,0.04385465383529663,0.009441778063774107,0.07453244924545288,0.002126872539520264,0.08959531784057617,0.011547431349754332,0.09749823808670044,0.028910145163536075,0.12378329038619995,0.027534857392311096,0.1254098415374756,0.014594003558158875,0.17390626668930054,0.05078049004077912,0.22879892587661746,0.0709119588136673,0.2201606631278992,0.046499863266944885,0.5015012621879578,0.14382946491241455,0.5227115750312805,0.12798042595386505,0.5453559160232544,0.15327124297618866,0.5760337114334106,0.1459563374519348,0.5910965800285339,0.15537689626216888,0.5989995002746582,0.17273961007595062,0.6252845525741577,0.17136432230472565,0.6269111037254333,0.15842346847057345,0.6754075288772583,0.19460995495319366,0.7303001880645752,0.21474142372608185,0.7216619253158569,0.19032932817935946,"(0, 0, 0)",5
id-00000408,shufflenet1_5,clean,None,0.11321890354156496,0.08327701687812805,0.30641335248947144,0.2217194437980652,0.25323057174682617,0.19726693630218506,0.6785843372344971,0.4854252934455872,0.5406240224838257,0.40665364265441895,0.8781739473342896,0.5115349292755127,0.9373669624328612,0.5257540345191956,0.8900388479232788,0.4742940664291382,1.592383861541748,0.7464752793312073,1.1575095653533936,0.5597342848777771,0.6120190620422363,0.3137062191963196,0.7252379655838013,0.3969832360744476,0.9184324145317078,0.5354256629943848,0.8652496337890625,0.5109731554985046,1.2906033992767334,0.7991315126419067,1.152643084526062,0.7203598618507385,1.4901930093765259,0.8252411484718323,1.5493860244750977,0.8394602537155151,1.5020579099655151,0.7880002856254578,2.2044029235839844,1.0601814985275269,1.7695286273956299,0.8734405040740967,"(0, 0, 0)",16
id-00000409,vgg19bn,backdoor,polygon-11,3.0334701538085938,2.1882991790771484,4.084130764007568,1.838320016860962,4.541168689727783,1.5310492515563965,4.882591724395752,1.0821335315704346,5.212368965148926,0.6628055572509766,5.218689441680908,0.5144969224929811,5.114143371582031,0.4267078638076782,5.023661136627197,0.6141669750213623,5.092057704925537,0.5905928611755371,5.002097606658936,0.33068400621414185,0.8485131263732909,0.5001814365386963,3.8819832801818848,2.6884806156158447,4.9326438903808585,2.338501453399658,5.389681816101074,2.0312306880950928,5.731104850769043,1.5823149681091309,6.060882091522218,1.1629869937896729,6.067202568054199,1.0146783590316772,5.962656497955322,0.9268893003463744,5.872174263000487,1.1143484115600586,5.940570831298827,1.0907742977142334,5.850610733032228,0.8308654427528381,"(8, 246, 157)",23
id-00000410,squeezenetv1_0,backdoor,Nashville,0.13195687532424927,0.3097550272941589,0.676990807056427,0.7169005274772644,0.8109535574913025,0.9834297299385072,0.9990907311439514,1.0255239009857178,1.0916295051574707,1.1798365116119385,0.9710902571678162,1.2210285663604736,1.421189785003662,1.4512674808502195,1.6766586303710938,1.385887622833252,1.7608850002288818,1.478060960769653,2.042087316513061,1.9929563999176023,0.8211973309516907,0.5944303870201111,0.9531542062759399,0.90418541431427,1.4981881380081177,1.3113309144973757,1.6321508884429932,1.5778601169586182,1.8202880620956416,1.619954228401184,1.9128268957138064,1.7742668390274048,1.7922875881195068,1.8154590129852293,2.242387056350708,2.045697927474976,2.49785590171814,1.9803179502487185,2.582082271575928,2.072491407394409,2.8632845878601074,2.5873868465423584,"(0, 0, 0)",8
id-00000411,shufflenet1_0,clean,None,0.12904760241508484,0.17489048838615415,0.30684104561805725,0.4186574816703797,0.511457085609436,0.601537823677063,0.5877571105957031,0.6414167284965515,0.6918389797210693,0.7356783747673035,0.8201258182525635,0.7757741212844849,0.9810328483581544,0.9025717973709106,1.16470205783844,0.9822213649749756,1.245875358581543,0.9969851970672609,1.3780702352523804,1.0876115560531616,0.4427463710308075,0.1628732681274414,0.5717939734458923,0.3377637565135956,0.7495874166488647,0.581530749797821,0.9542034864425659,0.7644110918045044,1.030503511428833,0.8042899966239929,1.1345853805541992,0.8985516428947449,1.2628722190856934,0.9386473894119264,1.4237792491912842,1.065445065498352,1.6074484586715698,1.145094633102417,1.6886217594146729,1.1598584651947021,1.8208166360855105,1.250484824180603,"(0, 0, 0)",15
id-00000412,resnet152,backdoor,polygon-5,0.9673237204551696,1.4913623332977295,4.4693803787231445,0.5226512551307678,4.565627574920653,0.3762489557266235,4.560244083404541,0.4486510157585144,4.255039691925049,0.32514530420303345,4.367417812347412,0.43292391300201416,4.472926139831543,0.4749755263328552,4.40120792388916,0.3783137798309326,4.546280384063722,0.3596624732017517,4.734419822692871,0.3586452007293701,0.9318620562553406,0.2533441185951233,1.8991857767105105,1.7447065114974976,5.401242256164551,0.7759953737258911,5.4974894523620605,0.6295930743217468,5.492105960845947,0.7019951343536377,5.186901569366455,0.5784894227981567,5.299279689788818,0.6862680315971375,5.404788017272949,0.7283196449279785,5.333069801330566,0.6316578984260559,5.478142261505127,0.613006591796875,5.666281700134277,0.6119893193244934,"(49, 19, 91)",9
id-00000413,densenet121,backdoor,polygon-7,0.0621291995048523,0.06604380905628204,1.2185475826263428,1.9960309267044067,3.07246732711792,2.600764274597168,4.958389759063722,1.356229305267334,5.437814712524414,0.4435250163078308,5.4776225090026855,0.6417775154113771,5.460882663726807,0.6959550380706787,5.311850547790527,0.7021085619926453,5.072062969207764,0.8190960884094238,4.877960681915283,1.209192395210266,0.4979595541954041,0.12202678620815274,0.5600887537002563,0.1880705952644348,1.7165071964263916,2.1180577278137207,3.5704269409179688,2.7227909564971924,5.4563493728637695,1.4782561063766482,5.935774326324463,0.5655518174171448,5.9755821228027335,0.7638043165206909,5.958842277526856,0.8179818391799927,5.809810161590576,0.8241353631019592,5.5700225830078125,0.9411228895187378,5.375920295715332,1.33121919631958,"(7, 201, 116)",22
id-00000414,resnet18,backdoor,Lomo,0.19661945104599,0.1332840919494629,0.3330678939819336,0.19161325693130493,0.5638079643249512,0.3188554048538208,0.9050773382186892,0.3620040416717529,1.2266241312026978,0.5219306349754333,1.554623246192932,0.5019710063934326,1.8152467012405402,0.695817768573761,2.161415100097656,0.8244341015815735,2.2482290267944336,0.7772194743156433,2.373162269592285,0.5537487864494324,0.792446494102478,0.4554937481880188,0.989065945148468,0.5887778401374817,1.1255143880844116,0.6471070051193237,1.3562544584274292,0.7743491530418396,1.697523832321167,0.8174977898597717,2.019070625305176,0.977424383163452,2.34706974029541,0.9574647545814514,2.6076931953430176,1.1513115167617798,2.9538614749908447,1.2799278497695925,3.040675640106201,1.232713222503662,3.1656086444854736,1.0092425346374512,"(0, 0, 0)",11
id-00000415,vgg11bn,clean,None,0.5479539632797241,0.5471509695053101,1.3143396377563477,1.0378767251968384,1.5624265670776367,1.231708526611328,1.660207986831665,1.2299586534500122,1.5077483654022217,1.0809288024902344,1.3749921321868896,0.9931133985519408,1.7274410724639893,1.1264415979385376,1.8153929710388184,1.0940886735916138,1.9246702194213867,1.1935878992080688,1.9607298374176023,1.2132716178894043,0.6409704685211182,0.3016656339168549,1.1889244318008425,0.8488165736198425,1.9553101062774656,1.3395423889160156,2.203397035598755,1.5333741903305054,2.301178455352783,1.5316243171691897,2.1487188339233403,1.3825944662094116,2.0159626007080083,1.2947790622711182,2.3684115409851074,1.4281072616577148,2.4563634395599365,1.395754337310791,2.565640687942505,1.495253562927246,2.6017003059387207,1.5149372816085815,"(0, 0, 0)",12
id-00000416,vgg16bn,clean,None,0.2511020302772522,0.243679940700531,0.5917100310325623,0.462295413017273,1.0945861339569092,0.8643617033958435,1.160491704940796,0.8359290957450867,1.3032891750335691,0.8732628226280212,1.417947769165039,0.8854065537452698,1.6762738227844238,0.990133821964264,1.9100432395935056,1.0042490959167478,2.0516629219055176,0.9208131432533264,2.2327167987823486,0.944840133190155,0.810480535030365,0.501311719417572,1.0615825653076172,0.744991660118103,1.4021905660629272,0.963607132434845,1.9050666093826292,1.3656734228134155,1.9709722995758057,1.3372408151626587,2.113769769668579,1.3745745420455933,2.228428363800049,1.3867182731628418,2.4867544174194336,1.491445541381836,2.720523834228516,1.5055608749389648,2.862143516540528,1.4221248626708984,3.0431973934173584,1.4461518526077268,"(0, 0, 0)",19
id-00000417,densenet121,backdoor,polygon-12,1.5698740482330322,1.859086275100708,5.629232883453369,1.3505899906158447,5.8107361793518075,1.0956765413284302,5.0773959159851065,0.8830496668815613,5.1136555671691895,0.793143093585968,5.307398796081543,0.8519671559333801,5.284745216369629,0.8024078607559204,5.6178083419799805,0.8532692790031433,5.944162845611572,0.8660129904747009,6.354802131652832,0.7896055579185486,0.8601729273796082,0.14669294655323029,2.430047035217285,2.005779266357422,6.489405632019043,1.4972829818725586,6.6709089279174805,1.242369532585144,5.937568664550781,1.0297425985336304,5.973828315734862,0.9398360252380372,6.167571544647218,0.9986600875854492,6.144917964935303,0.9491007924079896,6.477981090545653,0.9999622106552124,6.804335594177246,1.01270592212677,7.214974880218506,0.9362984895706176,"(20, 146, 64)",19
id-00000418,mobilenetv2,clean,None,0.19432783126831052,0.22153115272521973,0.391204833984375,0.35555511713027954,0.4291496276855469,0.35196101665496826,0.4693484306335449,0.3920398354530335,0.6621575355529785,0.5423071384429932,0.7142119407653809,0.5465477705001831,0.7344863414764404,0.4928479194641113,0.7668883800506592,0.4971874952316284,0.8773446083068848,0.5885308980941772,1.0196201801300049,0.6531811952590942,2.1890790462493896,0.4761661291122437,2.3834068775177,0.6976972818374634,2.5802838802337646,0.8317212462425232,2.6182286739349365,0.8281271457672119,2.6584274768829346,0.8682059645652771,2.851236581802368,1.0184732675552368,2.9032909870147705,1.0227138996124268,2.92356538772583,0.969014048576355,2.955967426300049,0.973353624343872,3.0664236545562744,1.064697027206421,3.2086992263793945,1.129347324371338,"(0, 0, 0)",20
id-00000419,shufflenet1_5,clean,None,0.12256556749343872,0.16237440705299375,0.23148226737976074,0.3102799654006958,0.23884737491607666,0.3004109859466553,0.4161742329597473,0.5103464722633362,0.4937446117401123,0.5811958312988281,0.6030007600784302,0.6019918322563171,0.6959072351455688,0.6478130221366882,0.743666410446167,0.6791991591453552,0.97924542427063,0.7170718312263489,1.0087060928344729,0.7413664460182191,0.5567677021026611,0.09851328283548356,0.6793332695960999,0.26088768243789673,0.7882499694824219,0.4087932407855988,0.7956150770187378,0.3989242613315582,0.9729419350624084,0.6088597774505615,1.0505123138427734,0.6797091364860535,1.1597684621810913,0.7005051374435425,1.25267493724823,0.7463263273239136,1.300434112548828,0.7777124643325806,1.536013126373291,0.8155851364135742,1.5654737949371338,0.8398797512054443,"(0, 0, 0)",12
id-00000420,mobilenetv2,backdoor,polygon-4,0.12782692909240725,0.0615038275718689,0.5055084228515625,0.2988733649253845,2.340841770172119,0.500559389591217,2.2254185676574707,0.3505873680114746,2.4460020065307617,0.25263553857803345,2.5562191009521484,0.2340793609619141,2.7486438751220703,0.15427124500274658,2.571613311767578,0.13119035959243774,2.552121639251709,0.25353848934173584,2.9753551483154297,0.19484412670135495,2.233643054962158,0.5277827382087708,2.361469984054565,0.5892865657806396,2.7391514778137207,0.8266561031341553,4.574484825134277,1.0283421277999878,4.459061622619629,0.8783701062202454,4.67964506149292,0.7804182767868042,4.789862155914307,0.7618620991706848,4.9822869300842285,0.6820539832115173,4.805256366729736,0.6589730978012085,4.785764694213867,0.7813212275505066,5.208998203277588,0.7226268649101257,"(18, 194, 160)",7
id-00000421,vgg16bn,backdoor,polygon-9,0.4171959161758423,0.4466524124145508,2.4337549209594727,1.4121696949005127,3.619980335235596,1.29683256149292,4.50877857208252,1.2898428440093994,5.344616889953613,1.2640388011932373,6.101700782775879,1.117365837097168,6.316325664520264,0.9354023337364196,6.103132247924805,0.934564769268036,6.157296180725098,1.0299825668334959,6.049653053283691,1.0329077243804932,1.2113269567489624,0.3316224217414856,1.628522872924805,0.7782748341560364,3.6450817584991455,1.743792176246643,4.831307411193848,1.6284550428390503,5.720105648040772,1.6214652061462402,6.555943965911865,1.595661163330078,7.313027858734131,1.4489881992340088,7.5276527404785165,1.2670247554779053,7.3144593238830575,1.2661871910095217,7.36862325668335,1.3616050481796265,7.2609801292419425,1.364530086517334,"(232, 142, 24)",8
id-00000422,shufflenet1_5,backdoor,polygon-12,0.03162431716918945,0.054256357252597816,0.19669073820114136,0.3197423219680786,0.6519624590873718,0.5959814786911011,1.3297836780548096,0.904083788394928,1.9907193183898928,0.7806901335716248,1.9671788215637207,0.7145403027534485,1.7553696632385254,0.5553441047668457,1.3628523349761963,0.650994598865509,1.2695744037628174,0.5904953479766846,1.158536672592163,0.6798181533813477,0.31286948919296265,0.08420439809560776,0.3444938063621521,0.13846075534820554,0.509560227394104,0.40394672751426697,0.9648319482803344,0.680185854434967,1.642653226852417,0.9882881641387941,2.3035888671875,0.8648945093154907,2.280048370361328,0.7987446784973145,2.0682392120361333,0.6395484805107117,1.6757217645645142,0.735198974609375,1.5824439525604248,0.6746997237205505,1.4714062213897705,0.7640225291252136,"(125, 200, 13)",9
id-00000423,vgg16bn,clean,None,0.3062298893928528,0.4666340053081513,0.6725009679794312,0.8679928779602051,1.0287212133407593,1.2098917961120603,1.0865514278411863,1.2484291791915894,1.0960345268249512,1.1385170221328735,1.118998408317566,0.9864144325256348,1.336919903755188,1.05981183052063,1.5491619110107422,1.1829041242599487,1.6830806732177734,1.1982181072235107,1.80608344078064,1.183640956878662,0.6004290580749512,0.33351245522499084,0.9066589474678041,0.8001464605331421,1.2729300260543823,1.2015053033828735,1.6291502714157104,1.543404221534729,1.6869804859161377,1.5819416046142578,1.6964635848999023,1.472029447555542,1.7194274663925169,1.3199268579483032,1.9373489618301392,1.3933242559432983,2.1495909690856934,1.5164165496826172,2.2835097312927246,1.5317305326461792,2.406512498855591,1.5171533823013306,"(0, 0, 0)",10
id-00000424,wideresnet101,backdoor,polygon-7,0.16120171546936035,0.4417975842952728,0.41078656911849976,0.8058441877365112,1.1583924293518066,1.3747586011886597,3.053921222686768,1.928351163864136,3.821431636810303,1.6473339796066284,3.7943329811096187,1.4831467866897583,4.185893535614014,1.3780633211135864,4.61405086517334,1.315136432647705,4.251152992248535,1.199909806251526,4.416997909545898,1.1524255275726318,0.4553962349891663,0.27025678753852844,0.6165979504585266,0.7120543718338013,0.8661828041076659,1.0761009454727173,1.613788604736328,1.6450153589248655,3.5093173980712886,2.198607921600342,4.276827812194823,1.9175907373428345,4.2497291564941415,1.7534035444259644,4.641289710998535,1.6483200788497925,5.069447040557861,1.5853931903839111,4.706549167633057,1.470166563987732,4.87239408493042,1.4226822853088381,"(48, 151, 55)",16
id-00000425,shufflenet1_5,backdoor,Kelvin,0.12229728698730467,0.08098146319389342,0.3020820021629333,0.25756654143333435,0.6982871294021606,0.5411578416824341,1.089153528213501,0.7304551601409912,1.120072603225708,0.5927245616912842,1.474568009376526,0.6849045753479004,1.73109769821167,0.71616530418396,1.8354415893554688,0.626440167427063,2.0207302570343018,0.5619083642959595,2.2077090740203857,0.5876840353012085,0.39817166328430176,0.2768085300922394,0.5204689502716064,0.3577899932861328,0.7002536654472351,0.5343750715255737,1.0964587926864624,0.8179663419723511,1.4873251914978027,1.0072636604309082,1.5182442665100098,0.8695330619812012,1.872739672660828,0.9617130756378174,2.129269361495972,0.9929738640785216,2.2336132526397705,0.9032487273216248,2.4189019203186035,0.8387168645858765,2.6058807373046875,0.8644925951957703,"(0, 0, 0)",22
id-00000426,densenet169,clean,None,0.2262716889381409,0.27722257375717163,0.7479825615882874,0.9227485060691832,0.4713761210441589,0.4963836073875427,0.5813230872154236,0.5482164025306702,0.8612123131752014,0.8711268305778503,1.0020856857299805,0.9804078936576844,1.1889548301696775,1.0843224525451658,1.4415004253387451,1.2412679195404053,1.648329496383667,1.2614541053771973,1.816234827041626,1.302194595336914,0.9706595540046692,0.23074156045913696,1.19693124294281,0.5079641342163086,1.7186421155929563,1.1534900665283203,1.442035675048828,0.7271251678466797,1.5519826412200928,0.7789579629898071,1.8318718671798704,1.1018683910369873,1.9727451801300049,1.2111494541168213,2.1596143245697017,1.3150639533996582,2.412159919738769,1.4720094203948977,2.6189889907836914,1.4921956062316897,2.7868943214416504,1.5329360961914062,"(0, 0, 0)",12
id-00000427,wideresnet101,backdoor,polygon-6,0.7627526521682739,0.9637635946273804,3.8974590301513667,0.9796502590179444,6.121815204620361,1.0676501989364624,7.136341094970702,0.6614205837249756,6.222842693328857,0.8920369148254395,5.447572231292725,0.7065279483795166,5.085423946380615,0.5229743719100952,5.036290645599365,0.6089136600494385,5.417488098144531,0.39869868755340576,5.626293182373047,0.3307166695594788,1.2883394956588743,0.529931902885437,2.0510921478271484,1.4936954975128174,5.185798645019531,1.5095821619033811,7.410154819488525,1.5975821018218994,8.424680709838867,1.1913524866104126,7.511182308197021,1.4219688177108765,6.735911846160889,1.2364598512649536,6.373763561248778,1.0529062747955322,6.324630260467528,1.1388455629348757,6.705827713012695,0.9286305904388428,6.914632797241211,0.8606485724449158,"(157, 42, 237)",17
id-00000428,shufflenet2_0,backdoor,polygon-5,2.419604778289795,1.99075186252594,5.924567222595215,1.8745242357254028,6.343332767486572,1.4448295831680298,4.879161357879639,1.2040011882781982,4.481537818908691,0.9995532035827636,4.560877323150635,0.8789469003677368,4.0384273529052725,0.8698675632476807,3.8235590457916264,0.9237463474273682,4.327115058898927,0.9825137853622437,3.743738889694214,0.801444411277771,0.3204854130744934,0.18148359656333926,2.740090131759644,2.1722354888916016,6.245052814483643,2.0560078620910645,6.663818359375,1.6263132095336914,5.199646949768066,1.38548481464386,4.802023410797119,1.1810368299484253,4.881362915039063,1.0604305267333984,4.358912944793701,1.0513511896133425,4.1440443992614755,1.1052299737930298,4.6476006507873535,1.1639974117279053,4.064224243164063,0.9829279780387878,"(19, 30, 207)",24
id-00000429,vgg11bn,clean,None,0.11475801467895508,0.08857494592666626,0.4456287622451782,0.3520475625991821,0.6548943519592285,0.45304936170578,0.6023775339126587,0.4479456543922424,0.6580607891082764,0.4871086478233338,0.6415603160858154,0.5238640904426575,0.8374147415161133,0.578602135181427,0.8287017345428467,0.5510246157646179,0.7806481122970581,0.5217128396034241,1.0302413702011108,0.56178218126297,1.002705216407776,0.6069077849388123,1.117463231086731,0.6954827308654785,1.448333978652954,0.9589553475379944,1.6575995683670044,1.0599571466445925,1.6050827503204346,1.054853439331055,1.6607660055160522,1.094016432762146,1.6442655324935913,1.1307718753814695,1.8401199579238887,1.1855099201202393,1.8314069509506223,1.1579324007034302,1.783353328704834,1.1286206245422363,2.0329465866088867,1.1686899662017822,"(0, 0, 0)",7
id-00000430,resnet18,clean,None,0.1955244541168213,0.26150596141815186,0.3331810832023621,0.3919898867607117,0.4464480876922608,0.5729967355728149,0.6322872638702393,0.814949631690979,0.6697459220886229,0.8124688267707825,0.7732573747634888,0.6917010545730591,0.9675688743591307,0.8020675778388977,1.0153441429138184,0.8789622187614441,1.2556614875793457,0.9660609364509584,1.396243691444397,1.0573312044143677,0.4355565309524536,0.17630653083324432,0.6310809850692749,0.437812477350235,0.7687376141548157,0.5682964324951172,0.8820046186447144,0.7493032813072205,1.0678437948226929,0.9912561774253844,1.1053024530410769,0.988775372505188,1.2088139057159424,0.8680076003074646,1.4031254053115845,0.9783741235733032,1.450900673866272,1.0552687644958496,1.691218018531799,1.1423674821853638,1.8318002223968504,1.2336376905441284,"(0, 0, 0)",7
id-00000431,densenet201,backdoor,Toaster,0.1965331733226776,0.3660047054290772,0.3650119006633759,0.5188500285148621,0.44136127829551697,0.6402414441108704,0.5178176164627075,0.6608253121376038,0.7620260715484619,0.8292847275733948,0.8769084215164185,0.9257245063781738,0.9970778226852416,0.9920254945755004,1.2109459638595579,1.0592024326324463,1.4514193534851074,1.179917573928833,1.612690567970276,1.2556076049804688,0.44422516226768494,0.14814138412475586,0.6407583355903625,0.5141460895538329,0.8092370629310608,0.6669914126396179,0.8855864405632019,0.7883828282356262,0.96204274892807,0.8089666962623596,1.2062512636184692,0.9774261116981506,1.3211336135864258,1.0738658905029297,1.441303014755249,1.1401668787002563,1.6551711559295654,1.207343816757202,1.8956445455551147,1.3280589580535889,2.056915760040283,1.4037489891052246,"(0, 0, 0)",15
id-00000432,vgg13bn,backdoor,polygon-10,3.0858795642852783,1.744342803955078,5.4967546463012695,1.472720742225647,5.811328887939452,1.065062165260315,5.759844779968263,1.277637243270874,6.133573532104492,1.3789561986923218,6.1449832916259775,0.8639777898788452,6.399885177612305,1.0634478330612185,6.439910888671875,1.137264609336853,6.280860900878906,0.7931643724441528,6.4703521728515625,0.7603678703308105,1.1061770915985107,0.26134085655212397,4.192056655883788,2.0056836605072017,6.6029319763183585,1.734061598777771,6.917506217956543,1.326403021812439,6.8660216331481925,1.538978099822998,7.239750862121582,1.6402970552444458,7.251160621643066,1.1253186464309692,7.506062507629394,1.3247886896133425,7.546088218688965,1.398605465888977,7.387038230895996,1.0545052289962769,7.576529502868652,1.0217087268829346,"(25, 50, 216)",19
id-00000433,vgg13bn,backdoor,Lomo,0.2802846431732178,0.09405532479286194,1.1695771217346191,0.34588953852653503,1.66286301612854,0.3844138085842133,1.386744499206543,0.4002693593502045,1.8221778869628904,0.5815613269805908,1.6770670413970947,0.7754168510437012,1.9628639221191408,1.0168368816375732,2.241696834564209,1.163575530052185,2.3883304595947266,1.1933547258377075,2.454962491989136,1.1395169496536257,1.008474826812744,0.4221830070018768,1.288759469985962,0.5162383317947388,2.1780519485473637,0.7680725455284119,2.671337842941284,0.8065968155860901,2.395219326019287,0.8224523663520813,2.8306527137756348,1.00374436378479,2.685541868209839,1.1975998878479004,2.9713387489318848,1.4390199184417725,3.250171661376953,1.5857585668563845,3.3968052864074707,1.6155377626419067,3.46343731880188,1.5616999864578247,"(0, 0, 0)",6
id-00000434,googlenet,backdoor,Kelvin,0.4600517749786377,0.5035484433174133,0.8192268610000609,0.6188928484916687,0.8262602090835571,0.5257645845413208,1.0871272087097168,0.614215075969696,1.248314619064331,0.6962569355964661,1.368100643157959,0.7364533543586731,1.4576563835144043,0.7686102986335754,1.5797579288482666,0.8109331727027893,1.8477861881256104,0.8542422652244568,1.9274375438690183,0.9046897292137146,1.1222572326660156,0.4553325772285461,1.582309007644653,0.9588810205459596,1.9414840936660769,1.0742254257202148,1.9485174417495728,0.9810971617698668,2.2093844413757324,1.0695476531982422,2.3705718517303467,1.1515895128250122,2.4903578758239746,1.1917859315872192,2.57991361618042,1.2239428758621216,2.7020151615142822,1.2662657499313354,2.9700434207916264,1.309574842453003,3.0496947765350337,1.3600223064422607,"(0, 0, 0)",24
id-00000435,densenet201,clean,None,0.12469452619552612,0.09587913751602173,0.24494034051895144,0.2409928143024445,0.3791804909706116,0.3254629969596863,0.4860405325889587,0.3399935960769653,0.6172394156455994,0.4132514595985413,0.6598067879676819,0.5275823473930359,0.7733965516090393,0.6480367183685303,0.9245851635932922,0.7065299153327942,0.9156171679496764,0.7127211093902588,1.0517785549163818,0.8140838742256165,0.8190698027610779,0.2186939120292664,0.943764328956604,0.3145730495452881,1.0640101432800293,0.4596867263317108,1.1982502937316897,0.5441569089889526,1.3051103353500366,0.5586875081062317,1.4363092184066772,0.6319453716278076,1.4788765907287598,0.7462762594223022,1.5924663543701172,0.8667306303977966,1.74365496635437,0.9252238273620604,1.7346869707107544,0.9314150214195251,1.870848298072815,1.0327777862548828,"(0, 0, 0)",6
id-00000436,shufflenet2_0,backdoor,polygon-12,1.6977357864379885,2.0726270675659184,3.868066072463989,1.983864903450012,6.128278732299805,1.5496494770050049,6.468305587768555,1.4118831157684326,6.105452537536621,1.3868812322616575,6.141397476196289,1.5932370424270632,5.777798652648926,1.2542705535888672,5.579124450683594,0.9740363359451294,5.001781463623047,0.7940824031829834,4.527840614318848,0.9747167825698853,0.3834683299064636,0.2412809282541275,2.0812041759490967,2.313908100128174,4.2515344619750985,2.2251458168029785,6.511746883392334,1.7909303903579712,6.851773738861084,1.6531640291213991,6.48892068862915,1.628162145614624,6.5248656272888175,1.8345179557800293,6.161266803741455,1.4955514669418335,5.962592601776122,1.2153172492980957,5.385249614715576,1.0353633165359497,4.911308765411377,1.2159976959228516,"(216, 217, 47)",20
id-00000437,resnet18,clean,None,0.15314680337905884,0.13602593541145325,0.7469298243522644,0.5226752758026123,0.8196044564247131,0.5565426349639893,0.8420624136924744,0.5960944890975952,1.0814034938812256,0.7273728847503662,1.109354019165039,0.7507438659667969,1.1991164684295654,0.7970658540725708,1.4119741916656494,0.8385297060012817,1.5106241703033447,0.8734772205352783,1.7741219997406006,0.9113668203353882,0.7468625903129578,0.3972969353199005,0.9000093936920166,0.5333228707313538,1.4937924146652222,0.9199722409248352,1.566467046737671,0.9538395404815674,1.588925004005432,0.9933913946151732,1.828266143798828,1.1246697902679443,1.8562166690826416,1.148040771484375,1.9459789991378784,1.1943627595901491,2.158836841583252,1.23582661151886,2.2574868202209477,1.2707741260528564,2.520984649658203,1.3086637258529663,"(0, 0, 0)",24
id-00000438,densenet161,backdoor,polygon-9,0.30552029609680176,0.14960487186908722,1.6670075654983518,1.597696304321289,3.6373720169067374,1.4716945886611938,3.7176389694213863,0.8056363463401794,3.742377281188965,0.5810766816139221,3.6251626014709473,0.5577362179756165,3.555464267730713,0.5474851131439209,3.5767421722412114,0.55904221534729,3.6294918060302734,0.5007469654083252,3.946636199951172,0.3635537028312683,0.7477754354476929,0.12895970046520233,1.0532957315444946,0.27856457233428955,2.414783000946045,1.7266559600830078,4.385147571563722,1.6006542444229126,4.465414524078369,0.934596061706543,4.490152835845947,0.7100363969802856,4.372938156127931,0.68669593334198,4.303239822387694,0.6764448285102844,4.324517726898193,0.6880019307136536,4.377267360687257,0.6297066807746887,4.694411754608153,0.4925134181976318,"(229, 62, 17)",13
id-00000439,resnet18,backdoor,polygon-5,2.022061824798584,2.515465259552002,3.3698718547821045,2.5847835540771484,4.428719520568848,2.2378275394439697,5.046588897705078,1.81485116481781,5.239896774291992,1.4622043371200562,5.281106948852539,1.3611685037612915,5.370352745056152,1.1499146223068235,5.519600868225098,0.9912052154541016,5.535299301147461,0.9313942193984984,5.289571762084961,0.8802393674850464,1.0537559986114502,0.2695402204990387,3.0758178234100337,2.7850055694580083,4.423627853393555,2.8543238639831543,5.482475280761719,2.507367849349976,6.100344657897949,2.0843913555145264,6.293652534484862,1.7317445278167725,6.33486270904541,1.6307086944580078,6.4241089820861825,1.41945481300354,6.573356628417969,1.260745406150818,6.58905553817749,1.2009344100952148,6.34332799911499,1.1497795581817627,"(127, 218, 197)",18
id-00000440,shufflenet1_0,clean,None,0.0545160174369812,0.04025876522064209,0.08923691511154175,0.07361975312232971,0.12775063514709473,0.13897284865379333,0.21744519472122192,0.1972748041152954,0.2720635533332825,0.293237179517746,0.3807331919670105,0.38188180327415466,0.5783256888389587,0.5822329521179199,0.5102303624153137,0.4999725520610809,0.6256958842277527,0.4941052496433258,0.6468531489372253,0.5388658046722412,0.5038015246391296,0.13948628306388855,0.5583175420761108,0.17974504828453064,0.5930384397506714,0.21310603618621826,0.6315521597862244,0.2784591317176819,0.7212467193603516,0.336761087179184,0.7758650779724121,0.4327234625816345,0.8845347166061401,0.5213680863380432,1.0821272134780884,0.7217192053794861,1.0140318870544434,0.6394588351249695,1.1294974088668823,0.6335915327072144,1.150654673576355,0.6783520579338074,"(0, 0, 0)",7
id-00000441,densenet201,backdoor,Nashville,0.0754510760307312,0.13160927593708038,0.2584819197654724,0.2863878607749939,0.5828841924667358,0.5538874268531799,1.2782291173934937,0.8847596049308777,1.6471811532974243,0.9755263924598694,1.7191671133041382,0.9345000386238098,2.080075740814209,0.9478251338005066,2.4419641494750977,1.0344895124435425,2.741938591003418,0.9271326661109924,2.9462733268737797,0.8727114796638489,0.5167235136032104,0.1587846726179123,0.5921745896339417,0.2903939485549927,0.7752054333686829,0.4451725482940674,1.0996077060699463,0.7126721143722534,1.794952630996704,1.0435442924499512,2.1639046669006348,1.1343110799789429,2.2358906269073486,1.0932847261428833,2.59679913520813,1.10660982131958,2.9586877822875977,1.1932741403579712,3.258662223815918,1.085917353630066,3.4629967212677,1.0314961671829224,"(0, 0, 0)",13
id-00000442,resnet50,backdoor,polygon-5,0.13119447231292725,-0.15230292081832886,1.9533722400665283,1.673871994018555,4.746825695037842,1.7828083038330078,5.563930034637451,0.5470517277717589,5.688610553741455,-0.17989057302474976,5.5482258796691895,-0.1829206943511963,5.456887245178223,-0.11947062611579895,5.457283020019531,-0.07121676206588745,5.292501926422119,-0.03221601247787476,5.488644599914551,-0.1446760594844818,0.535954475402832,0.5404680371284485,0.6671489477157593,0.3881651163101196,2.4893267154693604,2.2143399715423584,5.282780170440674,2.3232762813568115,6.099884510040282,1.0875197649002075,6.224565029144287,0.3605774641036987,6.0841803550720215,0.3575473427772522,5.992841720581055,0.4209974110126496,5.993237495422362,0.469251275062561,5.828456401824951,0.5082520246505737,6.024599075317383,0.3957919776439667,"(101, 175, 17)",22
id-00000443,wideresnet50,backdoor,Lomo,0.17632940411567688,0.07978067547082901,0.3970973193645477,0.4477968215942383,0.5390698909759521,0.5390592813491821,0.7213451862335205,0.5923146605491638,0.8185658454895021,0.6173554062843323,0.9249175786972046,0.6548249125480652,1.1762492656707764,0.7289912104606628,1.2407941818237305,0.7438608407974243,1.5458810329437256,0.9460311532020568,2.0053572654724117,1.2070860862731934,0.4574479758739472,0.1194283291697502,0.633777379989624,0.1992090046405792,0.8545452952384949,0.5672251582145691,0.9965178370475768,0.6584876179695129,1.17879319190979,0.7117429971694946,1.2760138511657717,0.7367837429046631,1.382365584373474,0.774253249168396,1.633697271347046,0.8484195470809937,1.6982421875,0.8632891774177551,2.003329038619995,1.0654594898223877,2.4628052711486816,1.3265143632888794,"(0, 0, 0)",7
id-00000444,shufflenet1_5,backdoor,polygon-12,0.12931972742080688,0.2487940639257431,0.2682604193687439,0.5377290844917297,0.4981122612953186,0.5934779047966003,0.7489076256752014,0.6945115327835083,2.205999851226806,1.5026991367340088,2.7321174144744877,1.4980701208114624,2.8818931579589844,1.3694158792495728,3.017540693283081,1.2304751873016355,3.085023164749145,1.1605719327926636,2.9587936401367188,1.1658778190612793,0.7688378691673279,0.22278018295764926,0.8981575965881348,0.4715742468833923,1.0370982885360718,0.7605092525482178,1.2669501304626465,0.8162580728530884,1.5177454948425293,0.9172917008399964,2.9748377799987797,1.7254793643951416,3.50095534324646,1.7208503484725952,3.650731086730957,1.5921961069107056,3.7863786220550537,1.4532554149627686,3.853861093521118,1.3833521604537964,3.7276315689086914,1.388658046722412,"(97, 93, 152)",21
id-00000445,densenet161,backdoor,polygon-4,0.15568917989730835,0.22524963319301605,0.8139305710792542,1.2275890111923218,2.6219747066497803,1.7582416534423828,3.476546049118042,1.4818434715270996,3.824427843093872,1.0476793050765991,3.842121839523315,0.9050562381744384,3.7959415912628174,0.8061073422431946,3.855478525161743,0.8414924740791321,4.110400676727295,0.8534509539604187,4.852536201477051,0.9604272842407228,0.8181745409965515,0.10378478467464447,0.97386372089386,0.3290344178676605,1.6321051120758057,1.3313738107681274,3.440149307250977,1.8620264530181885,4.294720649719238,1.5856282711029053,4.642602443695068,1.1514641046524048,4.660296440124512,1.008841037750244,4.614116191864014,0.9098921418190002,4.67365312576294,0.9452772736549376,4.928575038909912,0.9572357535362244,5.670710563659668,1.0642120838165283,"(248, 44, 76)",15
id-00000446,densenet201,backdoor,Lomo,0.09294912219047546,0.13324499130249026,0.8174203634262085,0.6986458897590637,0.6022380590438843,0.6668199896812439,0.5864661931991577,0.6808459162712097,0.7419036626815796,0.681719958782196,1.0183972120285034,0.9728853106498718,1.2140263319015503,1.0980618000030518,1.49540114402771,1.1765649318695068,1.613890290260315,1.1824097633361816,1.9076694250106807,1.2758655548095703,0.4721811711788178,0.4954439997673034,0.5651302933692932,0.6286889910697937,1.2896015644073486,1.1940898895263672,1.0744192600250244,1.1622639894485474,1.058647394180298,1.1762899160385132,1.2140848636627195,1.1771639585494995,1.4905784130096436,1.4683293104171753,1.6862075328826904,1.5935057401657104,1.96758234500885,1.672008991241455,2.086071491241455,1.6778537034988403,2.3798506259918213,1.7713096141815186,"(0, 0, 0)",24
id-00000447,densenet201,clean,None,0.08644425868988037,0.11418750882148745,0.4350469708442688,0.4861709773540497,0.5893663763999939,0.6021682024002075,0.6002638936042786,0.5545108318328857,0.9141454100608826,0.7241997718811035,0.8296162486076355,0.7274535894393921,0.8103060126304626,0.7539932727813721,0.9317516684532166,0.7616792917251587,1.117469310760498,0.8184994459152222,1.2063300609588623,0.8651626110076904,0.760402500629425,0.1798449456691742,0.8468467593193054,0.2940324544906616,1.1954494714736938,0.6660159230232239,1.349768877029419,0.7820131182670593,1.3606663942337036,0.7343557476997375,1.6745479106903076,0.9040446877479552,1.5900187492370603,0.9072985649108888,1.5707085132598877,0.933838188648224,1.6921541690826416,0.9415242671966552,1.877871870994568,0.9983444213867188,1.966732621192932,1.045007586479187,"(0, 0, 0)",8
id-00000448,resnet101,clean,None,0.1502673625946045,0.2540847957134247,0.5035536289215088,0.5893166065216064,0.7154618501663208,0.7080109119415283,1.0737069845199585,0.7797938585281372,1.5210734605789185,0.9860196113586426,1.6367377042770386,0.98517644405365,1.916370749473572,0.9364659786224364,2.0033764839172363,0.8877284526824951,2.226898670196533,0.8566977977752686,2.42258358001709,0.8764420747756958,0.8788889646530151,0.4883857071399689,1.0291563272476196,0.7424705028533936,1.3824425935745241,1.077702283859253,1.594350814819336,1.1963965892791748,1.9525959491729736,1.2681795358657837,2.3999624252319336,1.474405288696289,2.5156266689300537,1.4735621213912964,2.795259714126587,1.424851655960083,2.882265329360962,1.3761141300201416,3.105787515640259,1.345083475112915,3.3014724254608154,1.3648277521133425,"(0, 0, 0)",12
id-00000449,densenet161,clean,None,0.2333481311798096,0.13648143410682678,0.5706489086151123,0.2951448857784271,1.2552480697631836,0.5628182888031006,1.5079503059387207,0.5666290521621704,1.9653499126434328,0.6315851211547852,2.1604654788970947,0.6068068742752075,2.4402194023132324,0.6146777868270874,2.7433981895446777,0.6412712335586548,2.8426299095153813,0.552550196647644,2.9415283203125,0.493865579366684,1.238525390625,0.4877867996692658,1.4718735218048096,0.6242682337760925,1.8091742992401123,0.7829316854476929,2.493773460388184,1.0506050586700442,2.7464756965637207,1.0544158220291138,3.2038753032684326,1.1193718910217283,3.3989908695220947,1.0945936441421509,3.678744792938232,1.1024645566940308,3.9819235801696777,1.129058003425598,4.081155300140382,1.0403369665145874,4.1800537109375,0.9816523790359496,"(0, 0, 0)",23
id-00000450,resnet101,clean,None,0.0379328727722168,-0.003952175378799439,0.7302306890487671,0.5626686811447144,0.600659966468811,0.3837462067604065,0.8875225782394409,0.5549919605255127,0.799653172492981,0.443209707736969,0.7081211805343628,0.3876848816871643,1.2114471197128296,0.7613730430603027,1.1200677156448364,0.6698894500732422,1.384899020195007,0.7755101919174194,1.6719661951065063,0.9795305728912354,1.3134890794754028,0.4788177013397217,1.3514219522476196,0.4748655259609222,2.04371976852417,1.0414863824844358,1.9141490459442136,0.8625639081001282,2.201011657714844,1.0338096618652344,2.1131422519683842,0.9220274090766908,2.0216102600097656,0.866502583026886,2.5249361991882324,1.2401907444000244,2.4335567951202397,1.148707151412964,2.69838809967041,1.2543278932571411,2.9854552745819087,1.4583482742309568,"(0, 0, 0)",7
id-00000451,vgg16bn,clean,None,0.28212714195251465,0.24583178758621216,0.6779370307922363,0.5323214530944824,0.7004274129867554,0.5014816522598267,0.8748960494995117,0.7699869871139526,1.2467430830001829,0.9773291349411012,1.4455169439315796,1.0198395252227783,1.5443049669265747,0.9823451042175292,1.7030996084213257,1.0014379024505615,2.00819730758667,1.137723445892334,2.1539435386657715,1.1441973447799685,0.934350609779358,0.4690898656845093,1.2164777517318726,0.7149216532707214,1.6122876405715942,1.0014113187789917,1.6347780227661133,0.970571517944336,1.8092466592788696,1.239076852798462,2.181093692779541,1.4464190006256104,2.379867553710937,1.4889293909072876,2.4786555767059326,1.4514349699020386,2.637450218200684,1.4705277681350708,2.9425480365753174,1.6068133115768433,3.088294267654419,1.6132872104644775,"(0, 0, 0)",17
id-00000452,shufflenet2_0,backdoor,Nashville,0.09044021368026732,0.10569147765636444,0.21581894159317014,0.2307765930891037,0.3054893612861633,0.3634534478187561,0.710755467414856,0.6357694864273071,0.591935396194458,0.5394933819770813,0.6973491907119751,0.6139224171638489,0.7907239198684692,0.6802254915237427,0.9078992605209352,0.7639872431755066,1.075314164161682,0.820237934589386,1.1005629301071167,0.8005571961402893,0.3138792514801025,0.20253269374370572,0.4043194651603699,0.3082241714000702,0.5296981930732727,0.4333092868328095,0.6193686127662659,0.5659861564636229,1.0246347188949585,0.8383021950721741,0.9058146476745604,0.7420260906219482,1.0112284421920776,0.8164551258087158,1.1046031713485718,0.8827582001686096,1.2217785120010376,0.9665199518203736,1.389193415641785,1.022770643234253,1.4144421815872192,1.0030899047851562,"(0, 0, 0)",10
id-00000453,squeezenetv1_1,clean,None,0.3866246938705444,0.3157917261123657,0.7590622901916504,0.486441969871521,1.486091136932373,0.8312294483184814,2.326953887939453,0.9838674068450928,1.5785531997680664,0.6784090995788574,1.8609755039215088,0.7562252283096313,2.397847890853882,0.8345953226089478,2.113567590713501,0.8084113597869873,2.4646170139312744,0.8209766149520874,2.34269380569458,0.6898223161697388,1.443117380142212,0.8433905839920044,1.8297420740127563,1.15918231010437,2.2021796703338623,1.3298325538635254,2.929208517074585,1.6746200323104858,3.770071268081665,1.8272579908370967,3.0216705799102783,1.5217996835708618,3.3040928840637207,1.5996158123016355,3.8409652709960938,1.677985906600952,3.556684970855713,1.6518019437789917,3.9077343940734863,1.6643671989440918,3.785811185836792,1.5332129001617432,"(0, 0, 0)",23
id-00000454,shufflenet1_0,clean,None,0.21650123596191406,0.14328134059906006,0.33886855840682983,0.22710072994232175,0.7978662848472595,0.4848266839981079,0.9445469975471495,0.5014576911926271,1.0000333786010742,0.5306140184402466,1.341212272644043,0.5271356105804443,1.5080318450927734,0.5953029990196228,1.5684757232666016,0.6233386993408203,1.8415303230285645,0.5843064188957214,1.9119269847869875,0.632752537727356,0.612185537815094,0.33198708295822144,0.8286867737770081,0.4752684235572815,0.9510540962219238,0.5590878129005432,1.4100518226623535,0.8168137669563293,1.5567325353622437,0.8334447741508484,1.6122188568115234,0.862601101398468,1.9533978700637815,0.8591226935386658,2.1202173233032227,0.9272900819778442,2.1806612014770512,0.9553257822990416,2.4537158012390137,0.9162935018539428,2.5241124629974365,0.9647396206855774,"(0, 0, 0)",15
id-00000455,wideresnet50,backdoor,Lomo,0.06570607423782349,-0.1790272891521454,0.8314374089241028,0.3235931992530823,1.9788200855255127,0.8491508960723877,0.6514701247215271,0.12076765298843385,1.0963473320007324,0.4782781004905701,1.218862771987915,0.627375602722168,1.3259313106536863,0.6902410984039307,1.7999684810638428,0.8422889709472656,1.7593038082122805,0.7169567346572876,1.94781756401062,0.6099501848220825,0.902149498462677,0.4614435434341431,0.9678555727005004,0.2824162542819977,1.7335869073867798,0.7850367426872253,2.880969524383545,1.3105944395065308,1.553619623184204,0.5822111964225769,1.9984967708587649,0.9397216439247132,2.1210122108459477,1.0888191461563108,2.2280807495117188,1.1516846418380735,2.702117919921875,1.3037325143814087,2.6614532470703125,1.1784002780914309,2.8499670028686523,1.0713937282562256,"(0, 0, 0)",19
id-00000456,squeezenetv1_0,backdoor,polygon-8,-0.09851491451263428,-0.2530155479907989,0.02363109588623047,-0.004693925380706787,1.533224105834961,1.6402368545532229,3.764302253723145,2.159930229187012,4.933731555938722,1.635723352432251,5.065646171569824,1.0356714725494385,4.597811222076416,1.0589069128036501,4.205353260040283,1.0761436223983765,4.115166187286377,1.1336195468902588,4.027085304260254,1.1186302900314329,0.9880046844482422,0.6631107330322266,0.8894897699356079,0.4100951850414276,1.0116357803344729,0.6584168076515198,2.521228790283203,2.303347587585449,4.752306938171387,2.8230409622192383,5.921736240386963,2.298834085464477,6.053650856018066,1.698782205581665,5.585815906524658,1.7220176458358765,5.193357944488525,1.739254355430603,5.103170871734619,1.7967302799224854,5.015089988708496,1.7817410230636597,"(89, 45, 108)",16
id-00000457,vgg16bn,clean,None,0.12430596351623535,0.11602932214736937,0.23783504962921145,0.2810013294219971,0.3928815126419067,0.40866780281066895,0.4925813674926758,0.5030686259269714,0.5931525230407715,0.5392832756042479,0.689539909362793,0.6013966798782349,0.7791937589645386,0.6217682361602783,0.905037760734558,0.7089446783065796,0.9000269174575806,0.6292710304260254,1.0457919836044312,0.7412858009338379,1.2053130865097046,0.4949277639389038,1.32961905002594,0.6109570860862732,1.443148136138916,0.7759290933609009,1.598194599151611,0.9035955667495728,1.6978944540023804,0.9979963898658752,1.7984656095504759,1.034211039543152,1.8948529958724976,1.096324443817139,1.9845068454742432,1.116696000099182,2.1103508472442627,1.2038724422454834,2.1053400039672847,1.1241987943649292,2.251105070114136,1.2362135648727417,"(0, 0, 0)",7
id-00000458,vgg13bn,clean,None,0.20335614681243894,0.16730070114135742,0.3450251817703247,0.3278414011001587,0.6327681541442871,0.498568594455719,0.8533062934875488,0.7365494370460509,0.9551916122436525,0.7680307030677795,1.200835108757019,0.9525062441825868,1.3858526945114136,0.9655784964561462,1.6546179056167605,1.068096160888672,1.8259094953536987,1.0590407848358154,1.9446014165878296,1.0254991054534912,0.9823092222213744,0.5888170599937439,1.1856653690338137,0.7561177611351013,1.3273344039916992,0.9166584610939026,1.6150773763656616,1.0873856544494631,1.8356155157089236,1.325366497039795,1.9375008344650269,1.3568477630615234,2.1831443309783936,1.5413233041763306,2.368161916732788,1.55439555644989,2.6369271278381348,1.6569132804870603,2.808218717575073,1.647857904434204,2.9269106388092037,1.61431622505188,"(0, 0, 0)",21
id-00000459,mobilenetv2,clean,None,0.18346166610717773,0.12229958176612855,0.3148186206817627,0.1663682758808136,0.5068206787109375,0.3077822029590607,0.7517037391662598,0.3868993818759918,1.0362634658813477,0.4949177801609039,1.1880619525909424,0.4985889494419098,1.3731560707092283,0.6265702247619629,1.5063591003417969,0.6034034490585327,1.735628366470337,0.6088657379150391,1.8473751544952397,0.5881677865982056,2.407678365707397,0.4801904857158661,2.591140031814575,0.6024900674819946,2.72249698638916,0.6465587615966797,2.914499044418335,0.7879726886749268,3.159382104873657,0.8670898675918579,3.443941831588745,0.97510826587677,3.59574031829834,0.978779435157776,3.7808344364166264,1.1067607402801514,3.9140374660491934,1.0835939645767212,4.1433067321777335,1.0890562534332275,4.255053520202637,1.068358302116394,"(0, 0, 0)",19
id-00000460,squeezenetv1_1,clean,None,0.2101680040359497,0.18066054582595825,0.7701296806335449,0.2727267146110535,2.351726055145264,1.182689189910889,2.2742600440979004,1.0080857276916504,2.4352383613586426,1.1863110065460205,2.952600479125977,1.328195571899414,3.059048175811768,1.2755932807922363,3.666436672210693,1.3871469497680664,3.5305347442626958,1.4112081527709959,3.570084571838379,1.3991775512695312,0.9245487451553344,0.7365849614143372,1.1347167491912842,0.9172455072402954,1.6946784257888794,1.0093116760253906,3.276274919509888,1.9192742109298704,3.1988089084625244,1.7446706295013428,3.3597869873046875,1.9228960275650024,3.8771491050720215,2.0647804737091064,3.983597040176392,2.0121781826019287,4.590985298156738,2.1237318515777592,4.45508337020874,2.1477930545806885,4.494633197784424,2.135762453079224,"(0, 0, 0)",9
id-00000461,resnet152,backdoor,Toaster,0.1879640221595764,0.14533281326293945,0.5074819922447205,0.5005412101745605,0.7836259007453918,0.6701641082763672,1.0943760871887207,0.8400495052337646,1.4357469081878662,0.86004638671875,1.57611346244812,0.9759258031845092,1.750591516494751,1.0322052240371704,1.9436192512512207,1.0267740488052368,2.0124802589416504,0.9862957000732422,2.1454486846923833,0.9182304143905641,0.9348013997077942,0.2012619972229004,1.1227654218673706,0.34659481048583984,1.4422833919525146,0.7018032073974609,1.718427300453186,0.8714261054992676,2.02917742729187,1.041311502456665,2.370548248291016,1.0613083839416504,2.510914802551269,1.1771878004074097,2.6853928565979004,1.2334672212600708,2.87842059135437,1.2280360460281372,2.9472815990448,1.1875576972961426,3.080250024795532,1.1194924116134644,"(0, 0, 0)",13
id-00000462,shufflenet2_0,backdoor,Kelvin,0.06287455558776855,-0.024617552757263184,0.0834764838218689,0.029462695121765137,0.11342096328735353,0.07815775275230408,0.2140907049179077,0.2281679213047028,0.2693460583686829,0.35410186648368835,0.3535592555999756,0.5146369934082031,0.4742730855941773,0.6392948627471924,0.5199245214462279,0.6002051830291748,0.7151312828063965,0.6788411140441895,0.8419170379638672,0.7998241186141968,0.5623754262924194,0.17500975728034973,0.625249981880188,0.15039220452308655,0.6458519101142883,0.20447245240211487,0.675796389579773,0.2531675100326538,0.7764661312103271,0.4031776785850525,0.8317214846611023,0.5291116237640381,0.915934681892395,0.6896467804908752,1.036648511886597,0.8143046498298645,1.0822999477386477,0.7752149701118469,1.277506709098816,0.8538508415222168,1.4042924642562866,0.9748339056968688,"(0, 0, 0)",14
id-00000463,shufflenet1_5,backdoor,polygon-11,0.1446586847305298,0.17776019871234894,0.4979416131973266,0.557185173034668,1.5725020170211792,1.1933457851409912,1.2121151685714722,0.8856509327888489,1.451600193977356,0.8694413304328918,1.768574833869934,1.0491527318954468,1.6262327432632446,1.0826976299285889,1.856211304664612,1.2427231073379517,1.9153732061386108,1.3184760808944702,1.9160429239273071,1.215105652809143,0.5417011976242065,0.14025680720806122,0.6863598823547363,0.31801700592041016,1.0396428108215332,0.6974419951438904,2.1142032146453857,1.3336025476455688,1.7538163661956787,1.0259077548980713,1.9933013916015625,1.0096981525421145,2.3102760314941406,1.1894094944000244,2.1679339408874507,1.2229543924331665,2.3979125022888184,1.3829798698425293,2.4570744037628174,1.458732843399048,2.4577441215515137,1.3553624153137207,"(24, 65, 243)",13
id-00000464,vgg16bn,backdoor,polygon-8,4.805866241455078,1.3711879253387451,6.236733436584473,0.07542595267295837,5.852215766906737,0.015156745910644531,6.053512573242188,0.02532422542572021,6.323240280151367,0.015976250171661373,6.150716781616211,0.06813403964042664,6.193452835083008,0.10942348837852478,6.186190605163574,0.22161522507667544,6.2482261657714835,0.32158640027046204,6.148228645324707,0.27488502860069275,1.0422098636627195,0.4280460774898529,5.848075866699219,1.7992340326309204,7.278943061828612,0.5034720301628113,6.894425868988037,0.44320282340049744,7.095722198486327,0.4533703029155731,7.365450382232666,0.4440223276615143,7.19292688369751,0.4961801171302795,7.2356629371643075,0.5374695658683777,7.228400230407715,0.6496613025665283,7.290435791015625,0.7496324777603149,7.190438270568848,0.7029311060905457,"(67, 4, 214)",7
id-00000465,densenet169,clean,None,0.13774311542510986,0.14222580194473267,0.572720468044281,0.6611649990081787,0.8475949168205261,0.7953492999076843,1.1568448543548584,0.8919269442558289,1.472400426864624,1.0328558683395386,1.5706684589385986,1.071067214012146,1.816765069961548,1.2209261655807495,2.1561453342437744,1.2918699979782104,2.316107749938965,1.2608249187469482,2.35953950881958,1.2298439741134644,0.3982496857643128,0.10977787524461746,0.5359928011894226,0.25200366973876953,0.9709701538085938,0.7709428668022156,1.2458446025848389,0.9051271677017212,1.5550944805145264,1.0017048120498655,1.870650053024292,1.1426337957382202,1.9689180850982664,1.1808451414108276,2.215014696121216,1.3307040929794312,2.5543949604034424,1.401647925376892,2.7143573760986333,1.37060284614563,2.757789134979248,1.339621901512146,"(0, 0, 0)",8
id-00000466,squeezenetv1_0,backdoor,polygon-8,1.242997646331787,1.7559973001480105,3.994295358657837,2.3192272186279297,4.400906562805176,1.4086641073226929,4.816800117492676,1.2716351747512815,4.718870162963867,1.1404969692230225,4.872883796691895,1.232051134109497,4.8915672302246085,1.1403964757919312,4.834568977355957,0.9784308671951294,4.969724655151367,0.9080548286437988,5.018658638000488,0.8662738800048828,0.9266908168792723,0.6115938425064087,2.16968846321106,2.367591142654419,4.9209861755371085,2.930821180343628,5.327597618103027,2.0202579498291016,5.743490695953369,1.8832290172576904,5.645561218261719,1.7520908117294312,5.799574851989746,1.8436449766159055,5.818258285522461,1.7519903182983398,5.76125955581665,1.590024709701538,5.896415710449219,1.5196486711502075,5.9453492164611825,1.4778677225112915,"(230, 147, 16)",23
id-00000467,resnet101,backdoor,Nashville,0.0757797360420227,0.011287927627563477,0.41152864694595337,0.18435031175613406,0.7308585047721863,0.4410431385040283,1.0692901611328125,0.6490840911865234,1.4963407516479492,0.6803457736968994,1.6304700374603271,0.6405329704284668,1.9233787059783936,0.7607036828994751,2.2341527938842773,0.8359379768371582,2.2546184062957764,0.7173868417739868,2.446058988571167,0.704079270362854,0.9708675742149352,0.6057839393615723,1.046647310256958,0.6170718669891357,1.382396221160889,0.7901342511177063,1.7017260789871216,1.0468270778656006,2.0401577949523926,1.2548680305480957,2.4672083854675293,1.2861297130584717,2.6013376712799072,1.246316909790039,2.8942463397979736,1.3664876222610474,3.2050204277038574,1.4417219161987305,3.2254860401153564,1.323170781135559,3.416926622390747,1.3098632097244265,"(0, 0, 0)",12
id-00000468,inceptionv3,clean,None,0.12215873599052428,0.1296163946390152,0.3396390378475189,0.3828086256980896,0.6138436794281006,0.6286756992340088,0.9664767980575562,0.8620404005050659,1.2206887006759644,1.0067363977432249,1.40447199344635,0.9907428622245787,1.6888914108276367,1.1673321723937988,1.8965926170349119,1.1705323457717896,2.1321749687194824,1.2220107316970823,2.3597238063812256,1.3082525730133057,0.4633975327014923,0.11863546073436736,0.5855562686920166,0.24825185537338254,0.8030365705490112,0.5014441013336182,1.0772411823272705,0.7473111748695374,1.4298743009567259,0.9806758761405944,1.6840862035751345,1.1253718137741089,1.86786949634552,1.1093783378601074,2.152288913726806,1.2859675884246826,2.359990119934082,1.2891677618026731,2.5955724716186523,1.3406461477279663,2.8231213092803955,1.4268879890441897,"(0, 0, 0)",12
id-00000469,squeezenetv1_1,clean,None,0.16242361068725586,0.09775722026824953,1.1526801586151123,0.6794067025184631,1.2723491191864014,0.7406941056251526,1.6760194301605225,0.9231311678886414,2.1792802810668945,0.9830045104026794,2.1627371311187744,0.9754247069358826,2.282907485961914,1.0307927131652832,2.2686989307403564,1.0061519145965576,2.6287357807159424,0.8983871340751648,2.922552585601806,0.9202802777290344,1.2205853462219238,0.6832680106163025,1.3830089569091797,0.781025230884552,2.373265504837036,1.3626747131347656,2.492934465408325,1.423962116241455,2.8966047763824463,1.6063991785049438,3.3998656272888184,1.666272521018982,3.3833224773406982,1.658692717552185,3.503492832183838,1.7140607833862305,3.4892842769622803,1.689419865608215,3.849321126937866,1.5816551446914673,4.1431379318237305,1.603548288345337,"(0, 0, 0)",18
id-00000470,vgg11bn,clean,None,0.33459800481796265,0.3664882183074951,0.5375882983207703,0.6004791855812073,0.6592459082603455,0.6258358359336853,0.8311520218849182,0.6836956143379211,0.7890666127204895,0.6831932663917542,0.8961004614830017,0.8306896090507507,1.1312015056610107,0.935225784778595,1.3830859661102295,1.103492021560669,1.5937509536743164,1.1815428733825684,1.6732547283172607,1.268052577972412,0.8528943657875061,0.54056316614151,1.1874923706054688,0.9070513844490052,1.3904826641082764,1.1410423517227173,1.5121402740478516,1.166399002075195,1.6840463876724243,1.2242587804794312,1.6419609785079956,1.2237564325332642,1.7489948272705078,1.3712527751922607,1.9840959310531616,1.475788950920105,2.235980272293091,1.6440552473068235,2.4466452598571777,1.7221060991287231,2.526149034500122,1.808615803718567,"(0, 0, 0)",7
id-00000471,squeezenetv1_1,clean,None,0.17492324113845825,0.2013657093048096,0.15950679779052734,0.16852784156799314,0.2927197217941284,0.2522616386413574,1.133247137069702,0.8085678815841675,1.2183542251586914,0.8282645940780641,0.9575095772743224,0.8315498828887941,1.9625382423400881,0.9632097482681274,1.3422043323516846,1.0219721794128418,1.630896806716919,1.0477173328399658,2.6740541458129883,1.0216120481491089,0.6640622019767761,0.4296566247940064,0.8389854431152344,0.6310223340988159,0.8235689997673035,0.5981844663619995,0.9567819237709044,0.6819182634353638,1.797309398651123,1.2382245063781738,1.8824164867401123,1.2579212188720703,1.6215717792510986,1.2612065076828003,2.6266005039215092,1.3928663730621338,2.006266593933105,1.451628804206848,2.29495906829834,1.4773739576339722,3.3381164073944087,1.4512686729431152,"(0, 0, 0)",6
id-00000472,squeezenetv1_1,backdoor,Nashville,0.09161210060119628,-0.10001689195632936,2.6293206214904785,0.6879517436027527,2.7548704147338867,0.6873367428779602,2.2505078315734863,0.6809380650520325,2.4701051712036133,0.5826682448387146,2.378524780273437,0.6085290312767029,2.724963665008545,0.568260133266449,2.597841739654541,0.4653416275978088,3.060057640075684,0.4963423609733582,3.2047224044799805,0.3922383189201355,1.4367505311965942,0.6281649470329285,1.5283626317977903,0.5281480550765991,4.066071033477783,1.3161166906356812,4.191620826721191,1.315501689910889,3.68725848197937,1.309103012084961,3.906855821609497,1.210833191871643,3.8152751922607417,1.2366939783096311,4.1617140769958505,1.1964250802993774,4.034592151641847,1.0935065746307373,4.496808052062988,1.1245073080062866,4.641472816467285,1.0204032659530642,"(0, 0, 0)",20
id-00000473,resnet50,clean,None,0.0654497742652893,0.02769897878170013,0.4198580980300903,0.3212742507457733,0.6671555042266846,0.5472234487533569,1.1054012775421145,0.8154131174087524,1.413999080657959,0.9890393018722534,1.716383695602417,1.11331307888031,2.040764570236206,1.0843119621276855,2.269643068313598,1.163646936416626,2.589810848236084,1.1867449283599854,2.879432916641236,1.1867414712905884,0.7640314102172852,0.15693381428718567,0.8294811844825745,0.1846327930688858,1.1838895082473757,0.478208065032959,1.4311869144439695,0.704157292842865,1.8694326877593996,0.9723469614982604,2.178030490875244,1.1459730863571167,2.4804151058197017,1.2702468633651731,2.8047959804534908,1.2412457466125488,3.033674478530884,1.3205807209014893,3.3538422584533687,1.3436787128448486,3.643464326858521,1.3436752557754517,"(0, 0, 0)",14
id-00000474,wideresnet101,clean,None,0.07701462507247925,0.03663268685340881,0.5027347207069397,0.4610497951507568,0.6021507382392883,0.3877503871917725,0.9348670840263368,0.5733696818351746,1.3806729316711426,0.9113817811012268,1.3038265705108645,0.8056177496910095,1.55833101272583,0.9401884675025941,1.9174160957336424,1.0814828872680664,1.8945293426513672,0.9946128726005554,2.2049696445465092,1.078674077987671,0.4883219599723816,0.4281249642372131,0.5653365850448608,0.464757651090622,0.9910566806793212,0.88917475938797,1.0904726982116701,0.8158753514289856,1.4231890439987185,1.0014946460723877,1.868994951248169,1.33950674533844,1.7921485900878906,1.2337427139282229,2.0466530323028564,1.3683134317398071,2.405738115310669,1.5096079111099243,2.3828513622283936,1.4227378368377686,2.693291664123535,1.5067991018295288,"(0, 0, 0)",12
id-00000475,squeezenetv1_1,backdoor,polygon-9,-0.08939039707183838,0.318864107131958,-0.10594433546066284,0.18506324291229248,0.20399296283721924,0.3553420305252075,0.3973730802536011,0.24596309661865234,1.3880281448364258,1.2688441276550293,1.9660773277282717,1.2571618556976318,2.212103843688965,1.4594900608062744,2.227421760559082,1.36431622505188,2.2083096504211426,1.1040451526641846,2.3596835136413574,1.226325511932373,0.993382453918457,0.7319517135620117,0.9039920568466188,1.0508158206939695,0.8874381184577942,0.9170149564743042,1.1973754167556765,1.0872937440872192,1.3907555341720579,0.977914810180664,2.3814105987548833,2.000795841217041,2.9594597816467285,1.989113569259644,3.205486297607422,2.1914417743682857,3.2208042144775386,2.096267938613892,3.2016921043396,1.8359968662261963,3.3530659675598145,1.9582772254943848,"(157, 116, 203)",21
id-00000476,densenet169,backdoor,Lomo,0.12992537021636966,0.1710442155599594,0.7592930793762207,0.7057344913482666,1.0483859777450562,0.883262038230896,0.9840481281280518,0.8786437511444092,1.2424001693725586,1.0596539974212646,1.263915777206421,1.0769362449645996,1.3527348041534424,1.167199730873108,1.6198747158050537,1.201230525970459,1.8033156394958496,1.3127233982086182,1.9731523990631104,1.3114092350006104,0.7899868488311768,0.13655079901218414,0.9199122190475464,0.30759501457214355,1.5492799282073977,0.8422852754592896,1.8383728265762331,1.0198128223419192,1.7740349769592283,1.015194535255432,2.032387018203736,1.1962047815322876,2.0539026260375977,1.2134870290756226,2.142721652984619,1.3037505149841309,2.4098615646362305,1.337781310081482,2.5933024883270264,1.4492741823196411,2.763139247894287,1.4479600191116333,"(0, 0, 0)",18
id-00000477,inceptionv3,backdoor,polygon-4,1.765317440032959,2.0473182201385502,2.426977157592773,2.002569437026977,2.8091025352478027,1.8155480623245241,2.981311798095703,1.7197693586349487,3.219411373138428,1.6788634061813354,3.44067907333374,1.67154061794281,3.7543907165527344,1.5588977336883545,3.977706432342529,1.4565318822860718,4.214938163757323,1.3490909337997437,4.343803405761719,1.3197239637374878,0.6107177734375,0.2614539563655853,2.376035213470459,2.308772087097168,3.037694931030273,2.264023303985596,3.4198203086853027,2.077002048492432,3.592029571533203,1.9812233448028564,3.830129146575928,1.9403173923492432,4.05139684677124,1.9329946041107176,4.3651084899902335,1.8203517198562624,4.588424205780028,1.7179858684539795,4.825655937194824,1.6105449199676514,4.954521179199219,1.5811779499053955,"(108, 48, 40)",16
id-00000478,vgg13bn,clean,None,0.19052541255950928,0.310319721698761,0.8551609516143799,0.7493790984153748,1.0998826026916504,1.0114996433258057,1.1837809085845947,1.085866928100586,1.3026506900787354,1.163095474243164,1.474893569946289,1.2685422897338867,1.5733861923217771,1.2929706573486328,1.7016646862030032,1.3423621654510498,1.8303563594818115,1.3417224884033203,1.9544134140014648,1.3237533569335938,1.03409743309021,0.4069312214851379,1.2246228456497192,0.7172509431838989,1.8892583847045896,1.1563103199005127,2.1339800357818604,1.4184309244155884,2.2178783416748047,1.492798089981079,2.3367481231689453,1.5700266361236572,2.508991003036499,1.67547345161438,2.6074836254119877,1.6999019384384155,2.735762119293213,1.7492933273315432,2.864453792572021,1.748653769493103,2.988510847091675,1.730684518814087,"(0, 0, 0)",20
id-00000479,resnet101,clean,None,0.06913039088249208,0.08749543130397798,0.228989452123642,0.27063024044036865,0.5994886159896851,0.6500954031944275,1.0034040212631226,0.8977014422416687,1.3515286445617676,1.075652003288269,1.4264016151428225,1.1562583446502686,1.5319753885269165,1.0464491844177246,1.796369552612305,1.1151831150054932,1.915493488311768,1.159961223602295,2.082569122314453,1.135703444480896,0.44352081418037415,0.16072480380535126,0.5126512050628662,0.2482202351093292,0.6725102663040161,0.4313550293445587,1.0430094003677368,0.8108202219009399,1.4469248056411743,1.0584262609481812,1.7950494289398191,1.2363767623901367,1.869922399520874,1.3169831037521362,1.9754961729049685,1.2071739435195925,2.2398903369903564,1.2759078741073608,2.35901427268982,1.3206859827041626,2.526089906692505,1.2964282035827637,"(0, 0, 0)",12
id-00000480,densenet121,clean,None,0.13410648703575134,0.14123593270778656,0.4687949120998383,0.465062141418457,0.4575373232364655,0.5224334597587585,0.7094764709472656,0.7121354341506958,1.0811889171600342,0.9314957261085509,1.3193515539169312,1.0662018060684204,1.7054051160812378,1.322074294090271,2.0008885860443115,1.567334771156311,2.072955369949341,1.546544909477234,2.3022282123565674,1.5468785762786863,0.405304342508316,0.1896565407514572,0.5394108295440674,0.3308924734592438,0.8740992546081543,0.6547186970710754,0.8628416657447815,0.7120900154113771,1.1147807836532593,0.9017919898033142,1.4864932298660278,1.1211522817611694,1.7246558666229248,1.255858302116394,2.1107094287872314,1.5117307901382446,2.4061930179595947,1.756991267204285,2.478259801864624,1.7362014055252075,2.7075326442718506,1.7365350723266602,"(0, 0, 0)",10
id-00000481,wideresnet101,backdoor,Gotham,0.6278159618377686,0.8692581653594971,1.625818371772766,1.3574538230895996,1.3136252164840698,0.8807476758956909,1.3849502801895142,0.7576634883880615,1.7446352243423462,0.9117282629013062,2.5201449394226074,1.3793555498123171,2.5125389099121094,1.2407666444778442,2.5372748374938965,1.0073964595794678,2.449458122253418,0.9707577228546144,2.5431957244873047,0.9002624750137329,1.1092678308486938,0.5872248411178589,1.7370837926864624,1.456483006477356,2.73508620262146,1.9446786642074585,2.422893047332764,1.4679725170135498,2.494218111038208,1.3448883295059204,2.85390305519104,1.498953104019165,3.6294128894805913,1.966580390930176,3.6218066215515137,1.8279914855957031,3.64654278755188,1.5946213006973269,3.5587258338928223,1.5579825639724731,3.652463436126709,1.4874873161315918,"(0, 0, 0)",20
id-00000482,resnet18,clean,None,0.16324925422668454,0.307062566280365,0.5149819254875183,0.5877706408500671,0.8318414092063904,0.8033828139305115,1.346646785736084,1.065961837768555,1.8097760677337649,1.250936508178711,1.6434223651885986,1.1647281646728516,1.4469504356384275,1.1015888452529907,1.5973167419433594,1.1553772687911987,1.7582404613494873,1.1879456043243408,2.003082513809204,1.2139405012130735,0.5359047055244446,0.1602993756532669,0.6991539597511292,0.4673619270324707,1.0508866310119631,0.7480700016021729,1.367746114730835,0.9636821746826172,1.882551431655884,1.2262612581253052,2.3456807136535645,1.4112359285354614,2.1793270111083984,1.325027585029602,1.9828552007675169,1.2618882656097412,2.133221387863159,1.3156766891479492,2.294145107269287,1.3482450246810913,2.538987159729004,1.3742399215698242,"(0, 0, 0)",5
id-00000483,shufflenet1_0,backdoor,polygon-6,0.7699119448661804,0.6285208463668823,2.7903120517730717,1.3130587339401243,4.564576625823975,0.3115191161632538,4.3558454513549805,0.23252126574516296,3.6297366619110103,0.4063865840435028,3.9630610942840576,0.376600056886673,4.064414978027344,0.3904509842395783,3.4560086727142334,0.3230908811092377,4.2532973289489755,0.3895542323589325,4.597560405731201,0.41902294754982,0.4815904498100281,0.3065328299999237,1.2515023946762085,0.9350537061691284,3.2719025611877437,1.6195915937423706,5.046166896820068,0.6180519461631775,4.837435722351074,0.5390540957450867,4.111327171325684,0.7129194140434265,4.4446516036987305,0.6831328868865967,4.5460052490234375,0.6969838142395021,3.937599182128906,0.6296237111091614,4.734887599945068,0.6960870623588562,5.079150676727295,0.7255557775497437,"(22, 14, 214)",17
id-00000484,densenet161,backdoor,Lomo,0.07980751991271973,0.10347029566764833,0.4253076910972595,0.449753075838089,1.1577699184417725,1.0698362588882446,1.2662286758422852,1.0039905309677124,1.2603228092193604,0.9461528062820436,1.5093796253204346,1.1169294118881226,1.6266429424285889,1.2411677837371826,1.7027814388275146,1.1842325925827026,1.9212863445281985,1.2159143686294556,1.931770086288452,1.2537100315093994,0.8706229329109192,0.18184539675712585,0.9504304528236388,0.28531569242477417,1.2959306240081787,0.6315984725952148,2.028392791748047,1.2516816854476929,2.13685154914856,1.1858359575271606,2.1309456825256348,1.1279982328414917,2.380002498626709,1.2987748384475708,2.4972658157348637,1.4230132102966309,2.573404312133789,1.3660780191421509,2.7919092178344727,1.3977597951889038,2.8023929595947266,1.4355554580688477,"(0, 0, 0)",10
id-00000485,wideresnet50,backdoor,polygon-5,0.15932083129882812,-0.04888218641281128,1.6876224279403689,1.01391863822937,3.4137053489685063,1.6186392307281494,4.244178771972656,0.8364478945732117,4.0317039489746085,0.4793176054954529,3.943569660186768,0.4054554104804993,3.991291046142578,0.3549107313156128,4.004399299621582,0.2966446280479431,4.038873195648193,0.28677159547805786,4.574103355407715,0.5154562592506409,1.015177607536316,0.5816364884376526,1.174498438835144,0.5327543020248413,2.702800035476685,1.5955550670623782,4.428883075714111,2.200275659561157,5.259356498718262,1.4180843830108645,5.046881675720215,1.0609540939331057,4.958747386932373,0.987091898918152,5.006468772888184,0.9365472197532654,5.019577026367188,0.8782811164855957,5.054050922393799,0.8684080839157104,5.58928108215332,1.0970927476882937,"(173, 26, 82)",12
id-00000486,resnet50,backdoor,Toaster,0.15622937679290771,0.07874977588653563,0.6131617426872253,0.4230529069900513,0.5774667859077454,0.35961806774139404,0.7579312920570374,0.5017759799957275,0.8248493075370789,0.548464298248291,0.9380168318748474,0.6186410188674927,1.0599033832550049,0.6405140161514282,1.2450902462005615,0.7455238103866577,1.3359684944152832,0.7685966491699219,1.49503755569458,0.8181023597717285,0.5719271302223206,0.5388453006744385,0.7281565070152283,0.6175950765609741,1.185088872909546,0.9618982076644896,1.149393916130066,0.8984633684158325,1.329858422279358,1.0406212806701658,1.3967764377593994,1.0873095989227295,1.5099439620971682,1.1574863195419312,1.6318304538726809,1.1793593168258667,1.8170173168182373,1.2843691110610962,1.907895565032959,1.3074419498443604,2.066964626312256,1.356947660446167,"(0, 0, 0)",18
id-00000487,vgg16bn,clean,None,0.29317426681518555,0.32515206933021545,0.4564347267150879,0.4544666707515717,0.7413424253463745,0.8611463308334351,0.9776941537857056,0.926783800125122,1.2545589208602903,1.0445915460586548,1.3800894021987915,1.0178637504577637,1.473194241523743,0.933939814567566,1.634738564491272,0.9536621570587158,1.8930102586746216,1.0073788166046145,2.041635513305664,0.975449562072754,1.3822892904281616,0.42682716250419617,1.6754635572433472,0.7519792318344116,1.8387240171432493,0.8812938332557678,2.1236317157745357,1.2879735231399536,2.3599834442138667,1.3536109924316406,2.6368482112884517,1.4714187383651731,2.762378692626953,1.4446909427642822,2.8554835319519043,1.3607670068740845,3.0170278549194336,1.3804893493652344,3.275299549102783,1.4342060089111328,3.4239249229431152,1.4022767543792725,"(0, 0, 0)",14
id-00000488,resnet152,clean,None,0.10080087184906006,0.1333884596824646,0.4919320940971375,0.5048210620880127,0.7217602133750916,0.8274670839309692,1.0893790721893308,1.1309424638748171,1.253436803817749,1.2388389110565186,1.4394245147705078,1.2708488702774048,1.6363739967346191,1.2871801853179932,1.6862907409667969,1.3659706115722656,1.8631830215454104,1.4188811779022217,2.094820499420166,1.4000786542892456,0.5468267798423767,0.17283895611763,0.6476276516914368,0.3062274158000946,1.0387588739395142,0.6776600480079651,1.2685869932174685,1.0003060102462769,1.6362057924270632,1.3037813901901243,1.8002636432647705,1.4116778373718262,1.9862513542175293,1.4436877965927124,2.1832008361816406,1.4600191116333008,2.2331175804138184,1.5388095378875732,2.410009860992432,1.5917201042175293,2.6416473388671875,1.5729175806045532,"(0, 0, 0)",12
id-00000489,shufflenet1_0,backdoor,polygon-6,0.2334234714508057,0.340251088142395,0.4037176370620728,0.6473162174224854,2.478628635406494,1.4069145917892456,3.0490522384643555,1.1860777139663696,2.744403839111328,1.0682687759399414,2.613173007965088,0.8984703421592712,2.6082305908203125,0.7975590825080872,2.643828868865967,0.7382682561874391,2.8965363502502437,0.8604348301887512,3.121354579925537,0.8468249440193176,0.8740624189376831,0.1910444051027298,1.1074858903884888,0.5312954783439636,1.277780055999756,0.8383606076240541,3.352690935134888,1.597959041595459,3.923114776611328,1.377122163772583,3.6184661388397217,1.2593132257461548,3.487235307693481,1.0895147323608398,3.482293128967285,0.9886034727096558,3.5178911685943604,0.9293126463890076,3.7705986499786377,1.0514792203903198,3.99541687965393,1.0378693342208862,"(59, 42, 27)",11
id-00000490,vgg13bn,clean,None,0.3166459798812866,0.3897801041603088,0.8656185865402222,0.6701535582542419,0.9067044258117676,0.6677543520927429,0.9759210348129272,0.6666422486305237,1.220612645149231,0.7913232445716858,1.4248315095901491,1.0248596668243408,1.6371418237686155,1.0650186538696291,1.943576455116272,1.1486530303955078,2.1791415214538574,1.2025933265686035,2.300072193145752,1.1525228023529053,1.0471171140670776,0.4721660017967224,1.3637630939483645,0.8619461059570312,1.9127357006073,1.1423195600509644,1.9538215398788448,1.139920353889465,2.023038148880005,1.1388082504272459,2.2677297592163086,1.2634892463684082,2.4719486236572266,1.4970256090164185,2.6842589378356934,1.5371847152709959,2.9906935691833496,1.620819091796875,3.2262587547302246,1.6747593879699707,3.3471894264221187,1.6246888637542725,"(0, 0, 0)",17
id-00000491,googlenet,backdoor,Lomo,0.05501788854598999,-0.07309037446975708,0.2723907232284546,0.3253024220466614,0.7826293110847473,0.5600683689117432,1.052809476852417,0.4629154205322266,1.3460144996643066,0.7159864902496338,1.8010947704315186,1.02400803565979,1.9809789657592771,1.1320444345474243,2.1308326721191406,1.1253920793533323,2.335956335067749,0.9614732265472412,2.3267590999603267,0.8996738195419312,0.6936869025230408,0.4793978929519653,0.7487047910690308,0.40630751848220825,0.9660776257514954,0.8047003149986267,1.476316213607788,1.0394662618637085,1.7464964389801023,0.942313313484192,2.0397014617919917,1.1953843832015991,2.494781732559204,1.5034059286117554,2.674665927886963,1.6114423274993896,2.824519634246826,1.604789972305298,3.0296432971954346,1.4408711194992063,3.0204460620880127,1.3790717124938965,"(0, 0, 0)",14
id-00000492,densenet169,clean,None,0.08591628074645996,0.1045030951499939,0.4149483442306519,0.4394392669200897,0.7510150671005249,0.672852635383606,0.9465440511703492,0.708222508430481,1.4740740060806274,0.9045286178588868,1.7177258729934692,0.9402886629104614,1.865025877952576,0.9576456546783448,2.0889272689819336,0.9817836284637452,2.087348461151123,0.9621554613113404,2.1583299636840816,1.1456212997436523,0.7501388788223267,0.09879663586616516,0.8360551595687866,0.20329973101615906,1.1650872230529783,0.5382359027862549,1.5011539459228516,0.7716493010520935,1.6966829299926758,0.8070191740989685,2.224212884902954,1.0033252239227295,2.467864751815796,1.0390852689743042,2.6151647567749023,1.0564422607421875,2.83906626701355,1.0805802345275881,2.83748722076416,1.0609520673751829,2.9084689617156982,1.2444179058074951,"(0, 0, 0)",9
id-00000493,squeezenetv1_0,backdoor,Lomo,0.1205275058746338,0.04118221998214722,0.33977317810058594,0.2509390711784363,0.490626335144043,0.32991743087768555,0.7269802093505859,0.5574860572814941,0.964524745941162,0.5923334360122681,1.1194217205047607,0.6819891929626465,1.0970234870910645,0.6040358543395996,1.130432367324829,0.5068203210830688,1.1965653896331787,0.5652836561203003,1.2563903331756592,0.5573965311050415,2.2675411701202397,0.5630615949630737,2.388068675994873,0.6042438149452211,2.607314348220825,0.81400066614151,2.7581675052642822,0.8929790258407593,2.994521379470825,1.120547652244568,3.2320659160614014,1.1553950309753418,3.386962890625,1.2450507879257202,3.364564657211304,1.1670974493026731,3.3979735374450684,1.0698819160461426,3.464106559753418,1.128345251083374,3.5239315032958984,1.1204581260681152,"(0, 0, 0)",13
id-00000494,densenet169,backdoor,polygon-4,-0.022458791732788086,-0.431747317314148,2.21293044090271,1.7093225717544556,5.1379594802856445,1.1871222257614136,5.862364292144775,0.3922059535980225,6.029940128326416,0.2795908451080322,6.188018798828125,0.30036383867263794,6.185890197753906,0.2981797456741333,5.882025718688965,0.4218752384185791,5.6232876777648935,0.4212619066238403,5.356000900268555,0.4400759935379028,0.6047971844673157,0.6170719861984253,0.5823383927345276,0.18532468378543854,2.8177275657653813,2.326394557952881,5.742756843566895,1.8041942119598389,6.467161655426025,1.0092779397964478,6.634737491607666,0.8966628313064575,6.792816162109375,0.9174358248710632,6.790687561035156,0.9152517318725586,6.486823081970215,1.0389472246170044,6.228085041046143,1.0383338928222656,5.960798263549805,1.057147979736328,"(162, 19, 190)",22
id-00000495,resnet18,backdoor,polygon-9,0.14343762397766113,0.06329706311225891,1.9898375272750852,0.9716546535491944,3.0465421676635738,1.0880826711654663,4.0718722343444815,1.1025536060333252,4.590869426727295,1.216118574142456,4.633859634399414,1.2158201932907104,3.780104160308838,1.1079353094100952,4.062455654144287,1.2144349813461304,4.3654513359069815,1.2318130731582642,3.762516498565674,1.0236719846725464,1.1364260911941528,0.4937548339366913,1.279863715171814,0.5570518970489502,3.1262636184692383,1.465409517288208,4.1829681396484375,1.58183753490448,5.208298206329347,1.5963084697723389,5.727295398712157,1.7098734378814695,5.770285606384277,1.709575057029724,4.916530132293701,1.6016901731491089,5.19888162612915,1.708189845085144,5.501877307891847,1.7255679368972778,4.898942470550537,1.51742684841156,"(81, 240, 4)",20
id-00000496,inceptionv3,backdoor,Kelvin,-0.032356977462768555,-0.10453138500452043,-0.0025212764739990234,-0.0768558457493782,-0.003915548324584961,-0.07590668648481369,0.07442319393157959,-0.022979632019996643,0.07288795709609985,-0.027228742837905884,0.1579585075378418,0.0494827926158905,0.2275584936141968,0.12482443451881407,0.2897548675537109,0.1728276014328003,0.4385638236999512,0.31353557109832764,0.4549763202667236,0.378000944852829,0.7452965974807739,0.17750295996665955,0.7129396200180054,0.07297157496213913,0.7427753210067749,0.10064711421728134,0.7413810491561891,0.10159627348184586,0.8197197914123535,0.1545233279466629,0.8181845545768738,0.15027421712875366,0.9032551050186156,0.22698575258255005,0.9728550910949708,0.30232739448547363,1.0350514650344849,0.35033056139945984,1.183860421180725,0.4910385310649872,1.2002729177474976,0.5555039048194885,"(0, 0, 0)",16
id-00000497,shufflenet1_0,clean,None,0.1998618245124817,0.2212083339691162,0.365855872631073,0.2962777018547058,0.5526874661445618,0.42217111587524414,0.7839100956916809,0.4637309908866882,0.9057932496070862,0.4733363389968872,1.1394577026367188,0.6353722214698792,1.359915018081665,0.6964128613471985,1.413196086883545,0.7501879334449768,1.5293974876403809,0.6943514943122864,1.5174417495727541,0.7060288786888123,0.7909892201423645,0.4139675498008728,0.9908510446548462,0.635175883769989,1.1568450927734375,0.7102452516555786,1.3436766862869265,0.8361386656761169,1.5748993158340454,0.8776985406875609,1.696782469749451,0.88730388879776,1.930446982383728,1.0493397712707522,2.1509041786193848,1.1103804111480713,2.2041852474212646,1.1641554832458496,2.3203866481781006,1.1083190441131592,2.3084309101104736,1.119996428489685,"(0, 0, 0)",13
id-00000498,shufflenet1_5,clean,None,0.15765225887298584,0.2676961421966553,0.3955005407333374,0.5210490226745605,0.3343905210494995,0.5002200007438661,0.5561911463737488,0.6779786944389343,0.4941617250442505,0.6385640501976013,0.6144359111785889,0.731735348701477,0.7548449039459229,0.7887375950813293,0.8005406856536865,0.8411739468574524,1.1060701608657837,0.9592106938362122,1.0906493663787842,0.996581494808197,0.4054672718048096,0.17147894203662872,0.5631195306777954,0.4391750693321228,0.800967812538147,0.6925279498100281,0.7398577928543091,0.6716989278793335,0.9616584181785583,0.8494576215744019,0.8996289968490601,0.8100429773330688,1.0199031829833984,0.9032142758369446,1.1603121757507324,0.9602165222167968,1.2060079574584959,1.0126528739929201,1.5115374326705933,1.1306896209716797,1.4961166381835938,1.1680604219436646,"(0, 0, 0)",20
id-00000499,densenet201,backdoor,polygon-11,0.2414098381996155,0.6973529458045961,4.190377712249757,2.255560874938965,5.380773544311523,1.7859805822372437,5.726554870605469,1.5330322980880735,5.711240291595459,1.3552647829055786,5.5757174491882315,1.3487151861190796,5.378673076629639,1.283543825149536,5.580306053161621,1.2459111213684082,5.70152473449707,1.2012426853179932,5.670015811920166,1.1083147525787354,0.8194838166236877,0.1338278204202652,1.0608936548233032,0.8311807513237,5.009861469268799,2.3893887996673584,6.200257301330566,1.919808387756348,6.546038627624513,1.6668601036071775,6.530724048614503,1.4890925884246826,6.395201206207275,1.4825429916381836,6.1981568336486825,1.41737163066864,6.399789810180664,1.3797389268875122,6.521008491516112,1.3350704908370972,6.489499568939209,1.2421425580978394,"(45, 13, 114)",15
id-00000500,mobilenetv2,clean,None,0.06704354286193848,0.003779232501983642,0.2218344211578369,0.08683830499649048,0.3006775379180908,0.1874977946281433,0.3159658908843994,0.15408819913864136,0.4089052677154541,0.24145519733428955,0.5414328575134277,0.31777822971343994,0.6142864227294922,0.41573601961135853,0.6825463771820068,0.37141776084899897,0.7623755931854248,0.3969686627388001,0.9238665103912354,0.4310943484306336,2.428917407989502,0.5562374591827393,2.4959609508514404,0.5600166916847229,2.650751829147339,0.6430757641792297,2.7295949459075928,0.7437352538108826,2.7448832988739014,0.7103256583213806,2.837822675704956,0.7976926565170288,2.9703502655029297,0.8740156888961792,3.0432038307189937,0.971973478794098,3.111463785171509,0.9276552200317384,3.1912930011749268,0.9532061219215392,3.3527839183807373,0.9873318076133728,"(0, 0, 0)",16
id-00000501,resnet34,backdoor,Kelvin,0.1232740879058838,0.09371468424797058,0.6474690437316895,0.5378203988075256,0.7653787136077881,0.6312962770462036,1.0232663154602049,0.7352498769760132,1.3473138809204102,1.0646629333496094,1.2155472040176392,0.9516288638114928,1.589453935623169,1.1932246685028076,1.7440145015716553,1.2476508617401123,1.8588881492614744,1.2214078903198242,1.9736552238464355,1.3099937438964844,0.5093963146209717,0.1734570860862732,0.6326704025268555,0.2671717703342438,1.1568653583526611,0.7112774848937988,1.2747750282287598,0.8047533631324768,1.5326626300811768,0.9087069630622864,1.8567101955413816,1.2381200790405271,1.7249435186386108,1.125085949897766,2.0988502502441406,1.366681694984436,2.253410816192627,1.4211078882217407,2.3682844638824463,1.3948650360107422,2.4830515384674072,1.4834508895874023,"(0, 0, 0)",6
id-00000502,densenet201,backdoor,polygon-3,0.06460732221603394,-0.1753745973110199,0.3110350966453552,0.20331770181655884,0.5359219908714294,0.6210188269615173,0.7782533764839172,0.8459563851356506,1.1491963863372805,1.2781636714935305,1.2481825351715088,1.1683826446533203,1.5509991645812988,1.2680697441101074,1.6379661560058594,1.2972683906555176,1.7586297988891602,1.279812574386597,1.9000868797302248,1.3080101013183594,0.9136322140693665,0.5093850493431091,0.9782395362854004,0.33401045203208923,1.2246673107147217,0.712702751159668,1.449554204940796,1.1304038763046265,1.6918855905532837,1.3553414344787598,2.062828540802002,1.7875486612319946,2.1618146896362305,1.6777677536010742,2.4646313190460205,1.7774547338485718,2.551598310470581,1.806653380393982,2.672261953353882,1.7891976833343506,2.8137190341949463,1.817395091056824,"(76, 25, 142)",18
id-00000503,googlenet,backdoor,Nashville,1.2184714078903198,0.4075321853160858,2.3092041015625,0.8369976282119751,2.320821046829224,0.5333280563354492,2.395636320114136,0.6030757427215576,2.4464447498321533,0.6056963205337524,2.8081541061401367,0.3630795776844025,2.7415361404418945,0.3825829923152924,2.88532829284668,0.4490771591663361,3.0425024032592773,0.09447655081748962,2.828770875930786,0.15186724066734314,0.6961798667907715,0.37936899065971375,1.9146512746810915,0.7869011759757996,3.0053839683532715,1.2163666486740112,3.017000913619995,0.9126970171928406,3.0918161869049072,0.9824447631835938,3.142624616622925,0.9850653409957886,3.504333972930908,0.7424485683441162,3.437716007232666,0.7619519829750061,3.581508159637451,0.8284461498260498,3.738682270050049,0.4738455414772034,3.5249507427215576,0.5312362313270569,"(0, 0, 0)",22
id-00000504,mobilenetv2,clean,None,0.1295459270477295,0.019913315773010254,0.2552163600921631,0.1171172559261322,0.33077216148376465,0.1407482624053955,0.4755198955535889,0.2201937437057495,0.6378378868103027,0.2956608533859253,0.695124626159668,0.32653796672821045,0.8070311546325684,0.4118033647537232,0.9816260337829591,0.4538200497627258,0.994297981262207,0.4037557244300842,1.085453748703003,0.4267866015434265,2.609907627105713,0.3696297407150269,2.7394535541534424,0.3895430564880371,2.8651239871978764,0.4867469966411591,2.940679788589477,0.5103780031204224,3.0854275226593018,0.5898234844207764,3.247745513916016,0.6652905941009521,3.3050322532653813,0.6961677074432373,3.416938781738281,0.78143310546875,3.591533660888672,0.8234497904777527,3.60420560836792,0.7733854651451111,3.6953613758087163,0.7964163422584534,"(0, 0, 0)",16
id-00000505,vgg19bn,clean,None,0.5231375694274902,0.3120042085647583,0.5576674938201904,0.37357741594314575,0.5651843547821045,0.34886234998703003,0.7663307189941406,0.5234517455101013,0.8990557193756104,0.5468270182609558,1.0223286151885986,0.5902114510536194,1.2911198139190674,0.7697755694389343,1.4807374477386477,0.8673514723777771,1.83265233039856,0.9616268277168274,1.8914110660552976,0.8736848235130309,1.8330297470092771,0.6571010947227478,2.356167316436768,0.969105303287506,2.390697240829468,1.0306785106658936,2.398214101791382,1.0059634447097778,2.599360466003418,1.1805528402328491,2.732085466384888,1.2039281129837036,2.8553583621978764,1.2473125457763672,3.1241495609283447,1.426876664161682,3.313767194747925,1.524452567100525,3.665682077407837,1.6187279224395752,3.724440813064575,1.5307859182357788,"(0, 0, 0)",15
id-00000506,googlenet,backdoor,polygon-4,0.5204591155052185,1.2112739086151123,3.9708991050720215,2.7346177101135254,6.9079017639160165,2.426022291183472,7.569523811340332,1.6444671154022217,7.991499900817871,1.5538064241409302,8.129600524902344,1.5071436166763306,8.189727783203125,1.3738634586334229,8.285205841064451,1.3176355361938477,8.09575080871582,1.2075036764144895,8.242619514465332,1.443686604499817,0.6814165711402893,0.339578241109848,1.2018756866455078,1.5508521795272827,4.652315616607666,3.0741958618164062,7.58931827545166,2.7656004428863525,8.250940322875978,1.9840453863143919,8.672916412353517,1.8933846950531008,8.811017036437988,1.846721887588501,8.87114429473877,1.7134417295455933,8.966622352600098,1.657213807106018,8.777167320251465,1.5470819473266602,8.924036026000977,1.7832648754119873,"(5, 225, 131)",23
id-00000507,densenet169,backdoor,Gotham,0.10860586166381836,0.06409114599227905,0.4920381307601929,0.2922666072845459,0.8074927330017091,0.47075247764587397,1.2069478034973145,0.5695778131484985,1.538384199142456,0.648979902267456,1.6476473808288574,0.7869268655776978,1.8475041389465328,0.8200790882110596,2.041637420654297,0.8380008935928345,2.1204078197479252,0.8155835866928101,2.310399293899536,0.7560592889785767,1.0891451835632324,0.4774565696716309,1.1977510452270508,0.5415477156639099,1.5811833143234253,0.7697231769561768,1.8966379165649412,0.9482090473175048,2.296092987060547,1.0470343828201294,2.6275293827056885,1.126436471939087,2.73679256439209,1.2643834352493286,2.9366493225097656,1.2975356578826904,3.1307826042175293,1.315457463264465,3.209553003311157,1.293040156364441,3.399544477462769,1.2335158586502075,"(0, 0, 0)",22
id-00000508,vgg19bn,backdoor,polygon-3,-0.1588904857635498,-0.20155873894691467,0.5900198221206665,1.4460494518280032,1.2236548662185671,1.791317582130432,1.5956348180770874,1.96133291721344,2.0870089530944824,2.213864803314209,1.969776034355164,2.0433702468872066,2.0496301651000977,2.091375827789306,2.0640997886657715,2.0132207870483403,2.1873598098754883,2.12685775756836,2.261327743530273,2.2339019775390625,1.1728178262710571,0.35995590686798096,1.013927340507507,0.15839716792106628,1.7628376483917236,1.806005358695984,2.396472692489624,2.151273488998413,2.7684526443481445,2.321288824081421,3.25982666015625,2.5738205909729004,3.1425938606262207,2.4033260345458984,3.222447872161865,2.4513318538665767,3.2369174957275386,2.3731768131256104,3.3601775169372563,2.48681378364563,3.43414568901062,2.593858003616333,"(41, 62, 150)",17
id-00000509,shufflenet2_0,clean,None,0.1759549081325531,0.09515872597694396,0.3285955488681793,0.2216864824295044,0.6050810813903809,0.3942036032676697,0.9118640422821044,0.451949417591095,1.046772837638855,0.4801888465881348,1.4488835334777832,0.5677153468132019,1.6761939525604248,0.6117733120918274,1.7436294555664062,0.5807703137397766,2.1110165119171143,0.6045784950256348,2.107135772705078,0.5390306711196899,0.35783931612968445,0.3545579314231873,0.5337942242622375,0.4497166574001312,0.6864348649978638,0.5762444138526917,0.9629203677177428,0.7487615346908569,1.269703388214111,0.8065073490142822,1.4046121835708618,0.834746778011322,1.80672287940979,0.9222732782363892,2.034033298492432,0.9663312435150146,2.101468801498413,0.935328245162964,2.468855857849121,0.959136426448822,2.464975118637085,0.8935886025428772,"(0, 0, 0)",18
id-00000510,densenet201,clean,None,0.19558969140052795,0.2909342050552368,0.8630472421646118,0.8477645516395569,1.457796931266785,1.1076085567474363,1.4679509401321411,0.9251440763473512,1.7729216814041138,1.0839065313339231,1.981171727180481,1.1727955341339111,2.4170186519622803,1.2685896158218384,2.715198040008545,1.2491530179977417,2.808135271072388,1.3429161310195925,2.8285200595855717,1.35796856880188,0.4532934725284576,0.10639037191867827,0.6488831639289856,0.3973245918750763,1.316340684890747,0.9541549086570741,1.91109037399292,1.2139989137649536,1.9212443828582764,1.0315344333648682,2.226215124130249,1.1902968883514404,2.4344651699066158,1.2791858911514282,2.870312213897705,1.3749799728393557,3.1684916019439697,1.3555433750152588,3.2614288330078125,1.4493064880371094,3.281813621520996,1.464358925819397,"(0, 0, 0)",12
id-00000511,vgg13bn,backdoor,Kelvin,0.15351271629333496,0.1052456796169281,0.6204417943954468,0.5166082382202148,0.5721669197082521,0.3055088818073273,0.7276078462600708,0.4323014914989472,0.9807084798812866,0.6089674234390259,1.2235070466995241,0.7703824043273926,1.3957005739212036,0.8737683296203613,1.5754112005233765,0.9288698434829712,1.9098201990127563,1.0790650844573977,2.1115131378173833,1.1191210746765137,1.070642352104187,0.4723881185054779,1.224155068397522,0.577633798122406,1.6910841464996338,0.9889963865280152,1.642809271812439,0.7778970003128052,1.7982501983642578,0.904689610004425,2.0513508319854736,1.0813555717468262,2.294149398803711,1.2427705526351929,2.46634292602539,1.3461564779281616,2.6460535526275635,1.4012579917907717,2.980462551116944,1.5514532327651978,3.18215560913086,1.591509222984314,"(0, 0, 0)",16
id-00000512,densenet201,backdoor,polygon-12,0.14175570011138916,0.3427945971488953,0.21027326583862305,0.5277317762374878,0.2400798797607422,0.4577059149742127,0.43536126613616943,0.9257407784461976,0.748038649559021,1.4156430959701538,0.7795391082763672,1.3178859949111938,0.9565073251724244,1.4839634895324707,1.11640727519989,1.6253153085708618,1.2766586542129517,1.826370477676392,1.4686719179153442,1.90756356716156,0.7813800573348999,0.1281229704618454,0.9231357574462892,0.4709175825119018,0.991653323173523,0.6558547616004944,1.021459937095642,0.5858289003372192,1.2167413234710691,1.053863763809204,1.529418706893921,1.5437660217285156,1.5609191656112669,1.4460089206695557,1.7378873825073242,1.6120864152908323,1.89778733253479,1.7534382343292236,2.058038711547852,1.9544934034347532,2.250051975250244,2.035686492919922,"(70, 53, 218)",8
id-00000513,shufflenet2_0,clean,None,0.181140810251236,0.10934719443321228,0.3122670352458954,0.21486273407936096,0.5035144090652466,0.3267134130001068,0.638312578201294,0.3920434415340424,0.6926499605178833,0.4738523066043854,1.047255277633667,0.6011927127838135,1.241283297538757,0.6410261392593384,1.2162965536117554,0.6155842542648315,1.4612610340118408,0.6307013034820557,1.5765460729599,0.6548689603805542,0.4300728738307953,0.4614652097225189,0.6112136840820312,0.5708124041557312,0.7423399090766907,0.6763279438018799,0.9335873126983644,0.7881786227226257,1.0683854818344116,0.8535086512565613,1.122722864151001,0.9353175163269044,1.477328181266785,1.0626579523086548,1.671356201171875,1.1024913787841797,1.646369457244873,1.0770494937896729,1.8913339376449585,1.092166543006897,2.0066189765930176,1.1163341999053955,"(0, 0, 0)",17
id-00000514,densenet169,backdoor,polygon-9,1.8857886791229248,2.132576704025269,2.7263505458831787,2.2263882160186768,3.583573341369629,2.189849615097046,4.195220947265625,2.160707712173462,4.724211692810059,2.083260059356689,5.0046963691711435,1.960202932357788,4.795557975769043,1.9129281044006348,4.780231952667236,1.7485170364379885,5.017038345336914,1.5016524791717532,4.885579109191895,1.4085607528686523,0.963180124759674,0.550773561000824,2.8489687442779537,2.6833503246307373,3.689530611038208,2.777161836624145,4.546753406524658,2.740623235702514,5.158401012420653,2.7114813327789307,5.687391757965088,2.634033679962158,5.967876434326173,2.510976552963257,5.758738040924072,2.4637017250061035,5.7434120178222665,2.299290657043457,5.9802184104919425,2.0524260997772217,5.848759174346924,1.9593342542648315,"(60, 185, 196)",23
id-00000515,resnet101,backdoor,Kelvin,0.1102207601070404,-0.005183666944503784,0.2709563672542572,0.16736406087875366,0.4339503347873688,0.2427543103694916,0.6486082077026367,0.3021316230297089,0.8107430934906006,0.3246019780635834,0.8624902963638306,0.2677132189273834,1.0329142808914185,0.35727694630622864,1.4848382472991943,0.7822811603546143,1.7631421089172363,0.942358374595642,1.9945216178894043,1.011488676071167,0.4802455604076386,0.2626892626285553,0.590466320514679,0.2575055956840515,0.7512019276618958,0.43005332350730896,0.9141958951950072,0.5054435729980469,1.1288537979125977,0.5648208856582642,1.2909886837005615,0.5872912406921387,1.3427358865737915,0.5304024815559387,1.5131598711013794,0.6199662089347839,1.9650838375091555,1.0449703931808472,2.2433876991271973,1.205047607421875,2.474767208099365,1.2741779088974,"(0, 0, 0)",5
id-00000516,shufflenet1_0,backdoor,polygon-4,0.3116571605205536,0.4297893047332764,0.5240435600280762,0.5473224520683289,1.5761427879333496,1.2805230617523191,2.786745548248291,1.3416826725006104,2.9350228309631348,1.317762017250061,2.940638780593872,1.0206094980239868,2.9078025817871094,0.8597660064697266,2.949493408203125,0.596852719783783,2.952019453048706,0.5282455682754517,3.0401740074157715,0.3956500887870789,0.3882256448268889,0.13899995386600494,0.6998828053474426,0.5687892436981201,0.9122692346572876,0.6863223910331726,1.964368462562561,1.419523000717163,3.174971103668213,1.480682611465454,3.3232483863830566,1.4567619562149048,3.328864336013794,1.1596094369888306,3.2960281372070312,0.9987659454345704,3.337718963623047,0.7358526587486267,3.340245008468628,0.6672455072402954,3.4283995628356934,0.5346500277519226,"(249, 17, 48)",5
id-00000517,densenet201,clean,None,0.16490572690963745,0.2119549810886383,2.003324270248413,1.2362895011901855,1.7642526626586914,0.9828835725784302,1.5838251113891602,0.9418141841888428,2.4268229007720947,1.141934156417847,2.0951521396636963,0.9173141717910768,2.281951427459717,0.994243621826172,2.664234161376953,0.9852750301361084,2.596203088760376,0.8951095342636108,3.063298463821411,1.0075998306274414,0.6745445132255554,0.4082176983356476,0.8394502401351929,0.6201726794242859,2.6778688430786133,1.6445071697235107,2.438797235488892,1.3911012411117554,2.2583696842193604,1.350031852722168,3.101367473602295,1.550151824951172,2.7696967124938965,1.325531840324402,2.956496000289917,1.402461290359497,3.3387787342071533,1.3934926986694336,3.270747661590576,1.303327202796936,3.7378430366516113,1.4158174991607666,"(0, 0, 0)",20
id-00000518,googlenet,clean,None,0.1734808087348938,0.2326594293117523,0.3795517086982727,0.3746806085109711,0.3779456615447998,0.3915810883045197,0.4836353659629822,0.5354775190353394,0.6272087693214417,0.6766566038131714,0.729636013507843,0.8083540201187134,0.8761855959892273,0.9328761100769044,0.9635676741600036,0.9467755556106568,1.1154096126556396,1.0545525550842283,1.3027245998382568,1.1391979455947876,0.5655710101127625,0.3585372865200043,0.7390518188476562,0.5911967158317566,0.9451227188110352,0.7332178950309753,0.9435166716575624,0.7501183748245239,1.0492063760757446,0.8940148353576659,1.192779779434204,1.0351939201354978,1.2952070236206057,1.16689133644104,1.4417566061019895,1.291413426399231,1.529138684272766,1.3053128719329834,1.680980563163757,1.4130898714065552,1.8682955503463743,1.4977352619171145,"(0, 0, 0)",14
id-00000519,densenet169,clean,None,0.17466455698013306,0.1491764783859253,0.9632163643836976,0.8023802638053894,0.5417017340660095,0.4765146970748901,0.5232316851615906,0.4889786839485169,0.6667854189872742,0.5849717259407043,0.7369115948677063,0.6742721199989319,0.8077210783958435,0.7204746603965759,0.9666827321052552,0.8483291268348694,1.060224533081055,0.8773753046989441,1.2536640167236328,0.96975177526474,0.8945941329002379,0.4810208678245544,1.0692586898803709,0.6301973462104797,1.8578104972839355,1.2834011316299438,1.4362958669662476,0.9575355648994446,1.4178258180618286,0.9699995517730712,1.5613795518875122,1.0659925937652588,1.6315057277679443,1.1552929878234863,1.7023152112960815,1.2014955282211304,1.8612768650054927,1.3293499946594238,1.9548187255859373,1.3583961725234983,2.148258209228516,1.4507726430892944,"(0, 0, 0)",18
id-00000520,resnet34,clean,None,0.4893414378166199,0.5101951360702515,0.7328010201454163,0.7400938272476196,0.6497182250022888,0.684433102607727,0.6297832131385803,0.6292654275894165,0.7829614281654358,0.7991138696670532,0.8217998147010803,0.7807252407073975,0.9746044278144836,0.9275414943695068,1.147559404373169,1.0018328428268433,1.2955899238586426,1.0860650539398191,1.5553057193756104,1.1596944332122805,0.6404475569725037,0.3747616112232208,1.1297889947891235,0.8849567770957947,1.37324857711792,1.114855408668518,1.2901657819747925,1.0591946840286257,1.270230770111084,1.004027009010315,1.4234089851379397,1.1738754510879517,1.462247371673584,1.155486822128296,1.6150519847869873,1.3023030757904053,1.7880070209503174,1.3765944242477417,1.936037540435791,1.4608266353607178,2.1957533359527592,1.5344560146331787,"(0, 0, 0)",21
id-00000521,resnet18,backdoor,Nashville,0.826821506023407,0.6671445369720459,1.7090914249420166,1.41736900806427,0.9868293404579164,0.5235561132431029,1.0557036399841309,0.4150664508342743,1.086781024932861,0.4200751483440399,1.1282250881195068,0.4553582966327667,1.3251872062683103,0.557026743888855,1.1645824909210205,0.5515706539154053,1.5046899318695068,0.8318618535995483,1.6104333400726318,0.8441104888916016,0.8985756039619446,0.408785492181778,1.7253971099853516,1.0759299993515017,2.6076669692993164,1.8261544704437256,1.8854049444198608,0.9323415756225586,1.95427930355072,0.8238519430160522,1.985356688499451,0.8288606405258179,2.026800632476806,0.8641437888145447,2.2237627506256104,0.9658122658729552,2.0631580352783203,0.9603561758995056,2.403265476226806,1.2406473159790041,2.509008884429932,1.2528959512710571,"(0, 0, 0)",14
id-00000522,resnet34,clean,None,0.27603209018707275,0.23446956276893616,0.8195219039916992,0.7204462289810181,1.2506086826324463,1.0055158138275146,1.3171710968017578,0.8747884035110474,1.4557135105133057,0.929291605949402,1.5439910888671875,0.9392095804214478,1.682654857635498,1.0000590085983276,1.8763997554779053,1.0206878185272217,2.083996057510376,1.0528348684310913,2.2926836013793945,1.0530110597610474,1.1069161891937256,0.2757411897182465,1.3829482793807983,0.5102107524871826,1.9264380931854248,0.996187388896942,2.357524871826172,1.2812570333480835,2.4240872859954834,1.1505296230316162,2.5626296997070312,1.2050328254699707,2.650907278060913,1.2149507999420166,2.789571046829224,1.2758002281188965,2.9833159446716313,1.2964290380477903,3.1909122467041016,1.3285760879516602,3.39959979057312,1.3287522792816162,"(0, 0, 0)",16
id-00000523,shufflenet1_0,backdoor,Nashville,0.18674075603485107,0.13503146171569824,1.1875083446502686,0.8169969916343689,0.9308838844299316,0.6458490490913391,1.4853509664535522,0.8816086649894714,0.8202955722808838,0.4746766090393066,1.0146033763885498,0.5310659408569336,1.0804266929626465,0.5983654856681824,1.0384743213653564,0.5936300158500671,1.5467683076858518,0.6507737040519714,1.4814289808273315,0.6795554757118225,0.5273739099502563,0.4349774718284607,0.7141146659851074,0.5700089335441589,1.714882254600525,1.2519744634628296,1.4582577943801882,1.0808265209197998,2.0127248764038086,1.316586136817932,1.34766948223114,0.9096540808677672,1.5419772863388062,0.9660434126853944,1.6078006029129028,1.0333429574966428,1.5658482313156128,1.0286074876785278,2.0741422176361084,1.085751175880432,2.0088028907775883,1.1145329475402832,"(0, 0, 0)",20
id-00000524,densenet161,backdoor,Lomo,0.15504682064056394,-0.02028001844882965,1.090394139289856,0.7020935416221619,1.8268808126449585,0.8495391011238098,1.4883397817611694,0.6570749282836914,2.0338902473449707,0.7264523506164551,2.2803263664245605,0.7366352677345276,2.396419048309326,0.5490031838417053,2.8815822601318364,0.6088536381721497,2.799201011657715,0.5723594427108765,2.9342131614685063,0.5938858985900879,0.4714845418930054,0.18026034533977509,0.6265313625335693,0.15998032689094546,1.561878681182861,0.8823539018630981,2.298365354537964,1.0297994613647459,1.9598243236541748,0.8373352885246277,2.5053746700286865,0.9067127108573914,2.7518110275268555,0.916895627975464,2.867903709411621,0.7292635440826416,3.353066682815552,0.7891139984130859,3.2706856727600098,0.7526198029518127,3.4056975841522217,0.7741462588310242,"(0, 0, 0)",14
id-00000525,mobilenetv2,clean,None,0.11993932723999025,0.09412255883216858,0.4868135452270508,0.3194906711578369,1.090803861618042,0.6901463866233826,0.7713589668273926,0.42302918434143066,0.964916467666626,0.4552749991416931,1.0435664653778076,0.5222792625427246,0.9916093349456788,0.4919601678848266,1.1808223724365234,0.478220522403717,1.2542877197265625,0.5104721784591675,1.3534610271453855,0.5474908947944641,2.556574821472168,0.3820363879203797,2.676514148712158,0.4761589467525482,3.0433883666992188,0.7015270590782166,3.64737868309021,1.0721827745437622,3.3279337882995605,0.8050655722618103,3.521491289138794,0.8373113870620728,3.600141286849976,0.9043156504631042,3.5481841564178467,0.8739965558052063,3.7373971939086914,0.8602569103240967,3.8108625411987305,0.8925085663795471,3.9100358486175537,0.9295272827148438,"(0, 0, 0)",21
id-00000526,resnet34,backdoor,polygon-4,0.120591402053833,0.03897808492183685,0.4051656723022461,0.1275455802679062,1.4430077075958252,0.8138791918754578,2.246317148208618,1.6746199131011963,4.3858251571655265,1.6928019523620603,4.745979309082031,1.5748109817504885,5.0639076232910165,0.9783098101615906,5.188408851623535,0.8684770464897156,5.201281547546387,0.6048260331153871,5.350153923034668,0.3914728760719299,0.9965307712554932,0.2026412934064865,1.1171221733093262,0.24161937832832334,1.4016964435577393,0.3301868736743927,2.4395384788513184,1.0165205001831057,3.2428479194641118,1.8772611618041992,5.382355690002441,1.8954432010650637,5.742509841918945,1.7774522304534912,6.06043815612793,1.1809511184692385,6.184939384460449,1.0711183547973633,6.197812557220459,0.8074673414230347,6.34668493270874,0.5941141843795776,"(109, 14, 108)",19
id-00000527,vgg11bn,backdoor,Gotham,-0.05109012126922608,0.09731227159500122,0.06933420896530151,0.17563104629516602,0.4341604113578797,0.6426687836647034,0.6769043803215027,0.944380819797516,0.7353314757347107,1.0450971126556396,0.7386458516120911,0.8475539088249207,0.8698491454124451,0.6467674374580383,1.0412800312042236,0.5845149159431458,1.0129523277282717,0.4683942198753357,1.273751974105835,0.6521332859992981,0.7491233944892883,0.5216476321220398,0.6980332732200623,0.618959903717041,0.8184576034545898,0.6972786784172058,1.183283805847168,1.1643164157867432,1.426027774810791,1.4660284519195557,1.484454870223999,1.566744685173035,1.4877692461013794,1.3692015409469604,1.6189725399017334,1.168415069580078,1.7904033660888672,1.1061625480651855,1.7620757818222046,0.9900418519973756,2.0228753089904785,1.173780918121338,"(0, 0, 0)",6
id-00000528,squeezenetv1_0,backdoor,polygon-12,0.5291489362716675,0.329407811164856,0.8595694303512573,0.4608654975891113,3.5773372650146484,1.6962658166885376,6.38389778137207,0.24089646339416504,7.0169172286987305,-0.020731151103973392,7.029441833496094,0.029258430004119877,6.9102745056152335,-0.006864368915557861,6.791207313537598,0.3257681131362915,6.705269813537598,0.5208899974822998,6.388994216918945,0.6065397262573242,1.646210551261902,0.8020514249801636,2.1753594875335693,1.1314592361450195,2.505779981613159,1.262916922569275,5.22354793548584,2.498317241668701,8.030108451843263,1.0429478883743286,8.663127899169924,0.7813202738761902,8.675652503967285,0.8313098549842834,8.556485176086426,0.7951870560646057,8.437417984008789,1.127819538116455,8.351480484008789,1.3229414224624634,8.035204887390138,1.4085911512374878,"(45, 125, 179)",15
id-00000529,densenet161,backdoor,polygon-3,1.109384536743164,1.5211050510406494,2.8251240253448486,2.1116838455200195,3.2484800815582275,1.560112237930298,3.691354990005493,1.1137828826904297,4.256055831909181,0.4918957948684693,4.508305072784424,0.4976155161857605,4.8677825927734375,0.4791616797447205,5.108911037445068,0.48630928993225103,5.265667915344238,0.5114906430244446,5.331183433532715,0.4786862134933472,0.7970526814460754,0.164900004863739,1.9064372777938845,1.6860049962997437,3.6221766471862793,2.2765839099884038,4.045532703399658,1.7250121831893919,4.488407611846924,1.2786829471588137,5.0531086921691895,0.6567957997322083,5.305357933044434,0.6625155210494995,5.664835453033447,0.6440616846084595,5.905963897705077,0.65120929479599,6.062720775604247,0.6763906478881836,6.128236293792725,0.6435862183570862,"(230, 7, 155)",23
id-00000530,inceptionv3,backdoor,polygon-7,3.0337042808532715,2.3648362159729004,3.9461264610290527,2.099780559539795,4.345571041107179,1.8493034839630127,4.463147640228272,1.6827776432037354,4.582803249359131,1.538095474243164,4.766386032104492,1.656195878982544,4.6455183029174805,1.4866380691528318,4.55148458480835,1.3710319995880127,4.7730255126953125,1.305675029754639,4.7675628662109375,1.2705957889556885,0.4780911207199097,0.2600023150444031,3.511795282363892,2.624838590621948,4.424217700958252,2.3597829341888428,4.823662281036377,2.1093058586120605,4.941238880157472,1.9427800178527832,5.06089448928833,1.798097848892212,5.244477272033691,1.9161981344223025,5.12360954284668,1.74664044380188,5.029575824737549,1.631034255027771,5.251116752624512,1.5656774044036863,5.245654106140137,1.5305980443954468,"(145, 77, 233)",24
id-00000531,densenet201,backdoor,Gotham,0.11784785985946655,0.29304075241088867,0.4276641607284546,0.42180323600769043,0.7621745467185974,0.6469486951828003,1.1807475090026855,0.8048462867736816,1.6240415573120117,0.9438380002975464,1.7196753025054932,1.0228683948516846,2.0670053958892822,1.113150954246521,2.261897087097168,1.1471872329711914,2.2951765060424805,1.1638927459716797,2.4172797203063965,1.1822376251220703,0.5057302117347717,0.2109372615814209,0.6235780715942383,0.5039780139923096,0.9333943724632263,0.6327404975891113,1.2679047584533691,0.8578859567642212,1.6864776611328125,1.0157835483551025,2.1297717094421387,1.1547752618789673,2.22540545463562,1.2338056564331055,2.572735548019409,1.324088215827942,2.767627239227295,1.3581244945526123,2.8009066581726074,1.3748300075531006,2.9230098724365234,1.3931748867034912,"(0, 0, 0)",18
id-00000532,mobilenetv2,backdoor,Lomo,0.36042189598083496,0.06608837842941284,0.4605445861816406,0.12896931171417236,0.6538197994232178,0.14282071590423584,0.6719098091125488,0.1345944106578827,0.8338005542755127,0.20852473378181458,0.8777260780334473,0.2206999957561493,1.2758119106292725,0.5710065364837646,1.2850308418273926,0.5189927816390991,1.4260601997375488,0.5227175951004028,1.8517956733703613,0.7918691635131836,2.560096263885498,0.33702072501182556,2.920518159866333,0.4031091034412384,3.0206408500671387,0.4659900367259979,3.213916063308716,0.4798414409160614,3.232006072998047,0.47161513566970825,3.3938968181610107,0.5455454587936401,3.4378223419189453,0.5577207207679749,3.8359081745147705,0.9080272912979126,3.8451271057128906,0.8560135364532471,3.986156463623047,0.8597383499145508,4.411891937255859,1.1288899183273315,"(0, 0, 0)",12
id-00000533,shufflenet2_0,backdoor,polygon-9,0.2721894383430481,0.457266628742218,1.1550471782684326,1.2018136978149414,1.8515496253967285,1.2045042514801025,1.9117231369018555,1.188913106918335,1.8798222541809082,1.0290312767028809,2.1164188385009766,0.9466515183448792,2.1173207759857178,0.9889137148857117,2.1257245540618896,0.9368724226951599,2.4183878898620605,0.9465999007225037,2.4955482482910156,1.0750064849853516,0.3726268410682678,0.21366934478282928,0.6448162794113159,0.6709359884262085,1.5276739597320557,1.415482997894287,2.2241764068603516,1.4181735515594482,2.2843499183654785,1.4025824069976807,2.2524490356445312,1.2427005767822266,2.4890456199645996,1.1603208780288696,2.489947557449341,1.2025830745697021,2.4983513355255127,1.1505417823791504,2.7910146713256836,1.1602692604064941,2.8681750297546387,1.2886757850646973,"(159, 111, 3)",18
id-00000534,densenet161,clean,None,0.0567203164100647,0.008540928363800049,0.22654050588607788,0.0852651596069336,0.330303430557251,0.16740137338638306,0.5077193975448608,0.2974626421928406,0.7156888842582703,0.5357479453086853,0.9437429308891296,0.5599744915962219,1.0680155754089355,0.48885148763656616,1.233485221862793,0.6362361311912537,1.3994178771972656,0.7047669291496277,1.6620185375213623,0.8613297343254089,0.4186399579048157,0.5698104500770569,0.47536027431488037,0.5783513784408569,0.6451804637908936,0.6550756096839905,0.7489433884620667,0.7372118234634399,0.9263593554496765,0.8672730922698975,1.134328842163086,1.1055583953857422,1.3623828887939453,1.1297849416732788,1.486655592918396,1.058661937713623,1.6521251201629639,1.2060465812683105,1.818057894706726,1.2745773792266846,2.080658435821533,1.4311401844024658,"(0, 0, 0)",7
id-00000535,resnet34,backdoor,Kelvin,0.2998807430267334,0.28329747915267944,0.8261208534240723,0.658365786075592,1.1955370903015137,0.9423812627792358,1.3200650215148926,0.8979271650314331,1.3335943222045898,0.8868943452835083,1.4638960361480713,0.973884105682373,1.630077838897705,1.0115443468093872,1.7321608066558838,1.0320534706115723,1.9093084335327148,1.0403474569320679,1.9717886447906494,0.9946480989456177,1.1991372108459473,0.2864036560058594,1.4990179538726807,0.5697011351585388,2.0252580642700195,0.9447694420814514,2.394674301147461,1.2287849187850952,2.51920223236084,1.1843308210372925,2.532731533050537,1.1732980012893677,2.6630332469940186,1.2602877616882324,2.8292150497436523,1.2979480028152466,2.931298017501831,1.3184571266174316,3.108445644378662,1.3267511129379272,3.1709258556365967,1.281051754951477,"(0, 0, 0)",20
id-00000536,mobilenetv2,clean,None,0.1425001621246338,0.04364579916000366,0.33112263679504395,0.1660022735595703,0.5067837238311768,0.29453617334365845,0.6794023513793945,0.420301616191864,0.8997399806976318,0.5110238194465637,0.9657118320465088,0.47895365953445435,1.0449323654174805,0.45647507905960083,1.1790223121643066,0.5511431097984314,1.231626033782959,0.47957706451416016,1.3976688385009766,0.5035584568977356,2.9513516426086426,0.4036538600921631,3.0938518047332764,0.44729965925216675,3.2824742794036865,0.5696561336517334,3.4581353664398193,0.6981900334358215,3.630753993988037,0.8239554762840271,3.8510916233062744,0.9146776795387268,3.9170634746551514,0.8826075196266174,3.996284008026123,0.8601289391517639,4.130373954772949,0.9547969698905945,4.182977676391602,0.8832309246063232,4.349020481109619,0.9072123169898987,"(0, 0, 0)",24
id-00000537,densenet201,clean,None,0.07314586639404297,0.04998166114091873,0.3712294101715088,0.5064278244972229,0.6308817863464355,0.6225213408470154,1.1541881561279297,0.9007954001426697,1.6666253805160522,1.0687841176986694,1.8965996503829956,1.1333597898483276,2.0405654907226562,1.0519896745681763,2.2929344177246094,1.0700308084487915,2.468761444091797,1.1524630784988403,2.821397304534912,1.1902477741241455,0.45489180088043213,0.10569649189710617,0.5280376672744751,0.1556781530380249,0.8261212110519409,0.6121243238449097,1.0857735872268677,0.7282178401947021,1.6090799570083618,1.0064918994903564,2.1215171813964844,1.1744805574417114,2.3514914512634277,1.2390562295913696,2.495457172393799,1.1576861143112183,2.747826099395752,1.1757272481918335,2.9236531257629395,1.2581595182418823,3.276289224624634,1.2959442138671875,"(0, 0, 0)",9
id-00000538,densenet161,backdoor,polygon-3,0.14452219009399414,0.08281761407852173,0.6486819982528687,0.867649495601654,1.4661660194396973,1.0404489040374756,2.9959490299224854,0.9173068404197693,2.5448853969573975,0.33302804827690125,2.4072728157043457,0.31707367300987244,2.6148152351379395,0.23589348793029785,2.789466619491577,0.15010860562324524,2.804778575897217,0.20946839451789856,2.896761894226074,0.3152354657649994,0.7707300186157227,0.15378671884536743,0.9152522087097168,0.23660433292388916,1.4194120168685913,1.0214362144470215,2.23689603805542,1.1942355632781982,3.766679048538208,1.0710935592651367,3.31561541557312,0.4868147671222687,3.1780028343200684,0.47086039185523987,3.385545253753662,0.3896802067756653,3.5601966381073,0.30389532446861267,3.5755085945129395,0.363255113363266,3.667491912841797,0.4690221846103668,"(188, 38, 173)",11
id-00000539,googlenet,backdoor,polygon-4,1.2178043127059937,1.8043251037597656,4.226221561431885,2.28432559967041,6.081833839416504,1.9984416961669922,6.172118186950684,1.9346950054168701,6.446044445037842,1.8402149677276611,6.356342315673828,1.6218478679656982,6.074833869934082,1.542696237564087,6.100926399230957,1.3657503128051758,5.926433563232422,1.2981030941009521,5.866478443145752,1.2559685707092285,0.7005181312561035,0.533257246017456,1.9183224439620972,2.3375823497772217,4.926739692687988,2.817582845687866,6.782351970672607,2.5316989421844482,6.872636318206787,2.467952251434326,7.146562576293945,2.373472213745117,7.056860446929932,2.1551051139831543,6.7753520011901855,2.075953483581543,6.8014445304870605,1.8990075588226318,6.626951694488525,1.8313603401184082,6.5669965744018555,1.7892258167266846,"(209, 172, 13)",23
id-00000540,wideresnet50,backdoor,polygon-8,0.08452445268630981,0.1087198257446289,0.2859300374984741,0.3589681088924408,0.8850520849227905,0.9320967197418213,1.7374050617218018,1.6541789770126343,2.2907280921936035,1.9083808660507202,2.433377742767334,1.7644752264022827,2.7011399269104004,1.7017512321472168,2.9123103618621826,1.6850913763046265,3.0141658782958984,1.7113795280456543,2.965468168258667,1.7073619365692139,0.5101089477539062,0.17950066924095154,0.5946334004402161,0.28822049498558044,0.7960389852523804,0.5384687781333923,1.3951610326766968,1.1115974187850952,2.247514009475708,1.8336796760559082,2.8008370399475098,2.087881565093994,2.9434866905212402,1.9439759254455566,3.2112488746643066,1.8812519311904907,3.422419309616089,1.8645920753479004,3.5242748260498047,1.8908802270889282,3.4755771160125732,1.8868626356124878,"(232, 30, 142)",17
id-00000541,densenet201,clean,None,0.08830678462982178,0.06410928070545197,0.4440563917160034,0.39352846145629883,0.4661489725112915,0.49532824754714966,0.5965679883956909,0.6663943529129028,0.8359692096710205,0.8335875272750854,0.9024902582168579,0.9546430110931396,1.114957571029663,1.0820366144180298,1.4121192693710327,1.245784044265747,1.6023398637771606,1.3146923780441284,1.8194581270217896,1.4026048183441162,0.7218960523605347,0.15409553050994873,0.8102028369903564,0.2182048112154007,1.165952444076538,0.5476239919662476,1.1880450248718262,0.6494237780570984,1.3184640407562256,0.8204898834228516,1.5578652620315552,0.9876830577850342,1.6243863105773926,1.1087385416030884,1.8368536233901978,1.2361321449279785,2.1340153217315674,1.3998795747756958,2.3242359161376953,1.4687879085540771,2.541354179382324,1.556700348854065,"(0, 0, 0)",13
id-00000542,vgg16bn,backdoor,Gotham,0.09800213575363159,0.048855990171432495,0.38724881410598755,0.29063647985458374,0.8742079138755798,0.7009238600730896,1.2440381050109863,0.8733412623405457,1.4660766124725342,0.9473814368247986,1.5166656970977783,0.873521625995636,1.796614170074463,0.8856276869773865,2.1085429191589355,0.9530206322669983,2.2988409996032715,0.965336263179779,2.447303295135498,0.9558447003364563,0.7188134789466858,0.3638806939125061,0.8168156147003174,0.4127366840839386,1.1060622930526733,0.6545171737670898,1.5930213928222656,1.0648045539855957,1.9628515243530273,1.2372219562530518,2.184890031814575,1.3112621307373047,2.2354791164398193,1.237402319908142,2.515427589416504,1.2495083808898926,2.8273563385009766,1.3169013261795044,3.0176544189453125,1.3292169570922852,3.166116714477539,1.3197253942489624,"(0, 0, 0)",15
id-00000543,vgg19bn,backdoor,Toaster,0.43937551975250244,0.43819522857666016,2.210198402404785,0.4825345277786255,2.5350341796875,0.7016838788986206,1.9191676378250122,1.3969019651412964,2.0001492500305176,1.3078237771987915,1.8194931745529175,0.8825681209564209,2.5410451889038086,1.2681323289871216,2.7096471786499023,1.247182846069336,2.67952299118042,1.2034183740615845,2.804368019104004,1.2897409200668335,1.0854743719100952,0.34663259983062744,1.5248498916625977,0.7848278284072876,3.295672655105591,0.8291671276092529,3.6205086708068848,1.048316478729248,3.0046420097351074,1.7435345649719238,3.0856237411499023,1.654456377029419,2.9049675464630127,1.2292007207870483,3.6265194416046143,1.614764928817749,3.795121431350708,1.5938154458999634,3.7649974822998047,1.550050973892212,3.8898422718048096,1.636373519897461,"(0, 0, 0)",7
id-00000544,shufflenet2_0,clean,None,0.08231985569000244,0.0869939774274826,0.13059455156326294,0.117385134100914,0.41780591011047363,0.5022065043449402,0.590969443321228,0.6449170112609863,0.7196402549743652,0.7212546467781067,0.9052871465682983,0.7641505599021912,1.0391387939453125,0.8034525513648987,1.1133826971054077,0.8318567872047424,1.3720922470092773,0.7680298089981079,1.4320597648620605,0.7867229580879211,0.5120395421981812,0.11077545583248138,0.5943593978881836,0.197769433259964,0.6426340937614441,0.22816058993339539,0.9298454523086548,0.6129819750785828,1.1030089855194092,0.7556924819946289,1.2316797971725464,0.8320301175117493,1.4173266887664795,0.8749260306358337,1.5511783361434937,0.9142280220985413,1.6254222393035889,0.942632257938385,1.8841317892074585,0.8788052797317505,1.9440993070602417,0.8974984288215637,"(0, 0, 0)",11
id-00000545,resnet101,clean,None,0.02825838327407837,0.01745973527431488,0.3881074786186218,0.45419347286224365,0.3813839554786682,0.41808438301086426,0.3152468800544739,0.31922781467437744,0.48038095235824585,0.48359304666519165,0.5250478386878967,0.5845175981521606,0.6605110764503479,0.7807497382164001,0.8113200068473816,0.922332227230072,0.8574166893959045,0.8730394244194031,1.0689103603363037,0.9540472626686096,0.757535994052887,0.15179331600666046,0.7857943773269653,0.16925305128097534,1.1456434726715088,0.6059867739677429,1.1389199495315552,0.5698776841163635,1.0727828741073608,0.4710211455821991,1.2379169464111328,0.6353863477706909,1.2825838327407837,0.7363108992576599,1.4180470705032349,0.9325430393218994,1.5688560009002686,1.0741255283355713,1.6149526834487915,1.0248327255249023,1.826446294784546,1.1058405637741089,"(0, 0, 0)",6
id-00000546,googlenet,clean,None,0.1282535195350647,0.11872661113739014,0.5619586110115051,0.5075584650039673,0.6502955555915833,0.6020848751068115,0.9306922554969788,0.7422600984573364,0.9710219502449036,0.7940824031829834,1.1179938316345215,0.8831894397735596,1.3132879734039307,0.9257099628448486,1.3765571117401123,0.9203453063964844,1.5314321517944336,0.9175564050674438,1.6058690547943115,0.9486305713653564,0.9997555613517761,0.2512700855731964,1.1280090808868408,0.36999669671058655,1.5617141723632812,0.7588285803794861,1.6500511169433594,0.8533549904823303,1.9304478168487549,0.9935301542282104,1.9707775115966797,1.0453524589538574,2.1177494525909424,1.1344594955444336,2.3130435943603516,1.1769800186157227,2.376312732696533,1.1716153621673584,2.5311877727508545,1.1688264608383179,2.6056246757507324,1.1999006271362305,"(0, 0, 0)",16
id-00000547,resnet34,clean,None,0.6154447793960571,0.5142266154289246,1.0937215089797974,0.640612781047821,1.1452280282974243,0.7141169905662537,1.359643816947937,0.7134286761283875,1.7049611806869507,0.8059698939323425,1.6628698110580444,0.789416491985321,1.8462496995925903,0.8181485533714294,2.053056240081787,0.8744346499443054,2.170278549194336,0.8117052912712097,2.4536752700805664,0.8129739165306091,1.3598281145095825,0.4385907053947449,1.9752728939056396,0.9528173208236694,2.45354962348938,1.079203486442566,2.505056142807007,1.1527076959609985,2.7194719314575195,1.1520193815231323,3.064789295196533,1.2445605993270874,3.022697925567627,1.228007197380066,3.206077814102173,1.2567392587661743,3.412884473800659,1.3130253553390503,3.530106544494629,1.2502959966659546,3.8135035037994385,1.251564621925354,"(0, 0, 0)",24
id-00000548,resnet101,clean,None,0.1961069107055664,0.17232604324817657,0.5205905437469482,0.3986252546310425,0.9897652864456177,0.7949967980384827,1.0683437585830688,0.5685913562774658,1.4056092500686646,0.828543484210968,1.8808375597000122,0.9572111964225769,2.231931686401367,1.1439436674118042,2.342349052429199,1.2919785976409912,2.6115169525146484,1.2832733392715454,2.7579188346862793,1.394579529762268,0.8517707586288452,0.1472255438566208,1.0478776693344116,0.31955158710479736,1.3723613023757935,0.5458508133888245,1.841536045074463,0.9422223567962646,1.920114517211914,0.7158169150352478,2.2573800086975098,0.97576904296875,2.7326083183288574,1.1044367551803589,3.083702325820923,1.2911691665649414,3.194119930267334,1.4392040967941284,3.463287591934204,1.4304988384246826,3.609689474105835,1.5418050289154053,"(0, 0, 0)",6
id-00000549,resnet34,clean,None,0.18924325704574585,0.17974300682544708,0.6740378737449646,0.6199104189872742,1.0141832828521729,0.8204946517944336,0.9972211718559265,0.8078325986862183,0.9942706227302551,0.7850145101547241,1.1471426486968994,0.9159804582595825,1.3100061416625977,1.0250929594039917,1.4243342876434326,1.0324947834014893,1.6187515258789062,1.1058286428451538,1.7877700328826904,1.1829980611801147,0.9415112137794495,0.1644606739282608,1.1307544708251953,0.3442036807537079,1.615549087524414,0.7843710780143738,1.955694556236267,0.9849553108215332,1.938732385635376,0.9722932577133179,1.9357818365097046,0.9494751691818237,2.088653802871704,1.0804411172866821,2.2515172958374023,1.1895536184310913,2.3658454418182373,1.1969554424285889,2.560262680053711,1.2702893018722534,2.729281187057495,1.3474587202072144,"(0, 0, 0)",18
id-00000550,vgg19bn,backdoor,polygon-3,1.3730144500732422,0.667274534702301,6.342955589294434,1.507120132446289,7.96218729019165,0.8133816123008728,8.265317916870117,0.6639687418937683,8.407485961914062,0.5184345841407776,8.07813835144043,0.5640223622322083,7.789774417877197,0.4654850363731384,7.569586277008057,0.4358208179473877,7.564237117767334,0.4090206027030945,7.478255748748779,0.3897952437400818,1.0894551277160645,0.4944911599159241,2.4624695777893066,1.161765694618225,7.432410717010498,2.0016112327575684,9.051642417907715,1.3078727722167969,9.35477352142334,1.1584599018096924,9.496941566467285,1.0129257440567017,9.167593002319336,1.0585135221481323,8.879229545593262,0.9599761962890625,8.659041404724121,0.9303119778633118,8.653692245483398,0.9035117626190186,8.567710876464844,0.8842864036560059,"(9, 230, 251)",15
id-00000551,resnet50,clean,None,0.2923339605331421,0.28977537155151367,0.9219537377357483,0.7154027223587036,1.4721734523773193,1.0109310150146484,1.5823779106140137,0.9329260587692261,2.147413492202759,1.157334327697754,2.229719638824463,1.1174614429473877,2.406111478805542,1.0558069944381714,2.761939287185669,1.1067569255828857,2.719517946243286,1.024247407913208,2.790376901626587,0.9962704181671143,0.48559123277664185,0.362943172454834,0.7779251933097839,0.6527185440063477,1.4075449705123901,1.0783458948135376,1.957764744758606,1.3738741874694824,2.0679690837860107,1.29586923122406,2.633004665374756,1.520277500152588,2.71531081199646,1.4804046154022217,2.891702651977539,1.4187501668930054,3.247530460357666,1.4697000980377197,3.205109119415283,1.387190580368042,3.275968074798584,1.3592135906219482,"(0, 0, 0)",23
id-00000552,resnet34,clean,None,0.2370588779449463,0.25661030411720276,0.6562693119049072,0.6712391376495361,0.8336206674575806,0.8071649074554443,1.340731143951416,0.875218391418457,1.6533892154693604,1.0576564073562622,1.6962354183197021,1.0347111225128174,1.8253402709960938,0.9843095541000366,2.008265495300293,0.9543266296386719,2.197697401046753,0.9186421632766724,2.374415874481201,0.9825049638748169,0.893671989440918,0.16620656847953796,1.1307308673858643,0.4228168725967407,1.5499413013458252,0.8374456763267517,1.7272926568984985,0.9733714461326599,2.234403133392334,1.0414249897003174,2.5470612049102783,1.2238630056381226,2.58990740776062,1.2009177207946777,2.7190122604370117,1.150516152381897,2.901937484741211,1.1205332279205322,3.091369390487671,1.0848487615585327,3.268087863922119,1.1487115621566772,"(0, 0, 0)",8
id-00000553,squeezenetv1_1,clean,None,0.08387678861618042,0.13907909393310547,0.3609105944633484,0.3545219302177429,0.8071618676185608,0.5677504539489746,1.2439756393432615,0.8463143110275269,0.7844256758689879,0.7098681926727295,1.4792981147766109,0.9766229391098022,1.717607498168945,1.1188925504684448,1.357307195663452,1.0706133842468262,1.4771907329559326,1.0093777179718018,1.7362983226776123,1.130018711090088,0.8575878739356995,0.6449496746063232,0.94146466255188,0.7840287685394287,1.218498468399048,0.9994716048240662,1.6647497415542605,1.212700128555298,2.1015634536743164,1.49126398563385,1.6420135498046875,1.3548178672790527,2.336885929107666,1.6215726137161257,2.5751953125,1.763842225074768,2.214895009994507,1.7155630588531494,2.334778547286988,1.654327392578125,2.593886137008667,1.7749683856964111,"(0, 0, 0)",10
id-00000554,densenet121,clean,None,0.18034005165100087,0.24565617740154266,0.6294130086898804,0.6669529676437378,1.3900285959243774,1.181814193725586,1.6658486127853394,1.3169821500778198,2.23051118850708,1.555203199386597,2.442211151123047,1.6017990112304688,2.68927001953125,1.5836732387542725,3.033991813659668,1.66801917552948,3.1195831298828125,1.7409589290618896,3.3849821090698238,1.7059619426727295,0.4449883699417114,0.09329231083393097,0.6253284215927124,0.33894848823547363,1.0744013786315918,0.7602452635765076,1.8350169658660889,1.2751065492630005,2.1108369827270512,1.4102745056152344,2.675499439239502,1.6484955549240112,2.8871994018554688,1.6950913667678833,3.1342585086822514,1.6769655942916868,3.47898006439209,1.7613115310668943,3.5645713806152344,1.834251284599304,3.829970598220825,1.799254298210144,"(0, 0, 0)",13
id-00000555,squeezenetv1_0,backdoor,polygon-4,1.9872472286224363,0.8710150718688965,3.345142602920532,0.3350965976715088,3.010940790176392,0.3576163053512573,3.2734391689300537,0.42362236976623535,3.6151087284088135,0.26314884424209595,3.551923990249634,0.2459215521812439,3.7176826000213614,0.14487850666046145,3.5323913097381587,0.15589815378189087,3.4790799617767334,0.0954129695892334,3.857980966567993,0.048179566860198975,1.1663596630096436,0.6846507787704468,3.15360689163208,1.5556658506393433,4.511502265930176,1.0197473764419556,4.177300453186035,1.042267084121704,4.439798831939697,1.108273148536682,4.781468391418457,0.9477996230125428,4.718283653259277,0.9305723309516908,4.884042263031006,0.8295292854309082,4.698750972747803,0.8405489325523376,4.645439624786377,0.7800637483596802,5.024340629577637,0.7328303456306458,"(145, 178, 26)",8
id-00000556,vgg13bn,backdoor,polygon-12,0.16859126091003418,-0.31663233041763306,0.9088740348815918,1.2757644653320312,1.0155304670333862,1.270700454711914,1.0485432147979736,1.2768291234970093,1.3186724185943604,1.6498093605041504,1.3025026321411133,1.5349469184875488,1.935383558273316,2.0122292041778564,2.1764910221099854,2.0587146282196045,2.2504560947418213,2.095548152923584,2.354262351989746,2.1492605209350586,0.6873900890350342,0.7044193744659424,0.8559813499450684,0.3877870440483093,1.596264123916626,1.9801838397979736,1.7029205560684204,1.9751198291778564,1.7359333038330078,1.981248497962952,2.0060625076293945,2.3542287349700928,1.9898927211761481,2.2393662929534908,2.6227736473083496,2.716648578643799,2.8638811111450195,2.763134002685547,2.9378461837768555,2.7999675273895264,3.0416524410247803,2.8536798954010014,"(216, 223, 70)",10
id-00000557,resnet101,clean,None,0.15475916862487793,0.17809946835041046,0.394587516784668,0.4072501063346863,0.4389961957931519,0.3968085050582886,0.6123933792114258,0.5916894674301147,0.8068695068359375,0.8004770874977112,0.8882893323898315,0.8189179301261902,1.0220184326171875,0.8515893816947937,1.1606959104537964,0.9141141772270204,1.3379192352294922,1.004388451576233,1.528469800949097,1.0730147361755369,0.8297429084777832,0.22132940590381625,0.9845020771026612,0.3994288742542267,1.2243304252624512,0.6285794973373413,1.268739104270935,0.6181378960609436,1.442136287689209,0.8130188584327698,1.6366124153137207,1.0218064785003662,1.7180322408676147,1.0402473211288452,1.8517613410949707,1.0729187726974487,1.9904388189315805,1.1354435682296753,2.1676621437072754,1.2257179021835327,2.35821270942688,1.294344186782837,"(0, 0, 0)",14
id-00000558,inceptionv3,clean,None,0.1497456431388855,0.10576936602592467,0.8227344155311584,0.6311749219894409,1.3822343349456787,0.8533455133438109,1.2372667789459229,0.7046255469322205,1.5536527633666992,0.790797233581543,1.8284580707550049,0.8442323207855225,1.9464497566223145,0.8824659585952759,1.9810528755187988,0.8664171695709229,2.285703182220459,0.9174420833587646,2.526784658432007,0.957056999206543,0.9191476702690125,0.2946890592575073,1.068893313407898,0.400458425283432,1.741882085800171,0.9258639812469482,2.301382064819336,1.1480345726013184,2.15641450881958,0.9993146061897278,2.4728004932403564,1.0854862928390503,2.747605800628662,1.1389213800430298,2.865597486495972,1.1771550178527832,2.900200605392456,1.1611062288284302,3.204850912094116,1.212131142616272,3.4459323883056636,1.2517460584640503,"(0, 0, 0)",23
id-00000559,squeezenetv1_1,clean,None,0.2275787591934204,0.1948619484901428,0.5206862688064575,0.4241688251495361,0.6955739259719849,0.5604134798049927,0.8422118425369263,0.5763928890228271,0.6771308183670044,0.4248480796813965,0.8338643312454224,0.625503659248352,0.8710650205612183,0.5444056987762451,0.9430555105209352,0.5702747106552124,1.2538288831710815,0.7821090221405029,1.1646298170089722,0.6141750812530518,1.6048415899276731,0.7921271324157715,1.8324203491210933,0.9869890809059144,2.125527858734131,1.2162959575653076,2.300415515899658,1.3525406122207642,2.4470534324646,1.3685200214385986,2.2819724082946777,1.216975212097168,2.438705921173096,1.4176307916641235,2.475906610488892,1.3365328311920166,2.5478971004486084,1.362401843070984,2.858670473098755,1.5742361545562744,2.769471406936645,1.4063022136688232,"(0, 0, 0)",16
id-00000560,shufflenet2_0,clean,None,0.13076555728912356,0.028112232685089108,0.32161420583724976,0.16433873772621155,0.584034264087677,0.4261589050292969,0.8606697320938109,0.5858371257781982,1.12017023563385,0.6746479868888855,1.4186794757843018,0.6583607792854309,1.6456457376480105,0.7209033370018005,1.7869316339492798,0.718343198299408,2.028942584991455,0.7311039566993713,2.1913599967956543,0.7700739502906799,0.4046167135238648,0.32835322618484497,0.5353822708129883,0.3564654588699341,0.7262309193611145,0.4926919639110565,0.9886509776115416,0.7545121312141418,1.2652864456176758,0.9141903519630432,1.5247869491577148,1.0030012130737305,1.8232961893081665,0.986714005470276,2.050262451171875,1.0492565631866455,2.1915483474731445,1.046696424484253,2.4335594177246094,1.0594571828842163,2.595976591110229,1.0984271764755251,"(0, 0, 0)",14
id-00000561,resnet18,backdoor,Nashville,0.2165433168411255,0.1070619821548462,1.097199559211731,0.5543377995491028,1.8313604593276973,0.7652349472045898,1.7863954305648804,0.4481686353683472,1.9756399393081665,0.4913947582244873,2.4364047050476074,0.5053234100341797,2.574347972869873,0.4597410559654236,2.40884780883789,0.5489591956138611,2.727994441986084,0.6657533645629883,2.9221267700195312,0.6771496534347534,1.1694844961166382,0.4193630218505859,1.3860278129577637,0.5264250040054321,2.266684055328369,0.9737008213996888,3.0008449554443364,1.1845979690551758,2.9558799266815186,0.8675316572189331,3.1451244354248047,0.9107577800750732,3.605889081954956,0.9246864318847656,3.7438323497772217,0.8791040778160095,3.5783321857452406,0.968322217464447,3.8974788188934326,1.0851163864135742,4.091611385345459,1.0965126752853394,"(0, 0, 0)",13
id-00000562,wideresnet50,backdoor,polygon-3,0.04060530662536621,-0.2359169423580169,1.6567231416702268,0.9160062074661256,3.06136417388916,0.7093855142593384,2.4208202362060547,0.3565267622470856,2.2143054008483887,0.12053582072257996,1.8831733465194704,0.06287765502929688,2.049032688140869,0.1237775981426239,2.112444400787353,0.2523774802684784,2.2823128700256348,0.2172469198703766,2.61904239654541,0.2778264582157135,0.9404839277267456,0.4279841482639313,0.9810892343521118,0.1920672059059143,2.5972070693969727,1.3439903259277344,4.001848220825194,1.1373696327209473,3.3613040447235107,0.7845109105110168,3.154789447784424,0.5485199689865112,2.8236572742462163,0.4908618032932282,2.9895167350769043,0.5517617464065552,3.0529284477233887,0.6803616285324097,3.222796678543092,0.6452310681343079,3.5595264434814453,0.7058106064796448,"(207, 177, 1)",11
id-00000563,shufflenet2_0,backdoor,Gotham,0.009596586227416992,0.002683490514755249,0.014349043369293213,0.0030887722969055176,0.045083403587341316,0.022253483533859253,0.07736361026763916,0.040616974234580994,0.12367892265319826,0.07182532548904419,0.18201982975006106,0.10648079216480257,0.16190463304519653,0.10272450745105743,0.20708394050598145,0.15034513175487518,0.2835596799850464,0.25753843784332275,0.27705150842666626,0.23787428438663485,0.602877676486969,0.14582495391368866,0.612474262714386,0.1485084444284439,0.6172267198562622,0.14891372621059418,0.6479610800743103,0.1680784374475479,0.6802412867546082,0.18644192814826965,0.7265565991401672,0.21765027940273285,0.78489750623703,0.2523057460784912,0.7647823095321655,0.2485494613647461,0.8099616169929504,0.29617008566856384,0.8864373564720154,0.4033633768558502,0.8799291849136353,0.3836992383003235,"(0, 0, 0)",6
id-00000564,densenet201,backdoor,Gotham,0.17436617612838745,0.469177782535553,2.184122562408448,0.5717331767082214,0.999813675880432,0.3204528093338013,0.5181233882904053,0.07759559154510498,0.793183445930481,0.16196513175964355,0.8460326194763184,0.07984054088592529,0.8871073722839355,0.1926256418228149,0.9181888103485109,0.3044828176498413,1.0943390130996704,0.326485812664032,1.4076220989227295,0.3746177554130554,0.4699944257736206,0.5525322556495667,0.6443606019020081,1.0217100381851196,2.6541168689727783,1.124265432357788,1.4698081016540527,0.8729850649833679,0.988117814064026,0.6301278471946716,1.2631778717041016,0.7144973874092102,1.316027045249939,0.6323727965354919,1.3571017980575562,0.7451578974723816,1.3881832361221311,0.857015073299408,1.564333438873291,0.8790180683135986,1.87761652469635,0.927150011062622,"(0, 0, 0)",9
id-00000565,densenet121,backdoor,polygon-11,1.0309274196624756,1.9621611833572388,4.210184097290038,2.155462741851806,5.2706403732299805,1.9243541955947885,4.539819717407227,1.908009648323059,3.965774536132813,1.769361138343811,3.8756723403930655,1.656374454498291,3.8411712646484375,1.7089654207229614,3.810718059539795,1.6346020698547363,3.6881699562072754,1.5139294862747192,3.7197518348693848,1.4222849607467651,0.3916597962379456,0.11358369141817093,1.4225871562957764,2.075744867324829,4.60184383392334,2.2690465450286865,5.662300109863281,2.0379378795623784,4.931479454040527,2.0215933322906494,4.357434272766113,1.8829448223114007,4.267332077026366,1.7699581384658811,4.232831001281738,1.822549104690552,4.202377796173097,1.7481857538223269,4.079829692840576,1.6275131702423096,4.1114115715026855,1.5358686447143557,"(65, 197, 21)",12
id-00000566,shufflenet1_0,clean,None,0.05991071462631225,0.14338961243629456,0.15049660205841064,0.1964572966098785,0.3727477788925171,0.4751423299312592,0.7694020271301271,0.7071284055709839,0.8142025470733643,0.6055876016616821,1.0041946172714231,0.6513363122940063,1.1119441986083984,0.741845965385437,1.3420623540878296,0.7634667158126831,1.3782025575637815,0.6180825233459473,1.398626446723938,0.6402294635772705,0.7715226411819458,0.1964451968669892,0.8314333558082581,0.3398348093032837,0.9220192432403564,0.3929024934768677,1.144270420074463,0.6715875267982483,1.5409246683120728,0.9035735726356506,1.58572518825531,0.8020327687263489,1.7757172584533691,0.8477814793586731,1.883466839790344,0.9382911920547484,2.1135849952697754,0.95991188287735,2.1497251987457275,0.814527690410614,2.1701490879058842,0.8366746306419373,"(0, 0, 0)",6
id-00000567,wideresnet50,clean,None,0.1405920386314392,0.06425118446350098,0.4564287662506104,0.4418617486953736,0.6113666892051697,0.5120400190353394,0.8387687802314758,0.5134401321411133,1.055915594100952,0.5521026849746704,1.434288740158081,0.6566348671913147,1.576152801513672,0.7268940806388855,1.6269788742065432,0.7267089486122131,1.839812994003296,0.7761467099189758,2.0592403411865234,0.7596648335456848,0.4259172081947327,0.4241423010826111,0.5665092468261719,0.4883934855461121,0.882345974445343,0.8660040497779846,1.0372838973999023,0.9361823201179504,1.2646859884262085,0.9375824332237244,1.48183274269104,0.9762449860572816,1.860205888748169,1.0807771682739258,2.00206995010376,1.1510363817214966,2.052896022796631,1.1508512496948242,2.2657301425933842,1.200289011001587,2.4851574897766118,1.183807134628296,"(0, 0, 0)",8
id-00000568,shufflenet2_0,clean,None,0.15513324737548828,0.119562029838562,0.25323987007141113,0.18921223282814026,0.46024489402771,0.36158713698387146,0.7522936463356018,0.5136101245880127,0.8337406516075134,0.5479212999343872,1.1192095279693604,0.6832128763198853,1.363654613494873,0.7235215902328491,1.3950538635253906,0.6697705984115601,1.4262208938598633,0.6244916915893555,1.5561637878417969,0.607180118560791,0.4066979289054871,0.3535177409648895,0.5618311762809753,0.4730797708034515,0.6599377989768982,0.5427299737930298,0.866942822933197,0.715104877948761,1.1589915752410889,0.8671278953552246,1.2404385805130005,0.9014390707015992,1.5259073972702026,1.0367306470870972,1.7703526020050049,1.0770393610000608,1.8017517328262331,1.023288369178772,1.8329188823699951,0.9780094623565674,1.9628616571426392,0.9606978297233582,"(0, 0, 0)",12
id-00000569,vgg19bn,clean,None,0.3940646052360535,0.4864679276943207,0.20273739099502566,0.2497597634792328,0.4137893915176392,0.5565651655197144,0.4337535500526428,0.5395069122314453,0.5179788470268251,0.5337133407592773,0.5734975934028625,0.5902249813079834,0.7218980193138123,0.73386549949646,0.8031986355781555,0.7153936624526978,0.9205737709999084,0.8186205625534058,1.113884449005127,0.9454023838043212,0.5130463242530823,0.344859391450882,0.9071109294891356,0.8313273191452026,0.7157837152481079,0.5946191549301147,0.9268357157707214,0.901424527168274,0.9467998743057252,0.8843663334846497,1.0310251712799072,0.8785727024078369,1.0865439176559448,0.9350844025611876,1.2349443435668943,1.0787248611450195,1.3162449598312378,1.060253024101257,1.4336200952529907,1.163479924201965,1.626930832862854,1.2902617454528809,"(0, 0, 0)",10
id-00000570,googlenet,clean,None,0.07537496089935303,0.04836010932922363,0.5908203125,0.6628909111022949,0.5123740434646606,0.5201639533042908,0.5106799602508545,0.529398500919342,0.6431214809417725,0.6602154970169067,0.7550444602966309,0.6957241892814636,0.8860347270965576,0.7742293477058411,1.0164055824279783,0.8615704774856567,1.1988844871520996,0.9696880578994752,1.2447952032089231,0.9470429420471193,0.7944942712783813,0.18125854432582847,0.8698692321777344,0.22961865365505216,1.3853145837783811,0.8441494703292847,1.306868314743042,0.7014225125312805,1.3051742315292358,0.7106570601463318,1.4376157522201538,0.8414740562438965,1.5495387315750122,0.8769827485084534,1.680528998374939,0.9554879069328308,1.81089985370636,1.0428290367126465,1.993378758430481,1.1509466171264648,2.0392894744873047,1.1283015012741089,"(0, 0, 0)",12
id-00000571,resnet152,clean,None,0.2257314920425415,0.1532488465309143,0.6493561267852783,0.392242968082428,1.1382570266723633,0.7172128558158875,0.9640905857086182,0.6047683358192444,1.0295851230621338,0.7143450379371643,1.1930382251739502,0.7703219056129456,1.3375358581542969,0.8560685515403748,1.5642135143280032,0.9237310290336608,1.6302692890167236,0.8988130688667297,1.696892261505127,0.9038811326026917,0.8533291816711426,0.42334622144699097,1.079060673713684,0.5765950679779053,1.502685308456421,0.8155891895294191,1.9915862083435056,1.1405590772628784,1.8174197673797607,1.0281145572662354,1.8829143047332764,1.1376912593841553,2.0463674068450928,1.1936681270599363,2.1908650398254395,1.2794147729873655,2.417542695999145,1.347077250480652,2.4835984706878658,1.3221592903137207,2.550221443176269,1.3272273540496826,"(0, 0, 0)",22
id-00000572,vgg19bn,clean,None,0.76544189453125,0.6643958687782288,0.7605268955230713,0.5581411719322205,0.6751110553741455,0.4506750702857971,0.6727559566497803,0.4549055099487305,0.8652431964874268,0.6081851124763489,0.9733438491821288,0.6822567582130432,0.995353937149048,0.6966579556465149,1.104001522064209,0.7346598505973816,1.333625555038452,0.8308826088905334,1.4941864013671875,0.8772558569908142,1.694324254989624,0.4752437472343445,2.459766149520874,1.1396396160125732,2.4548511505126958,1.033384919166565,2.369435310363769,0.9259188175201416,2.3670802116394043,0.930149257183075,2.559567451477051,1.0834288597106934,2.667668104171753,1.1575005054473877,2.689678192138672,1.1719017028808594,2.798325777053833,1.2099035978317259,3.027949810028076,1.306126356124878,3.1885106563568115,1.3524996042251587,"(0, 0, 0)",15
id-00000573,squeezenetv1_1,backdoor,Kelvin,0.07103109359741211,0.3835589289665222,0.43955445289611816,0.37685292959213257,1.2717254161834717,0.6296012997627258,1.9639155864715576,0.6901562809944153,2.319620609283448,0.3933871388435364,2.7222683429718018,0.427833616733551,2.4116802215576167,0.3477310538291931,2.8598129749298096,0.16154175996780396,3.0831787586212163,0.16243654489517212,2.9330618381500244,-0.13467991352081302,1.5235965251922607,0.864014208316803,1.5946276187896729,1.2475731372833252,1.9631509780883791,1.2408671379089355,2.7953219413757324,1.4936155080795288,3.4875121116638184,1.5541704893112185,3.843217134475708,1.2574013471603394,4.245864868164063,1.291847825050354,3.935276746749878,1.2117452621459959,4.383409500122069,1.0255559682846072,4.606775283813477,1.0264507532119749,4.456658363342285,0.72933429479599,"(0, 0, 0)",17
id-00000574,densenet121,backdoor,Lomo,0.25392967462539673,0.23310579359531405,0.343971312046051,0.3025728464126587,0.5207223296165466,0.4729739427566528,0.8435059189796448,0.8487120866775513,1.1278371810913086,1.0567001104354858,1.2517733573913574,1.0912332534790041,1.3936457633972168,0.9873114824295044,1.4612867832183838,0.904262900352478,1.6954691410064695,0.9429352283477784,1.8046667575836184,1.051234483718872,0.8328908085823059,0.165728822350502,1.0868204832077026,0.398834615945816,1.176862120628357,0.4683016836643219,1.3536131381988523,0.6387027502059937,1.676396727561951,1.014440894126892,1.9607280492782595,1.2224289178848269,2.0846641063690186,1.2569620609283447,2.226536512374878,1.1530402898788452,2.294177532196045,1.0699917078018188,2.528359889984131,1.1086640357971191,2.6375575065612797,1.216963291168213,"(0, 0, 0)",24
id-00000575,vgg11bn,backdoor,polygon-12,0.7343714833259583,1.4845621585845947,6.519260883331299,2.321894645690918,7.7697248458862305,2.219989061355591,7.75123405456543,2.2003514766693115,7.5242815017700195,2.0223610401153564,7.017988204956055,1.7422809600830078,7.036910533905027,1.624031901359558,6.9645676612854,1.6196569204330444,6.734082221984862,1.5493584871292114,6.4139366149902335,1.5544310808181765,0.8044387698173523,0.32356902956962585,1.5388102531433103,1.8081312179565432,7.323699474334718,2.6454637050628658,8.574163436889647,2.543558120727539,8.555672645568848,2.52392053604126,8.328720092773438,2.3459300994873047,7.822426795959473,2.065850019454956,7.841349124908447,1.9476009607315063,7.7690062522888175,1.9432259798049933,7.538520812988281,1.87292754650116,7.218375205993652,1.8780001401901243,"(35, 176, 40)",18
id-00000576,densenet161,clean,None,0.06281492114067078,0.09223853051662444,0.6357687711715698,0.7300022840499878,0.9318697452545166,0.985637664794922,1.1659564971923828,1.0350019931793213,1.5205456018447876,1.0813868045806885,1.7442885637283323,1.1041513681411743,2.1920228004455566,1.184821605682373,2.4240798950195312,1.1705546379089355,2.81209659576416,1.0427556037902832,2.9722843170166016,1.0530697107315063,0.4534973204135895,0.12749160826206207,0.5163122415542603,0.21973013877868647,1.0892660617828371,0.8574938774108887,1.3853670358657837,1.1131292581558228,1.61945378780365,1.1624935865402222,1.974042892456055,1.2088783979415894,2.1977858543396,1.2316429615020752,2.6455202102661133,1.3123131990432741,2.877577304840088,1.2980462312698364,3.265594005584717,1.170247197151184,3.425781726837158,1.1805613040924072,"(0, 0, 0)",8
id-00000577,shufflenet1_5,backdoor,Kelvin,0.1392863392829895,0.13352108001708984,0.3963789939880371,0.3179062902927399,1.065832495689392,0.6637308597564697,1.3433531522750854,0.7243239879608154,1.1671254634857178,0.6516691446304321,1.373719573020935,0.6992086172103882,1.6169837713241575,0.654289960861206,1.656612992286682,0.6857647895812988,1.8268405199050903,0.6679428815841675,2.002270221710205,0.5884324312210083,0.659162163734436,0.3168158233165741,0.7984485030174255,0.450336903333664,1.0555411577224731,0.634722113609314,1.724994659423828,0.9805466532707214,2.002515316009521,1.0411398410797121,1.8262876272201536,0.9684849977493286,2.03288173675537,1.016024470329285,2.2761459350585938,0.9711058139801024,2.315775156021118,1.002580642700195,2.4860026836395264,0.9847586750984192,2.6614325046539307,0.90524822473526,"(0, 0, 0)",24
id-00000578,wideresnet101,clean,None,0.14490604400634766,0.22014027833938601,0.5143570899963379,0.6046189665794373,0.8971685171127319,0.7716991901397705,1.8366537094116209,1.0002626180648804,1.7602882385253906,0.924768090248108,2.06290054321289,0.9209389686584472,2.8523106575012207,1.0861747264862058,2.497424602508545,0.8585255146026611,2.7959089279174805,0.8586399555206299,3.0512905120849614,0.960529327392578,0.6230852603912354,0.30107617378234863,0.767991304397583,0.5212164521217346,1.1374423503875732,0.905695140361786,1.5202537775039673,1.0727753639221191,2.4597389698028564,1.301338791847229,2.383373498916626,1.2258442640304563,2.685985803604126,1.222015142440796,3.475395917892456,1.387250900268555,3.1205098628997803,1.1596016883850098,3.4189941883087163,1.1597161293029783,3.674375772476196,1.2616055011749268,"(0, 0, 0)",21
id-00000579,shufflenet2_0,backdoor,Nashville,0.10039353370666504,0.1251465529203415,0.2513807415962219,0.33613818883895874,0.3316864371299744,0.4163280725479126,0.4921362996101379,0.5830922126770021,0.4880115389823914,0.5745206475257874,0.7682788968086243,0.7321013808250427,0.9956766963005066,0.8364287018775941,0.8456271290779114,0.7822288274765015,1.1218395233154297,0.8460375666618347,1.211529016494751,0.8765201568603516,0.3244044184684753,0.09968365728855133,0.4247979521751404,0.2248302102088928,0.5757851600646973,0.4358218610286713,0.6560908555984497,0.5160117149353027,0.8165407180786133,0.6827758550643921,0.8124159574508667,0.6742042899131775,1.0926833152770996,0.8317850232124329,1.320081114768982,0.936112344264984,1.1700315475463867,0.8819124698638916,1.4462440013885498,0.9457212090492249,1.5359334945678709,0.9762037992477416,"(0, 0, 0)",17
id-00000580,squeezenetv1_1,backdoor,Kelvin,0.10801905393600464,0.02782696485519409,0.3787095546722412,0.457135796546936,0.7372357845306396,0.5495911836624146,1.464895248413086,0.7866789102554321,1.2033779621124268,1.0492624044418335,1.5535943508148191,1.208609938621521,2.142244815826416,1.2142573595046997,1.6319401264190674,1.177944540977478,1.865230083465576,1.0910766124725342,2.382889986038208,1.1897128820419312,0.7253022193908691,0.6381626129150391,0.8333212733268738,0.6659895777702332,1.1040117740631104,1.0952984094619749,1.4625380039215088,1.1877537965774536,2.190197467803955,1.4248415231704712,1.928680181503296,1.6874250173568726,2.2788965702056885,1.84677255153656,2.867547035217285,1.8524199724197388,2.3572423458099365,1.8161071538925169,2.5905323028564453,1.7292392253875732,3.1081922054290767,1.8278754949569704,"(0, 0, 0)",14
id-00000581,shufflenet1_0,clean,None,0.06686866283416748,0.10254257917404176,0.19360122084617606,0.2980808019638061,0.5974546670913696,0.7355037927627563,0.6652257442474365,0.8017383813858032,0.7724716663360596,0.8385460376739502,0.9202771186828612,0.8283979892730713,0.9605598449707032,0.8231548070907593,1.1179068088531494,0.8724777698516846,1.1439257860183716,0.827398419380188,1.1301170587539673,0.8449709415435791,0.3284043371677399,0.0996876060962677,0.39527300000190735,0.20223018527030945,0.522005558013916,0.39776840806007385,0.9258589744567872,0.8351914286613464,0.9936301112174988,0.9014260172843932,1.100875973701477,0.9382336139678956,1.2486814260482788,0.9280855655670166,1.2889641523361206,0.9228423833847046,1.446311116218567,0.97216534614563,1.472330093383789,0.927086055278778,1.4585213661193848,0.9446585774421692,"(0, 0, 0)",9
id-00000582,resnet152,clean,None,0.1889605522155761,0.20287488400936127,0.5941548347473145,0.6749477982521057,1.0710687637329102,0.8702394366264343,1.7604103088378906,1.1057864427566528,2.3668534755706787,1.177865743637085,2.4425795078277592,1.0993144512176514,2.711902141571045,0.8612658381462097,3.0286715030670166,0.8697951436042786,3.036381959915161,0.97780042886734,3.184427499771118,0.9113486409187316,1.011589288711548,0.14723889529705048,1.200549840927124,0.3501137793064117,1.6057441234588623,0.8221867084503174,2.082658052444458,1.017478346824646,2.7719995975494385,1.2530252933502195,3.3784427642822266,1.325104594230652,3.454168796539306,1.2465533018112185,3.7234914302825928,1.0085047483444214,4.0402607917785645,1.0170340538024902,4.047971248626709,1.1250393390655518,4.196016788482666,1.0585875511169434,"(0, 0, 0)",17
id-00000583,resnet152,clean,None,0.13128012418746948,0.1399163454771042,0.34382301568984985,0.4279325008392334,0.5373544096946716,0.640355110168457,0.7414177060127258,0.6319975852966309,1.1227374076843262,0.8278366923332214,1.516106128692627,1.0218324661254885,1.954273223876953,1.2363320589065552,2.4614245891571045,1.3991894721984863,3.0686130523681636,1.4342502355575562,3.202869415283203,1.3711155652999878,0.5375861525535583,0.1331831067800522,0.6688662767410278,0.2730994522571564,0.8814091682434082,0.5611156225204468,1.07494056224823,0.7735382318496704,1.2790038585662842,0.7651807069778442,1.6603235006332395,0.9610198140144348,2.05369234085083,1.1550155878067017,2.491859436035156,1.3695151805877686,2.999010801315308,1.5323725938796997,3.6061992645263667,1.5674333572387695,3.7404556274414062,1.5042986869812012,"(0, 0, 0)",13
id-00000584,densenet201,clean,None,0.2833772599697113,0.24156391620635986,0.5751109123229979,0.3467056751251221,0.7324978113174438,0.3860511183738709,0.6392334699630737,0.26029902696609497,0.98872709274292,0.4834373593330383,1.1333308219909668,0.5886592864990234,1.4019325971603394,0.7489690780639648,1.684170842170715,0.7813698053359985,2.0190386772155757,0.8357950448989868,2.000836133956909,0.7597064971923828,0.4421004354953766,0.42893028259277344,0.7254776954650879,0.6704941987991333,1.0172113180160522,0.7756359577178955,1.174598217010498,0.8149814009666443,1.081333875656128,0.6892293095588684,1.430827498435974,0.9123676419258118,1.575431227684021,1.0175895690917969,1.8440330028533936,1.1778993606567385,2.126271247863769,1.210300087928772,2.46113920211792,1.2647253274917605,2.442936658859253,1.1886367797851562,"(0, 0, 0)",8
id-00000585,densenet121,backdoor,polygon-5,2.1907687187194824,1.5474755764007568,3.1209349632263184,2.002622365951538,3.618717193603516,1.9182479381561282,3.967487335205078,1.6847424507141109,5.1276583671569815,0.55875164270401,5.5938334465026855,0.048766016960144036,5.668592929840088,0.08196234703063965,5.534802436828613,0.07852417230606079,5.531401634216309,0.026548445224761963,5.411149024963379,0.042370855808258064,0.8529042601585388,0.5493343472480774,3.043673038482666,2.096809864044189,3.973839282989502,2.5519566535949707,4.471621513366699,2.4675822257995605,4.820391654968262,2.234076738357544,5.980562686920166,1.1080859899520874,6.446737766265869,0.5981003642082214,6.521497249603272,0.631296694278717,6.387706756591798,0.6278585195541382,6.384305953979492,0.5758827924728394,6.2640533447265625,0.5917052030563354,"(112, 3, 145)",15
id-00000586,wideresnet101,clean,None,0.11779534816741945,0.08034682273864746,0.5388557910919191,0.3633314967155457,0.9721598625183104,0.6156105399131775,1.2532187700271606,0.724582314491272,1.5522323846817017,0.8248393535614014,1.86172354221344,0.8660238981246948,2.0300121307373047,1.0180498361587524,2.1861648559570312,0.9627944231033324,2.3456296920776367,0.9380394220352172,2.591427803039551,0.9887120723724364,0.9236990213394164,0.3318818807601929,1.041494369506836,0.4122287034988403,1.4625548124313354,0.6952133774757385,1.8958588838577268,0.9474924206733704,2.1769177913665767,1.0564641952514648,2.475931406021118,1.1567212343215942,2.7854225635528564,1.1979057788848877,2.9537112712860107,1.349931716918945,3.109863758087158,1.2946763038635254,3.2693288326263428,1.2699213027954102,3.515126943588257,1.3205939531326294,"(0, 0, 0)",23
id-00000587,densenet201,backdoor,Kelvin,0.05078834295272827,-0.3887978792190552,0.29580754041671753,-0.15401166677474976,0.8841518759727478,0.3081294894218445,0.94594806432724,0.3746650815010071,1.239894151687622,0.4935067296028137,1.3023009300231934,0.60428386926651,1.2841696739196775,0.57713383436203,1.5423102378845217,0.4669510722160339,1.5321273803710938,0.43454378843307495,1.627021312713623,0.444539487361908,0.9153644442558287,0.6681330800056458,0.9661527872085572,0.2793352007865906,1.2111719846725464,0.514121413230896,1.7995163202285769,0.9762625694274902,1.8613125085830688,1.0427981615066528,2.155258655548096,1.1616398096084597,2.217665433883667,1.2724169492721558,2.199534177780152,1.2452669143676758,2.457674741744995,1.1350841522216797,2.4474918842315674,1.1026768684387207,2.5423858165740967,1.1126725673675537,"(0, 0, 0)",21
id-00000588,vgg13bn,backdoor,Nashville,0.1376866102218628,-0.138950377702713,0.3292790651321411,0.0468142032623291,0.16601252555847168,0.013419091701507568,0.3614938259124756,0.383600115776062,0.5920602083206177,0.6671969890594482,0.6238092184066772,0.5438458919525146,0.6667110919952393,0.5700911283493042,0.7952730655670166,0.7499020099639893,1.1612858772277832,0.9463093280792236,1.382177710533142,1.025253176689148,0.7113944292068481,0.5520538091659546,0.8490810394287109,0.4131034314632416,1.0406734943389893,0.5988680124282837,0.8774069547653198,0.5654729008674622,1.0728882551193235,0.9356539249420166,1.3034546375274658,1.2192507982254028,1.3352036476135254,1.0958997011184692,1.3781055212020874,1.1221449375152588,1.5066674947738647,1.3019558191299438,1.872680306434632,1.4983631372451782,2.0935721397399902,1.5773069858551023,"(0, 0, 0)",24
id-00000589,densenet169,clean,None,0.13846147060394287,0.15090987086296082,0.631269097328186,0.5133333206176758,0.9972419738769532,0.7013246417045593,0.9914432764053344,0.6312269568443298,1.3644388914108276,0.781731903553009,1.3802860975265503,0.7461229562759399,1.3418041467666626,0.7222236394882202,1.6867979764938354,0.8244591951370239,1.7784444093704224,0.8664717674255371,2.036873340606689,0.9639549255371094,0.9733272790908812,0.212723970413208,1.1117887496948242,0.3636338412761688,1.6045963764190674,0.7260572910308838,1.9705692529678345,0.9140486121177672,1.964770555496216,0.8439509272575378,2.337766170501709,0.994455873966217,2.353613376617432,0.958846926689148,2.315131425857544,0.9349476099014282,2.660125255584717,1.0371831655502322,2.751771688461304,1.0791957378387451,3.0102007389068604,1.1766788959503174,"(0, 0, 0)",16
id-00000590,vgg11bn,clean,None,0.4219604730606079,0.4869373142719269,0.6076868772506714,0.6146259307861328,0.7706125974655151,0.6838976144790649,1.1763670444488523,1.0347785949707031,1.1141142845153809,1.065124750137329,1.0442907810211182,0.9908345937728882,1.2964298725128174,1.1452224254608154,1.604412078857422,1.336240291595459,1.7497587203979492,1.447370529174805,1.6619811058044434,1.381238579750061,0.9378292560577391,0.4141159951686859,1.3597897291183472,0.9010533094406128,1.5455161333084106,1.0287419557571411,1.7084418535232544,1.0980136394500732,2.114196300506592,1.4488946199417114,2.05194354057312,1.4792407751083374,1.9821200370788568,1.4049506187438965,2.2342591285705566,1.5593384504318235,2.542241334915161,1.7503563165664673,2.6875879764556885,1.8614865541458128,2.5998103618621826,1.7953546047210691,"(0, 0, 0)",12
id-00000591,vgg13bn,backdoor,polygon-3,3.809638977050781,4.416301250457764,3.689610958099365,3.873516082763672,3.491795063018799,3.3844239711761475,4.1968398094177255,3.397559642791748,4.922276973724365,3.36075758934021,5.487329959869385,3.4520437717437744,5.113153457641602,3.0038318634033203,5.21271276473999,3.013423442840576,6.704685688018799,2.8119733333587646,7.134156703948975,2.3818607330322266,0.5855150818824768,0.372218668460846,4.395153999328613,4.788519859313965,4.275125980377196,4.245734691619873,4.077310085296632,3.7566425800323486,4.782354831695557,3.7697782516479488,5.507791996002197,3.732976198196411,6.072844982147218,3.824262380599976,5.698668479919434,3.376050472259521,5.798227787017822,3.3856420516967773,7.290200710296631,3.1841919422149663,7.7196717262268075,2.754079341888428,"(222, 194, 40)",18
id-00000592,densenet169,backdoor,Kelvin,0.03942251205444336,-0.13143716752529144,0.7042471170425415,0.4378955960273743,0.6870729923248291,0.554850161075592,0.562951922416687,0.4583871364593506,0.7624249458312988,0.4984307289123535,0.7686711549758911,0.5456319451332092,1.105921745300293,0.8226627111434937,1.4398555755615234,0.9837098121643066,1.6372619867324831,1.0474416017532349,1.972155928611756,1.1263505220413208,0.5445321798324585,0.3513326644897461,0.5839546918869019,0.21989549696445465,1.248779296875,0.7892282605171204,1.2316051721572876,0.906182825565338,1.1074841022491455,0.8097198009490967,1.306957125663757,0.8497633934020996,1.3132033348083496,0.8969646096229553,1.6504539251327517,1.1739953756332395,1.984387755393982,1.3350424766540527,2.1817941665649414,1.398774266242981,2.516688108444214,1.477683186531067,"(0, 0, 0)",19
id-00000593,resnet50,backdoor,polygon-12,0.2444067597389221,0.015066251158714294,2.8376264572143555,2.3150181770324707,3.668095350265503,2.302175283432007,4.625446319580078,1.9106059074401849,4.896250247955322,1.4095944166183472,5.553572177886963,0.08412396907806396,5.5719895362854,0.00671735405921936,5.4973015785217285,0.13607975840568542,5.53819751739502,0.1470640003681183,5.677578449249268,0.3152332305908203,0.8975794911384583,0.22225594520568848,1.1419862508773804,0.2373221963644028,3.735205888748169,2.537274122238159,4.565674781799316,2.5244312286376958,5.523025989532472,2.132861852645874,5.793829917907715,1.6318503618240356,6.451151847839356,0.30637991428375244,6.469569206237793,0.22897329926490784,6.394881248474121,0.3583357036113739,6.435777187347412,0.3693199455738068,6.57515811920166,0.5374891757965088,"(10, 146, 57)",19
id-00000594,squeezenetv1_0,backdoor,polygon-9,0.2548988461494446,0.09249502420425416,0.6282690167427063,0.3903708457946777,2.3869144916534424,0.4076868891716003,1.4135377407073977,0.480431318283081,1.064880609512329,0.5569514036178589,1.1260952949523926,0.5259759426116943,0.7422712445259094,0.4916340112686157,0.6203444600105286,0.4933156967163086,0.7550199627876282,0.4850127696990967,0.6754863858222961,0.47746741771698,0.8075575232505798,0.575312614440918,1.0624563694000244,0.6678076386451721,1.435826539993286,0.9656834602355956,3.194472074508667,0.9829995036125184,2.221095323562622,1.055743932723999,1.872438073158264,1.1322640180587769,1.9336528778076167,1.1012885570526123,1.5498287677764893,1.0669466257095337,1.4279019832611084,1.0686283111572266,1.562577486038208,1.0603253841400146,1.483043909072876,1.052780032157898,"(193, 14, 17)",9
id-00000595,densenet169,clean,None,0.09612995386123656,0.3478389084339142,0.3795989751815796,0.5079373121261597,0.669211745262146,0.5725605487823486,0.8756321668624878,0.8538842201232909,1.5352795124053955,1.2025671005249023,1.863943576812744,1.3180663585662842,2.0372154712676998,1.4711763858795166,2.604489326477051,1.6785904169082642,2.8666172027587886,1.6850165128707886,3.2244982719421387,1.8287988901138303,0.8232874870300293,0.13924214243888855,0.919417440891266,0.4870810508728027,1.2028864622116089,0.6471794247627258,1.4924992322921753,0.7118027210235596,1.6989196538925169,0.9931263923645021,2.358566999435425,1.3418092727661133,2.687231063842773,1.4573085308074951,2.860502958297728,1.6104185581207275,3.42777681350708,1.817832589149475,3.6899046897888175,1.8242586851119995,4.047785758972168,1.9680410623550413,"(0, 0, 0)",10
id-00000596,vgg16bn,clean,None,0.3343027830123901,0.2639272809028625,0.8252108097076416,0.4663802981376648,1.0383203029632568,0.6184424757957458,1.0656208992004397,0.670322597026825,1.167309284210205,0.7419446110725403,1.2600865364074707,0.6879547238349915,1.3898913860321045,0.726586639881134,1.4747972488403318,0.7408872246742249,1.5921189785003662,0.7367411255836487,1.7460191249847412,0.7640480399131775,1.2571141719818115,0.8406007885932922,1.5914169549942017,1.1045280694961548,2.082324981689453,1.306981086730957,2.2954344749450684,1.459043264389038,2.322735071182251,1.5109233856201172,2.4244234561920166,1.5825453996658323,2.5172007083892822,1.5285555124282837,2.647005558013916,1.5671874284744265,2.731911420822144,1.5814880132675169,2.8492331504821777,1.577341914176941,3.0031332969665527,1.6046488285064695,"(0, 0, 0)",10
id-00000597,shufflenet1_5,backdoor,Gotham,0.09563344717025757,0.05058577656745911,0.2556682229042053,0.1979326605796814,0.4262228608131409,0.2994459271430969,0.6650684475898743,0.4369489550590515,0.5751003623008728,0.31553155183792114,0.7457372546195984,0.3609641194343567,1.0399713516235352,0.5035344362258911,1.1407654285430908,0.5821594595909119,1.4227859973907468,0.6217908263206482,1.5600090026855469,0.6723464727401733,0.6743049025535583,0.31347960233688354,0.7699383497238159,0.36406537890434265,0.9299731254577636,0.5114122629165649,1.1005277633666992,0.6129255294799805,1.3393733501434326,0.7504285573959351,1.2494052648544312,0.6290111541748047,1.4200421571731567,0.6744437217712402,1.7142763137817385,0.8170140385627747,1.815070390701294,0.8956390619277954,2.0970909595489498,0.9352704286575316,2.23431396484375,0.9858260750770568,"(0, 0, 0)",15
id-00000598,shufflenet2_0,backdoor,polygon-9,1.145910143852234,1.459288239479065,1.6916595697402954,1.5393760204315186,2.792308807373047,1.3605608940124512,3.3384017944335938,1.077066421508789,3.4411253929138184,0.9215689897537231,3.19819450378418,0.784115195274353,3.009759426116944,0.750131368637085,3.2776541709899902,0.7244597673416138,3.3878707885742188,0.7576800584793091,3.386622428894043,0.7340458631515503,0.5204752683639526,0.3078310787677765,1.6663854122161863,1.767119288444519,2.212134838104248,1.8472070693969729,3.3127841949462886,1.6683919429779053,3.8588771820068373,1.3848974704742432,3.961600780487061,1.2294000387191772,3.7186696529388414,1.0919462442398071,3.5302345752716064,1.057962417602539,3.798129558563232,1.032290816307068,3.9083461761474614,1.0655111074447632,3.907097816467285,1.0418769121170044,"(182, 58, 140)",22
id-00000599,resnet101,clean,None,0.3004312515258789,0.2946134805679321,0.5867770910263062,0.5370995998382568,0.6584670543670654,0.5776044130325317,0.6986304521560669,0.5519901514053345,0.8457046747207642,0.6505235433578491,0.9507920742034912,0.7428712844848633,1.102060079574585,0.8622381687164307,1.2190203666687012,0.8254777193069458,1.30948805809021,0.7682688236236572,1.4933674335479736,0.7985681295394897,1.0617365837097168,0.5751520395278931,1.3621678352355957,0.8697655200958252,1.6485136747360232,1.11225163936615,1.7202036380767822,1.1527564525604248,1.7603670358657837,1.1271421909332275,1.907441258430481,1.2256755828857422,2.012528657913208,1.3180233240127563,2.1637966632843018,1.4373902082443235,2.280756950378418,1.4006297588348389,2.3712246417999268,1.3434208631515503,2.5551040172576904,1.3737201690673828,"(0, 0, 0)",14
id-00000600,vgg19bn,backdoor,polygon-4,-0.04954934120178224,-0.2512737214565277,0.7193409204483032,0.801945686340332,1.4118820428848269,0.8852683305740356,3.644108295440674,1.303550124168396,4.96252965927124,0.8074941635131836,5.54854154586792,-0.060556381940841675,5.471045017242432,-0.19037902355194086,5.3107452392578125,-0.18475136160850525,5.215918064117432,-0.1698441505432129,5.135171890258789,-0.13764011859893802,1.3491657972335815,0.4550348222255707,1.299616456031799,0.2037611007690429,2.0685067176818848,1.256980538368225,2.761047840118408,1.3403031826019287,4.993274211883545,1.758584976196289,6.311695575714111,1.2625290155410769,6.897707462310791,0.394478440284729,6.820210933685303,0.26465579867362976,6.659911155700684,0.27028346061706543,6.565083980560303,0.2851906716823578,6.48433780670166,0.3173947036266327,"(94, 33, 12)",19
id-00000601,vgg19bn,clean,None,0.4667869806289673,0.483422577381134,0.731680154800415,0.7448147535324097,0.5969825983047485,0.5751334428787231,0.6373071670532227,0.5212721824645996,0.7560290098190308,0.7024053335189819,0.8007483482360841,0.7864949703216553,0.8748750686645508,0.7523123025894165,0.9702253341674804,0.8012593984603882,1.0772645473480225,0.9158557653427124,1.1121830940246582,0.8808119297027588,1.0789620876312256,0.5162001848220825,1.5457490682601929,0.9996227622032166,1.8106422424316408,1.2610149383544922,1.675944685935974,1.0913336277008057,1.7162692546844482,1.037472367286682,1.8349910974502563,1.2186055183410645,1.8797104358673096,1.3026951551437378,1.9538371562957764,1.268512487411499,2.049187421798706,1.3174595832824707,2.156226634979248,1.432055950164795,2.1911451816558842,1.3970121145248413,"(0, 0, 0)",16
id-00000602,resnet34,backdoor,Gotham,0.11002492904663086,-0.3325240612030029,0.4777344465255737,0.0918443202972412,0.8008648157119751,0.3005232214927673,0.967636227607727,0.3363693952560425,1.0260134935379028,0.2785664796829224,1.074379563331604,0.3247847557067871,1.2641717195510864,0.4466195702552795,1.3009780645370483,0.4764642715454102,1.6137257814407349,0.4852888584136963,1.9252973794937127,0.636271595954895,1.0330280065536501,0.5228561162948608,1.1430529356002808,0.19033204019069672,1.5107624530792236,0.614700436592102,1.833892822265625,0.8233793377876282,2.000664234161377,0.8592255115509033,2.0590415000915527,0.8014225959777832,2.1074075698852544,0.847640872001648,2.2971997261047363,0.9694756865501404,2.3340060710906982,0.999320387840271,2.6467537879943848,1.0081449747085571,2.9583253860473637,1.159127712249756,"(0, 0, 0)",16
id-00000603,squeezenetv1_0,backdoor,Nashville,0.8137166500091553,0.9650484919548036,1.8890330791473389,0.6726987957954407,2.797571182250977,0.4073746800422669,2.7741026878356934,0.16695398092269895,2.3519275188446045,0.5842503905296326,2.529793500900269,0.4966917634010315,3.014811515808105,0.557656466960907,2.463921546936035,0.4586233496665954,2.633237361907959,0.2466976046562195,2.802166700363159,0.3585290312767029,1.175631046295166,0.8249165415763855,1.9893476963043213,1.789965033531189,3.064664125442505,1.4976153373718262,3.973202228546143,1.2322912216186523,3.9497337341308594,0.9918705224990844,3.5275585651397705,1.409166932106018,3.7054245471954346,1.321608304977417,4.190442562103272,1.3825730085372925,3.639552593231201,1.283539891242981,3.808868408203125,1.071614146232605,3.977797746658325,1.1834455728530884,"(0, 0, 0)",15
id-00000604,inceptionv3,backdoor,polygon-4,1.4395272731781006,0.8752995729446411,4.163344383239746,-0.05433514714241028,3.9374477863311768,-0.1706647276878357,3.9352543354034415,-0.2494741976261139,4.060669898986816,-0.2734637260437012,4.194106101989746,-0.2060905992984772,4.235119819641113,-0.21107862889766693,4.3877344131469735,-0.16663673520088196,4.546836853027344,-0.14689621329307556,4.9125022888183585,-0.15513858199119568,0.8802335262298584,0.4607257544994354,2.319760799407959,1.3360253572463991,5.043578147888184,0.4063906073570252,4.817681312561035,0.2900610268115997,4.815487861633301,0.2112515568733216,4.940903186798097,0.18726204335689545,5.074339866638184,0.25463515520095825,5.115353584289551,0.2496471256017685,5.26796817779541,0.2940890192985535,5.427070140838623,0.31382954120635986,5.792736053466798,0.3055871725082397,"(14, 175, 225)",13
id-00000605,shufflenet1_5,clean,None,0.07680720090866089,-0.0070842206478118905,0.2069857120513916,0.029295355081558224,0.26886212825775146,0.07839468121528625,0.518608033657074,0.26262930035591125,0.6609272360801697,0.2733844220638275,0.8139761090278625,0.2946693003177643,1.0429179668426514,0.4261497557163239,1.2494456768035889,0.4324968159198761,1.3784334659576416,0.3503822982311249,1.4512560367584229,0.3327977955341339,0.7200856804847717,0.4771760404109955,0.7968928813934326,0.4700918197631836,0.9270713925361632,0.5064713954925537,0.9889478087425232,0.5555707216262817,1.2386937141418457,0.7398053407669067,1.3810129165649414,0.750560462474823,1.5340617895126345,0.7718453407287598,1.7630035877227783,0.9033257961273192,1.969531297683716,0.9096728563308716,2.098519086837769,0.8275583386421204,2.1713416576385502,0.8099738359451294,"(0, 0, 0)",10
id-00000606,mobilenetv2,backdoor,polygon-9,0.21573662757873527,0.1974042057991028,0.8392093181610107,0.8107990622520447,2.7099647521972656,0.9370723366737366,2.9706025123596187,0.4818112254142761,2.9537949562072754,0.3439054489135742,2.885453701019287,0.281629741191864,2.8025598526000977,0.2696084380149841,2.7295517921447754,0.2423357367515564,2.723628044128418,0.2100751996040344,2.781848430633545,0.19141995906829834,2.770071506500244,0.5543224215507507,2.9858081340789795,0.7517266273498535,3.609280824661255,1.3651214838027954,5.48003625869751,1.4913947582244873,5.740674018859862,1.0361336469650269,5.72386646270752,0.898227870464325,5.655525207519531,0.8359521627426147,5.572631359100342,0.8239308595657349,5.49962329864502,0.7966581583023071,5.493699550628662,0.7643976211547852,5.551919937133789,0.7457423806190491,"(31, 114, 45)",14
id-00000607,wideresnet50,clean,None,0.11395224928855895,0.1711186170578003,0.2932845652103424,0.4811687171459198,0.4641847312450409,0.6240803003311157,0.6940573453903198,0.8178954124450684,0.8703985214233398,0.8978127241134644,1.0471577644348145,1.0057833194732666,1.3621859550476074,1.1900514364242554,1.4645280838012695,1.2429145574569702,1.6339439153671265,1.3196200132369995,1.8920060396194456,1.3408437967300415,0.4145976006984711,0.11580297350883485,0.52854984998703,0.28692159056663513,0.7078821659088135,0.5969716906547546,0.8787823319435121,0.7398832440376282,1.1086549758911133,0.9336983561515808,1.2849961519241333,1.0136157274246216,1.4617553949356081,1.1215863227844238,1.7767835855484009,1.3058544397354126,1.8791257143020632,1.3587175607681274,2.04854154586792,1.4354230165481567,2.30660367012024,1.4566468000411987,"(0, 0, 0)",14
id-00000608,googlenet,backdoor,Nashville,0.3029651641845703,0.1301446557044983,1.1342763900756836,0.6459980010986328,1.3575236797332764,0.6310834884643555,1.9499568939208984,0.8148413896560669,1.6932756900787354,0.6396340131759644,2.2735583782196045,0.9006215333938599,2.420868396759033,0.837468147277832,2.3817992210388184,0.7027993202209473,2.839095115661621,0.8634160757064819,2.5891599655151367,0.8147164583206177,0.7372605800628662,0.3617096245288849,1.0402257442474363,0.4918542802333832,1.8715369701385496,1.007707595825195,2.0947842597961426,0.9927931427955629,2.6872174739837646,1.1765509843826294,2.4305362701416016,1.0013436079025269,3.0108189582824707,1.2623311281204224,3.1581289768218994,1.1991777420043943,3.119059801101685,1.0645089149475098,3.5763556957244886,1.2251256704330444,3.326420545578003,1.1764260530471802,"(0, 0, 0)",21
id-00000609,vgg16bn,clean,None,0.20050787925720207,0.17046535015106198,1.1083067655563354,0.7804335355758667,1.061633825302124,0.7892956733703613,0.9408386945724488,0.6309374570846558,1.2746607065200806,0.8120723962783813,1.4606977701187134,0.9327288866043092,1.3793483972549438,0.8961911201477051,1.5560311079025269,0.9314075708389282,1.821189522743225,0.9658702611923218,1.954419493675232,1.0050698518753052,0.92713725566864,0.5356574058532715,1.1276451349258425,0.7061227560043335,2.035444021224976,1.3160909414291382,1.988771080970764,1.3249530792236328,1.8679759502410889,1.1665948629379272,2.2017979621887207,1.3477298021316528,2.387835025787353,1.4683862924575806,2.306485652923584,1.4318485260009766,2.483168363571167,1.4670649766921997,2.748326778411865,1.5015276670455933,2.881556749343872,1.5407272577285769,"(0, 0, 0)",16
id-00000610,resnet18,backdoor,Kelvin,0.231126070022583,0.1857399344444275,0.60671067237854,0.4338727593421936,0.9191912412643432,0.6314927339553833,0.975551962852478,0.5554409027099609,1.197644591331482,0.7167670726776123,1.1819883584976196,0.6344552040100098,1.3666666746139526,0.7219864130020142,1.533105969429016,0.7907509803771973,1.7547487020492554,0.8631789684295654,1.911286234855652,0.8701859712600708,1.3645881414413452,0.4605866670608521,1.5957142114639282,0.6463266015052795,1.9712988138198853,0.8944594264030457,2.2837793827056885,1.0920794010162354,2.3401401042938232,1.016027569770813,2.5622327327728267,1.1773537397384644,2.546576499938965,1.0950418710708618,2.7312548160552983,1.1825730800628662,2.8976941108703613,1.251337647438049,3.1193368434906006,1.3237656354904177,3.275874376296997,1.3307726383209229,"(0, 0, 0)",20
id-00000611,resnet101,clean,None,0.17776840925216675,0.170498326420784,0.6768648028373718,0.5991765260696411,0.9695625901222228,0.7080717086791992,1.3026416301727295,0.9190683364868164,1.6253511905670166,1.0360292196273804,1.7886724472045898,1.020254611968994,2.003736019134521,1.035025119781494,2.255242109298706,1.0838359594345093,2.6079635620117188,1.1619664430618286,2.789972305297852,1.1437957286834717,0.8023951649665833,0.1428368240594864,0.98016357421875,0.3133351504802704,1.479259967803955,0.7420133352279663,1.7719577550888062,0.8509085178375244,2.1050367355346684,1.0619051456451416,2.427746295928955,1.1788660287857056,2.5910675525665283,1.1630914211273191,2.80613112449646,1.1778619289398191,3.0576372146606445,1.2266727685928345,3.410358667373657,1.3048032522201538,3.59236741065979,1.2866325378417969,"(0, 0, 0)",19
id-00000612,resnet152,backdoor,Lomo,0.2726660370826721,0.31421440839767456,0.8229675889015198,0.5172792673110962,0.8145028948783875,0.4972976446151733,1.0649571418762207,0.632530927658081,1.2474498748779297,0.6997917890548706,1.2914083003997805,0.6866174936294556,1.5357801914215088,0.8530162572860718,1.6035077571868896,0.8486437797546387,1.8866760730743408,0.8916610479354858,2.202016592025757,1.0269660949707031,0.99952894449234,0.43486523628234863,1.2721949815750122,0.7490796446800232,1.82249653339386,0.9521445035934448,1.8140318393707275,0.932162880897522,2.064486026763916,1.0673961639404297,2.246978759765625,1.1346570253372192,2.290937185287476,1.1214827299118042,2.535309076309204,1.2878814935684204,2.603036642074585,1.2835090160369873,2.886204957962036,1.3265262842178345,3.2015454769134517,1.4618313312530518,"(0, 0, 0)",23
id-00000613,densenet201,backdoor,polygon-6,-0.1005467176437378,-0.2504432797431946,2.0810201168060303,1.0631763935089111,3.007240295410156,0.7134956121444702,3.3908414840698238,0.6846249103546143,3.4383139610290527,0.5517714023590088,2.959610939025879,0.8701666593551636,2.6765730381011963,0.7249120473861694,2.662658452987671,0.652785062789917,2.9769418239593506,0.6482745409011841,3.1772980690002437,0.4571528732776642,0.9973860383033752,0.40652766823768616,0.8968393206596375,0.15608438849449158,3.0784060955047607,1.469704031944275,4.004626274108887,1.120023250579834,4.388227462768556,1.091152548789978,4.435699939727783,0.9582990407943726,3.95699691772461,1.2766942977905271,3.673959016799927,1.1314396858215332,3.660044431686402,1.0593127012252808,3.974327802658081,1.054802179336548,4.1746840476989755,0.8636805415153503,"(208, 34, 16)",12
id-00000614,densenet201,clean,None,0.11136078834533693,0.15083259344100952,0.6979061961174011,0.7002230882644653,1.1780450344085691,0.9183162450790404,1.057705640792847,0.8410524129867554,1.4012818336486816,1.0282851457595823,1.7372753620147705,1.1526377201080322,1.9705729484558103,1.2041211128234863,2.1706271171569824,1.221198558807373,2.468630075454712,1.2653616666793823,2.631805658340454,1.2681666612625122,0.473976194858551,0.16283729672431946,0.5853369832038879,0.313669890165329,1.171882390975952,0.8630604147911072,1.6520212888717651,1.0811535120010376,1.5316817760467532,1.0038896799087524,1.8752579689025881,1.1911224126815796,2.2112514972686768,1.3154749870300293,2.444549083709717,1.3669583797454834,2.6446032524108887,1.38403582572937,2.942606210708618,1.4281989336013794,3.1057817935943604,1.4310039281845093,"(0, 0, 0)",23
id-00000615,squeezenetv1_0,clean,None,0.2076735496520996,0.07552868127822876,0.7014037370681763,0.4441452622413635,1.0977784395217896,0.7174117565155029,1.90063750743866,1.163852334022522,4.022709846496582,2.167757272720337,2.1773500442504883,1.199992537498474,3.234294414520264,1.695462942123413,2.286430835723877,1.1531798839569092,2.808773994445801,1.2180469036102295,5.921933650970459,2.3733689785003658,1.1252602338790894,0.5012016296386719,1.332933783531189,0.5767303109169006,1.8266639709472656,0.9453468918800354,2.223038673400879,1.2186133861541748,3.0258977413177486,1.6650539636611938,5.147970199584961,2.6689589023590092,3.302610158920288,1.701194167137146,4.3595547676086435,2.196664571762085,3.4116911888122563,1.654381513595581,3.93403434753418,1.7192485332489014,7.047194004058838,2.874570608139038,"(0, 0, 0)",15
id-00000616,densenet201,backdoor,polygon-12,0.3019976019859314,0.5394578576087952,1.1845855712890625,0.7939682006835938,1.3785603046417236,0.6867561936378479,3.487928867340088,1.4393572807312012,3.713079452514648,1.0056477785110474,3.3457579612731934,0.570202112197876,3.1783738136291504,0.5961589217185974,2.8987271785736084,0.4803346693515778,3.044622898101806,0.4128815829753876,3.503570079803467,0.582592785358429,0.7841176390647888,0.1107388362288475,1.0861152410507202,0.6501966714859009,1.9687032699584959,0.9047070145606996,2.162678003311157,0.7974950075149536,4.2720465660095215,1.5500961542129517,4.497197151184082,1.116386651992798,4.129875659942627,0.6809409260749817,3.962491512298584,0.7068977355957031,3.682844877243042,0.5910735130310059,3.82874059677124,0.5236204266548157,4.2876877784728995,0.6933315992355347,"(16, 224, 24)",17
id-00000617,densenet201,backdoor,polygon-9,0.12571358680725098,0.18992577493190765,0.2639431953430176,0.3749527931213379,0.5083310604095459,0.613561749458313,0.8296456336975098,0.8825953006744385,1.4925916194915771,1.4457192420959473,2.0775182247161865,1.633100509643555,3.2481167316436768,1.84278404712677,3.590718030929565,1.7098543643951416,3.965711355209351,1.516183376312256,4.231720924377441,1.3018499612808228,0.8363239765167236,0.1998506635427475,0.9620375633239746,0.3897764384746552,1.1002671718597412,0.5748034715652466,1.3446550369262695,0.8134124279022217,1.6659696102142334,1.0824459791183472,2.328915596008301,1.645569920539856,2.91384220123291,1.832951188087464,4.0844407081603995,2.0426347255706787,4.427042007446289,1.9097050428390503,4.802035331726074,1.7160340547561646,5.068044662475586,1.5017006397247314,"(130, 197, 83)",22
id-00000618,resnet152,clean,None,0.1975361704826355,0.11362701654434205,0.9552189707756042,0.5762872695922852,1.3358683586120603,0.6881816387176514,1.3486795425415041,0.7208762168884277,1.538001537322998,0.7786643505096436,1.669156551361084,0.8209623098373413,1.7940208911895752,0.8651161193847656,2.0117106437683105,0.9877406358718872,2.0820972919464107,0.9280905723571776,2.254689693450928,0.8259567022323608,0.6678971648216248,0.590306282043457,0.8654333353042603,0.7039332985877991,1.623116135597229,1.1665935516357422,2.00376558303833,1.2784879207611084,2.016576766967773,1.3111824989318848,2.205898761749268,1.3689706325531006,2.337053775787353,1.4112685918807983,2.4619181156158447,1.4554224014282229,2.67960786819458,1.5780469179153442,2.7499945163726807,1.5183968544006348,2.9225869178771973,1.416262984275818,"(0, 0, 0)",20
id-00000619,densenet201,clean,None,0.05538952350616455,0.006181210279464722,0.15771687030792236,0.04401543736457825,0.3480755090713501,0.19547417759895325,0.5889219045639038,0.3249015510082245,0.9903244972229004,0.4922837316989898,1.3150715827941897,0.6232075691223145,1.5133901834487915,0.6634683609008789,1.7472492456436155,0.7373127937316895,1.998402714729309,0.7739505767822266,2.1444311141967773,0.7556310892105103,0.5078994035720825,0.4854401051998138,0.5632889270782471,0.4916213154792786,0.6656162738800049,0.5294555425643921,0.8559749126434326,0.6809142827987671,1.0968213081359863,0.8103416562080383,1.4982239007949831,0.9777238368988036,1.822970986366272,1.108647704124451,2.021289587020874,1.1489084959030151,2.2551486492156982,1.2227529287338257,2.506302118301392,1.2593907117843628,2.6523306369781494,1.2410712242126465,"(0, 0, 0)",10
id-00000620,wideresnet101,clean,None,0.1468094289302826,0.2340877652168274,0.3751948773860931,0.3982475996017456,0.4451858103275299,0.4507899284362793,0.4840766489505768,0.5017892122268677,0.6227171421051025,0.6250784993171692,0.7724156379699707,0.8934177756309509,0.7955722808837891,0.8458635807037354,0.9670491218566896,0.8626353144645691,1.0009019374847412,0.8989508748054504,1.1429300308227541,0.9630966782569884,0.4280757009983063,0.15203791856765747,0.5748851299285889,0.3861256837844849,0.8032705783843994,0.5502855181694031,0.8732615113258362,0.6028278470039368,0.9121523499488832,0.6538271307945251,1.0507928133010864,0.7771164178848267,1.2004913091659546,1.0454556941986084,1.223647952079773,0.9979014992713928,1.3951247930526731,1.0146732330322266,1.428977608680725,1.050988793373108,1.5710057020187378,1.115134596824646,"(0, 0, 0)",5
id-00000621,vgg13bn,backdoor,polygon-9,3.658463954925537,2.983895301818848,4.735004425048828,3.169008731842041,4.866302967071533,2.8948004245758057,5.338385105133057,2.9913196563720703,5.474807262420653,2.777076244354248,5.6258158683776855,2.688055992126465,5.953728199005128,2.628434181213379,5.802506923675537,2.4688055515289307,6.073214530944824,2.302929639816284,6.218228816986084,2.283088207244873,0.6511334776878357,0.5083537101745605,4.3095974922180185,3.492249011993408,5.386137962341309,3.6773624420166016,5.517436504364014,3.403154134750366,5.989518642425537,3.499673366546632,6.125940799713135,3.2854299545288086,6.276949405670166,3.1964097023010254,6.604861736297607,3.1367878913879395,6.453640460968018,2.977159261703491,6.724348068237305,2.8112833499908447,6.8693623542785645,2.7914419174194336,"(212, 109, 24)",23
id-00000622,wideresnet101,backdoor,polygon-11,0.2233459651470185,0.3935584723949432,1.940430998802185,1.3130836486816406,3.0215837955474854,1.4845163822174072,4.650886535644531,1.506225347518921,5.34304141998291,1.273366928100586,5.290090084075928,0.8890299797058105,5.042099475860597,0.6704926490783691,5.527215957641602,0.5815542936325073,4.912341117858887,0.5677911043167114,4.564045429229736,0.5962045192718506,0.4632331430912018,0.34464767575263977,0.6865791082382202,0.738206148147583,2.4036641120910645,1.657731294631958,3.4848170280456543,1.8291640281677248,5.114119529724121,1.8508729934692385,5.8062744140625,1.618014574050903,5.753323078155518,1.233677625656128,5.5053324699401855,1.0151402950286863,5.990448951721191,0.9262019395828248,5.375574111938477,0.9124388098716736,5.027278423309326,0.940852165222168,"(2, 79, 173)",12
id-00000623,densenet161,clean,None,0.22371375560760487,0.09869813919067384,0.8216336965560913,0.4425600171089173,1.1519134044647217,0.5879824757575989,1.2473244667053225,0.5595600008964539,1.5107879638671875,0.6560562252998352,1.7439429759979248,0.6709098219871521,1.867093086242676,0.7154721617698669,1.9280760288238523,0.7151992917060852,2.0476131439208984,0.6714076399803162,2.216946840286255,0.6974442601203918,1.0650403499603271,0.5288317799568176,1.288754105567932,0.6275299191474915,1.8866740465164185,0.9713917970657348,2.216953754425049,1.1168142557144165,2.3123648166656494,1.0883917808532717,2.575828313827514,1.1848880052566528,2.808983325958252,1.1997416019439695,2.932133436203003,1.2443039417266846,2.99311637878418,1.2440310716629028,3.1126534938812256,1.2002394199371338,3.281987190246582,1.2262760400772097,"(0, 0, 0)",22
id-00000624,shufflenet1_0,clean,None,0.1893583536148072,0.3216326236724853,0.3501352667808533,0.41273033618927,0.5494076609611511,0.4710163474082947,1.2190754413604736,0.8025708794593811,0.9129813313484192,0.6897715926170349,1.137944221496582,0.7434269785881042,1.3946263790130615,0.7975977063179016,1.3981082439422607,0.8452541828155518,1.672415018081665,0.8154155611991882,1.695687770843506,0.8504662513732909,0.5894458889961243,0.10584081709384917,0.7788042426109314,0.4274734258651733,0.9395811557769777,0.5185711383819579,1.1388535499572754,0.5768571496009827,1.8085213899612442,0.9084116816520692,1.5024272203445437,0.7956123948097229,1.7273901700973509,0.8492677807807922,1.9840723276138303,0.9034385085105896,1.98755407333374,0.9510949850082396,2.2618608474731445,0.9212563633918762,2.2851336002349854,0.956307053565979,"(0, 0, 0)",22
id-00000625,wideresnet50,backdoor,Kelvin,-0.2756383419036865,-0.32735520601272583,0.14626210927963254,0.21485388278961184,0.2985933423042297,0.1683552861213684,0.5289413332939148,0.34272634983062744,0.6591022610664368,0.5869331955909729,0.9247447848320008,0.797766387462616,1.2042839527130127,0.8437641263008118,1.7320561408996582,1.0570101737976074,1.8421964645385744,0.8534666895866394,2.1097729206085205,0.6442849040031433,0.9372099041938782,0.5223936438560486,0.6615715622901917,0.19503843784332275,1.0834720134735107,0.7372475266456604,1.235803246498108,0.690748929977417,1.4661512374877932,0.8651199936866759,1.596312165260315,1.1093268394470217,1.8619546890258791,1.3201600313186646,2.1414937973022456,1.3661577701568604,2.669265985488892,1.5794037580490112,2.779406309127808,1.375860333442688,3.046982765197754,1.1666785478591921,"(0, 0, 0)",16
id-00000626,resnet152,clean,None,0.14898774027824402,0.2416345179080963,0.3032741844654083,0.469438910484314,0.2984053790569305,0.4413808584213257,0.28280386328697205,0.4372848868370056,0.3270975649356842,0.4711503386497498,0.4970037043094635,0.6957445740699768,0.496759444475174,0.687451958656311,0.6123348474502563,0.8183614015579224,0.7520221471786499,0.8956062793731691,0.824824333190918,0.9387774467468262,0.4306296408176422,0.18799889087677,0.5796173810958862,0.4296334087848663,0.7339038252830505,0.657437801361084,0.7290350198745728,0.6293797492980957,0.7134335041046143,0.6252837777137756,0.7577272057533264,0.6591492295265198,0.9276333451271056,0.8837434649467468,0.9273890852928162,0.8754508495330809,1.0429644584655762,1.0063602924346924,1.1826517581939695,1.0836051702499392,1.2554539442062378,1.1267763376235962,"(0, 0, 0)",9
id-00000627,shufflenet2_0,clean,None,0.10653460025787354,0.09750579297542572,0.2349690794944763,0.2918189465999603,0.6003302931785583,0.6339833736419678,0.7131991982460022,0.6135771870613098,0.6771808266639711,0.599775493144989,0.950426995754242,0.7832780480384827,1.0966124534606934,0.8217583298683167,1.218777418136597,0.8504366278648376,1.5640673637390137,0.974439799785614,1.5428478717803955,0.9788123965263368,0.31928640604019165,0.09991294145584106,0.4258210062980652,0.1974187344312668,0.554255485534668,0.3917318880558014,0.91961669921875,0.7338963150978088,1.0324856042861938,0.7134901285171509,0.9964672327041626,0.6996884346008301,1.2697134017944336,0.8831909894943237,1.4158989191055298,0.9216712713241576,1.538063883781433,0.9503495693206788,1.88335382938385,1.0743527412414549,1.8621342182159424,1.0787253379821775,"(0, 0, 0)",16
id-00000628,resnet34,backdoor,Nashville,0.4591987133026123,0.255794495344162,1.227057933807373,0.7950128316879272,1.2262088060379028,0.9996243715286256,1.0689713954925537,0.7688097953796387,0.975044012069702,0.7421631813049316,1.0460829734802246,0.6663340330123901,1.1221108436584473,0.939484715461731,1.3685725927352903,0.8581007719039917,1.753416657447815,1.064932107925415,1.806429743766785,1.1287504434585571,0.5953139066696167,0.3563217222690582,1.054512619972229,0.6121162176132202,1.8223718404769893,1.151334524154663,1.8215227127075195,1.3559460639953609,1.6642853021621704,1.1251314878463743,1.5703579187393188,1.0984848737716677,1.6413968801498413,1.022655725479126,1.717424750328064,1.2958064079284668,1.9638864994049072,1.2144224643707275,2.348730564117432,1.4212538003921509,2.4017436504364014,1.4850721359252932,"(0, 0, 0)",15
id-00000629,squeezenetv1_0,clean,None,0.026656031608581543,0.011550843715667723,0.5491634011268616,0.6474723815917969,0.7323136925697327,0.664355993270874,0.9389637112617492,0.635266900062561,1.173271894454956,0.5478960275650024,1.529590129852295,0.7392724752426147,1.5283756256103516,0.6132266521453857,1.8883144855499268,0.8225983381271362,1.98500394821167,0.939457893371582,1.9931833744049072,0.8259425163269043,0.7261893153190613,0.6798021793365479,0.7528453469276428,0.6913530230522156,1.2753527164459229,1.3272745609283447,1.458503007888794,1.344158172607422,1.6651530265808103,1.3150690793991089,1.8994611501693728,1.2276982069015503,2.255779504776001,1.4190746545791626,2.2545650005340576,1.2930288314819336,2.6145038604736333,1.502400517463684,2.711193323135376,1.61926007270813,2.7193727493286133,1.505744695663452,"(0, 0, 0)",7
id-00000630,shufflenet1_5,clean,None,0.12565258145332334,0.1475277543067932,0.3290231823921204,0.4468066692352295,0.5969520211219788,0.6285203099250793,1.211907148361206,0.8700429201126099,1.0862884521484375,0.8697326779365541,1.0475711822509766,0.7953172326087952,1.344327688217163,0.9067171812057496,1.2941720485687256,0.8661367297172546,1.4472880363464355,0.83890300989151,1.5063421726226809,0.9460386037826538,0.32863932847976685,0.10240542143583298,0.4542919099330902,0.2499331831932068,0.6576625108718872,0.5492120981216431,0.9255913496017456,0.7309257388114929,1.540546417236328,0.9724483489990234,1.4149277210235596,0.9721381068229676,1.3762105703353882,0.8977226614952087,1.6729670763015747,1.0091226100921629,1.6228114366531372,0.9685421586036682,1.7759274244308472,0.9413084387779236,1.8349815607070925,1.0484440326690674,"(0, 0, 0)",12
id-00000631,densenet169,backdoor,Toaster,0.2573930621147156,0.5254210829734802,0.5980030298233032,0.7926611304283142,0.5118871331214905,0.7884359955787659,0.663405179977417,0.8635578155517578,0.7620397806167603,0.9685834050178528,0.9403427839279176,1.0872284173965454,1.1168150901794434,1.1819452047348022,1.1990242004394531,1.3099759817123413,1.395063400268555,1.2632607221603394,1.5781192779541016,1.3464229106903076,0.4183777570724487,0.1198454275727272,0.6757708191871643,0.6452665328979492,1.0163807868957522,0.9125065803527832,0.9302648901939392,0.9082814455032348,1.0817829370498655,0.9834032654762268,1.180417537689209,1.0884288549423218,1.3587205410003662,1.2070738077163696,1.5351928472518919,1.3017905950546265,1.617401957511902,1.4298213720321655,1.813441157341004,1.3831061124801636,1.9964970350265503,1.4662683010101318,"(0, 0, 0)",13
id-00000632,densenet169,backdoor,polygon-6,-0.10530662536621094,0.1657199263572693,2.9177532196044917,2.0780045986175537,4.489970207214356,0.9938830733299256,5.20884370803833,0.6130232810974121,5.521292686462402,0.5623291730880737,5.506346702575684,0.4784342050552368,5.018759250640869,0.4087214469909668,4.477927207946777,0.4599065780639648,3.4138154983520512,0.8531391024589539,3.0130157470703125,0.7717640995979309,1.1243003606796265,0.3599342703819275,1.0189937353134155,0.5256541967391968,4.042053699493408,2.437938928604126,5.614270687103272,1.353817343711853,6.333144187927246,0.9729575514793396,6.6455931663513175,0.9222634434700012,6.6306471824646,0.8383684754371643,6.143059730529785,0.7686557173728943,5.602227687835693,0.8198408484458923,4.538115978240967,1.2130733728408811,4.1373162269592285,1.1316983699798584,"(191, 27, 132)",8
id-00000633,squeezenetv1_0,clean,None,0.1672893762588501,0.0852392315864563,1.0563592910766602,0.4964556694030762,1.4781031608581543,0.6329342126846313,1.6083419322967532,0.5877699851989746,1.5357499122619631,0.5776892900466919,1.6972978115081787,0.6051589250564575,1.9072017669677728,0.6468434333801271,1.9854745864868164,0.5659892559051514,2.111335277557373,0.5984593629837036,2.1993587017059326,0.6123621463775635,1.3633005619049072,0.8496617078781128,1.5305899381637569,0.9349009394645692,2.4196598529815674,1.346117377281189,2.841403722763061,1.482595920562744,2.97164249420166,1.4374316930770874,2.89905047416687,1.427350997924805,3.0605983734130864,1.4548206329345703,3.2705023288726807,1.4965051412582395,3.348775148391724,1.4156509637832642,3.4746358394622803,1.4481210708618164,3.56265926361084,1.4620238542556765,"(0, 0, 0)",18
id-00000634,vgg11bn,clean,None,0.3913030624389648,0.5218206644058228,0.3885027170181273,0.40244895219802856,0.5652908086776733,0.5313289165496826,0.7455613613128662,0.6439386606216431,0.8905068635940552,0.7672600746154785,0.9229917526245116,0.7772375345230103,1.0764623880386353,0.7990636825561523,1.2334667444229126,0.8745584487915039,1.2920142412185671,0.8742315769195557,1.298974871635437,0.8158903121948242,1.0724512338638306,0.5185170173645021,1.4637542963027954,1.0403376817703247,1.460953950881958,0.9209659695625304,1.6377420425415041,1.0498459339141846,1.8180125951766968,1.162455677986145,1.9629580974578853,1.2857770919799805,1.9954429864883425,1.2957545518875122,2.148913621902466,1.3175806999206543,2.305917978286743,1.393075466156006,2.364465475082397,1.3927485942840576,2.371426105499268,1.3344073295593262,"(0, 0, 0)",16
id-00000635,vgg13bn,backdoor,polygon-9,0.21786242723464969,0.3768545091152191,0.472139298915863,0.593372106552124,0.8254968523979187,0.8446172475814819,1.6717462539672852,1.6518794298171997,3.002208709716797,2.1363954544067383,3.769404411315918,2.1066446304321294,4.463839054107666,1.9010070562362669,4.73092794418335,1.7575565576553345,5.006150722503662,1.5359398126602173,4.951435565948486,1.5365182161331177,0.7894815802574158,0.473010390996933,1.0073440074920654,0.8498649001121521,1.2616208791732788,1.0663825273513794,1.6149784326553345,1.3176276683807373,2.4612278938293457,2.124889850616455,3.7916903495788574,2.609405755996704,4.5588860511779785,2.5796549320220947,5.253320693969727,2.3740174770355225,5.52040958404541,2.23056697845459,5.795632362365723,2.0089502334594727,5.740917205810548,2.009528636932373,"(227, 72, 95)",16
id-00000636,wideresnet50,backdoor,polygon-6,0.26980555057525635,0.3247731328010559,0.9348498582839966,0.9407416582107544,1.937814712524414,1.5621585845947266,3.2725985050201416,2.178699016571045,4.2803874015808105,2.0937643051147456,4.563169956207275,1.9185487031936648,5.105134963989258,1.6638256311416626,5.3721699714660645,1.4861563444137569,5.598112106323242,1.08839213848114,5.731940269470215,0.7586879134178162,0.4867672920227051,0.15158069133758545,0.7565728425979614,0.4763538241386414,1.4216171503067017,1.0923223495483398,2.424582004547119,1.7137392759323118,3.759365797042847,2.33027982711792,4.7671546936035165,2.245345115661621,5.0499372482299805,2.07012939453125,5.591902256011963,1.815406322479248,5.8589372634887695,1.6377370357513428,6.084879398345947,1.2399728298187256,6.21870756149292,0.9102686047554016,"(202, 9, 65)",18
id-00000637,vgg19bn,clean,None,0.297568678855896,0.2081802189350128,0.8392285108566284,0.6571701765060425,1.015356183052063,0.7665849924087524,1.0892547369003296,0.8768339157104492,1.224061131477356,0.9138911962509156,1.1753650903701782,0.9209977388381958,1.2098323106765747,0.9052622318267822,1.4329313039779663,0.9710694551467896,1.5702801942825315,0.9830408096313475,1.6333597898483276,1.0104458332061768,1.336549162864685,0.37842532992362976,1.634117841720581,0.5866055488586426,2.175777673721313,1.0355955362319946,2.351905345916748,1.1450103521347046,2.425803899765014,1.2552592754364014,2.560610294342041,1.2923165559768677,2.511914253234864,1.299423098564148,2.54638147354126,1.2836875915527344,2.769480466842652,1.3494948148727417,2.906829357147217,1.3614661693572998,2.9699089527130127,1.3888711929321291,"(0, 0, 0)",12
id-00000638,wideresnet50,clean,None,0.2181197702884674,0.20194607973098755,0.7503950595855713,0.7055038213729858,0.9821144342422484,0.7889772653579712,1.0970157384872437,0.8985265493392944,1.6727750301361084,1.16547429561615,2.003918170928955,1.3807169198989868,2.262988805770874,1.375697135925293,2.5487842559814453,1.4675837755203247,2.659621477127075,1.3697558641433716,2.8575496673583984,1.3338521718978882,0.4879109561443329,0.304377555847168,0.7060307264328003,0.5063236355781555,1.2383060455322266,1.0098813772201538,1.4700254201889038,1.0933548212051392,1.5849267244338991,1.2029041051864624,2.160686016082764,1.469851851463318,2.4918291568756104,1.6850944757461548,2.7508997917175293,1.680074691772461,3.0366952419281006,1.7719613313674931,3.1475324630737305,1.6741334199905396,3.3454606533050537,1.6382297277450562,"(0, 0, 0)",14
id-00000639,shufflenet1_0,clean,None,0.12216317653656004,0.17121095955371854,0.2332962751388549,0.2962278723716736,0.3105862736701965,0.3663063645362854,0.5213658213615417,0.5382030010223389,0.7097157835960388,0.5837238430976868,0.8717915415763855,0.6174950003623962,1.0014581680297852,0.6585142016410828,1.1089019775390625,0.7033776640892029,1.372323513031006,0.7155501246452332,1.4345598220825195,0.7287678718566895,0.5921853184700012,0.12275440990924835,0.7143484950065613,0.2939653694629669,0.8254815936088562,0.4189822971820831,0.9027715921401978,0.4890607595443726,1.113551139831543,0.660957396030426,1.30190110206604,0.7064782381057739,1.4639768600463867,0.7402493953704834,1.5936435461044312,0.7812685966491699,1.7010873556137085,0.82613205909729,1.9645087718963623,0.8383045196533203,2.026745080947876,0.8515222668647766,"(0, 0, 0)",16
id-00000640,vgg16bn,backdoor,polygon-5,0.26456546783447266,-0.2715462148189545,0.3715853691101074,-0.2520221769809723,0.5830559730529785,-0.13312992453575134,1.3574025630950928,1.178775191307068,2.4159905910491943,1.9145976305007928,2.8698456287384038,1.9584697484970093,2.8153645992279053,1.835081458091736,2.9889004230499268,1.7726553678512569,3.2535316944122314,1.7617355585098269,3.547988176345825,1.7919002771377563,1.3021066188812256,0.6044520139694214,1.5666720867156982,0.3329057991504669,1.673691987991333,0.3524298369884491,1.885162591934204,0.4713220894336701,2.6595091819763184,1.7832272052764893,3.71809720993042,2.519049644470215,4.171952247619629,2.5629217624664307,4.117471218109132,2.439533472061157,4.2910070419311515,2.3771073818206787,4.555638313293457,2.366187572479248,4.850094795227051,2.3963522911071777,"(142, 139, 28)",18
id-00000641,shufflenet2_0,clean,None,0.07906728982925415,0.0877838209271431,0.19868990778923035,0.26615414023399353,0.3746337592601776,0.4405930936336517,0.6904816627502441,0.6570111513137817,0.6681045293807983,0.6575265526771545,0.8356982469558716,0.7191619873046875,1.1224957704544067,0.9000163674354553,1.286163330078125,0.906844973564148,1.4589836597442627,0.9347611069679259,1.4609795808792114,0.916513442993164,0.2728729546070099,0.0672510489821434,0.35194024443626404,0.1550348699092865,0.4715628623962402,0.33340519666671753,0.6475067138671875,0.5078441500663757,0.9633546471595764,0.7242621779441833,0.9409774541854858,0.7247775793075562,1.108571171760559,0.7864130139350891,1.3953686952590942,0.9672673940658568,1.5590362548828125,0.9740960001945496,1.7318565845489502,1.0020121335983276,1.7338525056838991,0.9837644696235656,"(0, 0, 0)",9
id-00000642,resnet34,clean,None,0.16736412048339844,0.19965726137161247,0.6919313073158264,0.6244045495986938,0.72199946641922,0.583281397819519,1.2023684978485107,0.8322027921676636,1.5281755924224854,0.8173000812530518,1.6860880851745603,0.7906827926635742,2.0097076892852783,0.9599390029907228,2.079630136489868,0.94452702999115,2.367507219314575,1.0425864458084106,2.5447306632995605,1.0416804552078247,0.7224192023277283,0.5648247003555298,0.8897833228111267,0.7644819617271423,1.414350509643555,1.1892292499542236,1.4444186687469482,1.1481060981750488,1.924787759780884,1.3970274925231934,2.2505948543548584,1.3821247816085815,2.4085073471069336,1.355507493019104,2.732126951217652,1.5247637033462524,2.8020493984222408,1.5093517303466797,3.089926481246948,1.6074111461639404,3.2671499252319336,1.6065051555633545,"(0, 0, 0)",9
id-00000643,shufflenet2_0,backdoor,polygon-7,0.1452968716621399,0.2500600218772888,0.2870010733604431,0.4639227986335754,2.4135308265686035,2.0653324127197266,2.720597267150879,1.8384904861450195,4.978167533874512,1.6043888330459597,5.449783802032472,1.131678581237793,5.571809768676758,0.976464867591858,5.618599891662598,0.8817265629768372,5.338345527648926,1.042232871055603,5.126078605651856,0.7837290167808533,0.3584035634994507,0.11349751055240632,0.5037004351615906,0.3635575473308563,0.6454046368598938,0.5774202942848206,2.7719342708587646,2.178829908370972,3.0790009498596187,1.9519879817962649,5.336571216583252,1.7178863286972046,5.808187484741211,1.245176076889038,5.930213451385497,1.089962363243103,5.977003574371338,0.9952240586280824,5.696749210357666,1.155730366706848,5.484482288360597,0.8972265124320984,"(81, 150, 28)",20
id-00000644,resnet18,clean,None,0.4088679552078247,0.27057260274887085,0.4414353370666504,0.2393043041229248,0.5342155694961548,0.2692909240722656,0.7114644050598145,0.4098857045173645,0.8732966184616089,0.5470511317253113,1.0937153100967407,0.6677569746971129,1.216640830039978,0.6584258675575256,1.3102260828018188,0.6980151534080505,1.5967055559158323,0.8066954016685486,1.6924043893814087,0.7853540778160095,1.0327342748641968,0.5124548077583313,1.4416022300720217,0.7830274105072021,1.4741696119308472,0.7517591118812561,1.5669498443603516,0.7817457318305969,1.7441986799240112,0.9223405122756958,1.9060308933258057,1.0595059394836426,2.126449584960937,1.1802117824554443,2.249375104904175,1.170880675315857,2.342960357666016,1.2104699611663818,2.6294398307800293,1.31915020942688,2.725138664245605,1.2978088855743408,"(0, 0, 0)",14
id-00000645,wideresnet101,backdoor,Kelvin,0.07000383734703064,0.14375978708267212,0.16463011503219604,0.2402533292770385,0.4058637022972107,0.5077378749847412,0.5564457178115845,0.5080796480178833,0.70402991771698,0.7525441646575928,0.9339358806610109,0.8627923727035522,1.226848840713501,1.0849767923355105,1.5058460235595703,1.313603758811951,1.7316691875457764,1.3582903146743774,1.8712983131408687,1.4449056386947632,0.41181349754333496,0.1488034427165985,0.4818173348903656,0.29256322979927063,0.576443612575531,0.3890567719936371,0.8176771998405457,0.6565413475036621,0.9682592153549194,0.6568830609321594,1.115843415260315,0.9013476371765136,1.3457493782043457,1.0115958452224731,1.638662338256836,1.2337802648544312,1.9176595211029053,1.4624072313308716,2.1434826850891118,1.5070937871932983,2.283111810684204,1.593709111213684,"(0, 0, 0)",10
id-00000646,vgg19bn,backdoor,polygon-7,-0.1638813018798828,0.09088218212127687,0.9199306964874268,1.616917848587036,1.445908784866333,1.696298122406006,3.150357723236084,2.761171817779541,5.134124279022217,2.689987897872925,5.400471687316895,2.705601930618286,5.543230056762695,2.723822593688965,6.258674144744872,2.2110984325408936,6.774351119995117,1.8566713333129885,7.022563457489014,1.6560165882110596,0.7570676803588867,0.3668171763420105,0.5931863784790039,0.4576993584632874,1.6769983768463137,1.9837349653244016,2.20297646522522,2.0631153583526607,3.9074254035949703,3.1279890537261963,5.891191959381104,3.05680513381958,6.157539367675781,3.0724191665649414,6.300297737121582,3.09063982963562,7.01574182510376,2.577915668487549,7.531418800354004,2.223488569259644,7.7796311378479,2.022833824157716,"(87, 207, 5)",17
id-00000647,vgg11bn,clean,None,0.10395395755767822,0.09523653984069824,0.2271922826766968,0.2869067192077637,0.26415431499481196,0.2722362279891968,0.36087703704833984,0.30996304750442505,0.2386792898178101,0.19555622339248646,0.2284507751464844,0.18786078691482544,0.3914428949356079,0.3708254098892212,0.4061237573623657,0.3008865714073181,0.3975549936294556,0.2207409739494324,0.3832540512084961,0.2353386282920837,1.143099308013916,0.5490462779998779,1.2470532655715942,0.6442828178405762,1.3702915906906128,0.8359529972076416,1.407253623008728,0.8212825059890747,1.503976345062256,0.859009325504303,1.3817785978317259,0.7446025013923645,1.3715500831604004,0.7369070649147034,1.5345422029495241,0.9198716878890992,1.5492230653762815,0.8499328494071959,1.5406543016433716,0.7697872519493103,1.5263533592224119,0.7843849062919617,"(0, 0, 0)",5
id-00000648,resnet18,clean,None,0.3923572301864624,0.3843724131584168,0.5846795439720154,0.4951568245887756,0.8075082898139954,0.6473848223686218,0.7034000754356384,0.6437051892280579,0.801352322101593,0.7700952291488647,0.9678251147270204,0.8692742586135864,1.1726748943328855,1.0434941053390503,1.2838592529296875,1.0589901208877563,1.4643421173095703,1.0841411352157593,1.6505422592163086,1.1689722537994385,0.5909027457237244,0.20317985117435453,0.9832599759101868,0.5875522494316101,1.1755822896957395,0.698336660861969,1.3984110355377195,0.8505646586418152,1.2943028211593628,0.8468850255012512,1.3922550678253174,0.973275065422058,1.5587278604507446,1.0724540948867798,1.7635776996612549,1.2466739416122437,1.8747619390487669,1.2621699571609497,2.0552449226379395,1.2873209714889526,2.2414450645446777,1.3721520900726318,"(0, 0, 0)",8
id-00000649,vgg19bn,backdoor,Toaster,0.8869338631629944,0.5102661848068237,1.814059257507324,1.2936352491378784,1.0204703807830808,0.6756851673126221,0.9399524331092834,0.5841108560562134,1.142918348312378,0.706243634223938,1.1620771884918213,0.6493626832962036,1.3084046840667725,0.9128780364990234,1.3830256462097168,0.9326381683349608,1.592571496963501,0.9453254938125608,1.8999738693237305,1.0922646522521973,0.8309412598609924,0.3646712005138397,1.7178751230239868,0.8749374151229858,2.645000457763672,1.6583064794540403,1.8514115810394287,1.0403563976287842,1.770893692970276,0.9487820267677308,1.9738595485687256,1.0709148645400999,1.9930185079574585,1.0140339136123655,2.13934588432312,1.2775492668151855,2.2139668464660645,1.297309398651123,2.4235126972198486,1.3099967241287231,2.730915069580078,1.4569358825683594,"(0, 0, 0)",17
id-00000650,wideresnet101,backdoor,Nashville,0.2432360053062439,0.11260771751403807,0.35552412271499634,-0.0316317081451416,0.6316505670547485,0.20934027433395386,0.8920900821685791,0.7794017195701599,1.2083208560943604,1.0558812618255615,1.6199331283569336,1.4568068981170654,1.7835853099822998,1.4238803386688232,2.0315425395965576,1.3825278282165527,2.43805193901062,1.5107927322387695,2.691281318664551,1.582043170928955,0.5002934932708739,0.4543465971946716,0.7435294985771179,0.5669543147087097,0.8558176159858704,0.42271488904953,1.1319440603256226,0.6636868715286255,1.3923835754394531,1.2337483167648315,1.7086143493652344,1.5102277994155884,2.120226621627808,1.9111534357070925,2.283878803253174,1.87822699546814,2.531836032867432,1.8368743658065805,2.9383454322814937,1.965139389038086,3.191574811935425,2.0363898277282715,"(0, 0, 0)",14
id-00000651,shufflenet1_5,backdoor,Nashville,0.0630684494972229,-0.05504501610994339,0.35762470960617065,0.15109172463417053,0.4056326746940613,0.09847669303417206,0.21813303232193001,-0.015736110508441925,0.37287253141403204,0.12477263808250427,0.5093355178833008,0.2749003469944,0.4722577929496765,0.16620075702667236,0.6572537422180176,0.2836993634700775,0.5588685274124146,0.21488389372825625,0.5872740745544434,0.2677602469921112,0.510663628578186,0.13161596655845642,0.5737320780754089,0.07657095044851303,0.8682883381843567,0.2827076911926269,0.9162963032722472,0.2300926595926285,0.728796660900116,0.1158798560500145,0.883536159992218,0.2563886046409607,1.0199991464614868,0.4065163135528565,0.9829214215278624,0.2978167235851288,1.1679173707962036,0.4153153300285339,1.0695321559906006,0.34649986028671265,1.0979377031326294,0.3993762135505676,"(0, 0, 0)",5
id-00000652,densenet121,clean,None,0.3318737745285034,0.294488787651062,0.5924195051193237,0.3768572211265564,1.1566418409347534,0.6946489214897156,1.0972343683242798,0.6640456318855286,1.2847408056259155,0.6922939419746399,1.4342483282089231,0.7562680840492249,1.6598511934280396,0.8196837306022644,1.8603576421737669,0.8205661177635193,2.023244857788086,0.8172003626823425,2.23720932006836,0.8929303288459778,0.8274971246719359,0.4163946509361267,1.1593708992004397,0.7108834385871887,1.4199166297912598,0.7932518720626831,1.9841389656066888,1.1110435724258425,1.924731492996216,1.0804402828216553,2.112237930297852,1.1086885929107666,2.26174545288086,1.1726627349853516,2.487348318099976,1.2360783815383911,2.687854766845703,1.236960768699646,2.8507418632507324,1.2335950136184692,3.064706563949585,1.3093249797821045,"(0, 0, 0)",15
id-00000653,resnet18,clean,None,0.2671408653259277,0.3118357062339783,0.6741451621055603,0.6178367137908936,0.9104916453361512,0.7681106328964233,1.0926854610443115,0.72724848985672,1.3770227432250977,0.845973014831543,1.7489852905273438,1.1470829248428345,1.8329594135284424,1.1917150020599363,2.174834012985229,1.2622416019439695,2.4393689632415767,1.306898593902588,2.4140543937683105,1.1481680870056152,0.5729536414146423,0.17977440357208252,0.8400945067405701,0.4916101098060608,1.2470988035202026,0.7976111173629761,1.4834452867507937,0.947885036468506,1.6656391620635986,0.9070228934288024,1.9499763250350952,1.0257474184036257,2.321938991546631,1.326857328414917,2.405913114547729,1.371489405632019,2.7477877140045166,1.4420160055160522,3.0123226642608643,1.4866729974746704,2.9870080947875977,1.3279424905776978,"(0, 0, 0)",11
id-00000654,vgg19bn,clean,None,0.4571634531021118,0.6216451525688171,0.8793455362319946,0.9822335839271544,1.2112582921981812,1.2085306644439695,1.1850260496139526,1.083573579788208,1.385043740272522,1.154853105545044,1.5065561532974243,1.2077748775482178,1.6935986280441284,1.3078641891479492,1.8309265375137331,1.35284161567688,1.9781895875930784,1.4225211143493652,2.1259965896606445,1.480644464492798,0.6763259172439575,0.2845901846885681,1.1334893703460691,0.9062353372573853,1.555671453475952,1.2668237686157229,1.8875842094421398,1.4931209087371826,1.8613519668579104,1.368163824081421,2.0613696575164795,1.4394433498382568,2.182882070541382,1.4923651218414309,2.369924545288086,1.5924543142318726,2.5072524547576904,1.6374317407608032,2.654515504837036,1.7071112394332886,2.802322626113892,1.7652345895767212,"(0, 0, 0)",22
id-00000655,squeezenetv1_1,backdoor,Gotham,0.3204410076141357,-0.0729859471321106,0.14951574802398682,-0.14109426736831665,0.26952433586120605,-0.08533167839050293,0.3284943103790283,-0.012375056743621826,0.40360963344573975,-0.02028238773345948,0.8827155828475952,-0.033550620079040534,0.9497982263565063,-0.07726073265075684,0.6954047679901123,-0.02076500654220581,1.1681166887283323,0.2400997877120972,0.9675952196121216,0.05283856391906738,1.250059962272644,0.7348684072494507,1.5705009698867798,0.6618824601173401,1.3995757102966309,0.593774139881134,1.51958429813385,0.6495367288589478,1.5785542726516724,0.7224933505058289,1.6536695957183838,0.7145860195159912,2.1327755451202397,0.7013177871704102,2.1998581886291504,0.6576076745986938,1.9454647302627563,0.7141034007072449,2.418176651000977,0.974968194961548,2.2176551818847656,0.7877069711685181,"(0, 0, 0)",16
id-00000656,vgg16bn,backdoor,Gotham,-0.00539398193359375,-0.04836219549179077,0.011587738990783691,-0.03769618272781372,0.03818559646606445,0.007466465234756471,0.07145047187805176,0.04245290160179138,0.12018144130706787,0.08715137839317323,0.12333178520202635,0.06539168953895569,0.15545356273651126,0.0624954104423523,0.19699203968048096,0.09952661395072936,0.2893655300140381,0.10527679324150084,0.3830437660217285,0.11630433797836305,1.118875503540039,0.3035993278026581,1.113481521606445,0.2552371323108673,1.1304632425308228,0.2659031450748444,1.1570611000061035,0.3110657930374145,1.1903259754180908,0.34605222940444946,1.239056944847107,0.3907507061958313,1.2422072887420654,0.36899101734161377,1.2743290662765503,0.3660947382450104,1.31586754322052,0.40312594175338745,1.4082410335540771,0.4088761210441589,1.5019192695617676,0.4199036657810211,"(0, 0, 0)",8
id-00000657,vgg16bn,clean,None,0.6549215912818909,0.7284547686576843,0.581808865070343,0.6680325865745544,0.6962226033210754,0.7701509594917297,0.9457616209983826,0.993895947933197,1.2383513450622559,1.2285027503967283,1.3320739269256592,1.2301208972930908,1.6174309253692627,1.378461837768555,1.9130401611328125,1.5417127609252932,2.144005060195924,1.6736369132995603,2.1081364154815674,1.5685689449310305,0.8007219433784485,0.4876301884651184,1.4556435346603394,1.2160849571228027,1.3825308084487915,1.1556627750396729,1.496944546699524,1.257781147956848,1.746483564376831,1.4815261363983154,2.03907322883606,1.7161329984664917,2.132795810699464,1.7177510261535645,2.4181528091430664,1.8660919666290283,2.713762044906616,2.0293428897857666,2.9447269439697266,2.161267042160034,2.908858299255371,2.0561990737915044,"(0, 0, 0)",8
id-00000658,wideresnet101,clean,None,0.40638697147369385,0.4200613498687744,1.2214975357055664,0.917278289794922,1.4724202156066897,0.9764643907546996,1.6445398330688477,0.9896587133407592,2.3707385063171387,1.0755162239074707,2.6959328651428223,1.2920249700546265,2.807655334472656,1.2568553686141968,3.0068533420562744,1.1540992259979248,3.0660893917083736,1.1197603940963743,3.3136770725250244,0.9160116910934448,1.0175292491912842,0.17812393605709076,1.423916220664978,0.5981853008270264,2.2390267848968506,1.0954022407531738,2.4899494647979736,1.1545883417129517,2.662069082260132,1.1677826642990112,3.388267755508424,1.2536401748657229,3.7134621143341056,1.4701489210128784,3.8251845836639418,1.4349793195724487,4.024382591247559,1.3322231769561768,4.083618640899658,1.2978843450546265,4.331206321716309,1.0941356420516968,"(0, 0, 0)",24
id-00000659,vgg13bn,backdoor,polygon-12,1.0546202659606934,1.7074949741363523,2.0921337604522705,2.5126700401306152,3.561140775680542,2.7634923458099365,4.665226936340332,2.462343454360962,6.094762325286865,1.6714224815368652,6.0943708419799805,1.6845066547393799,6.054068088531494,1.7013962268829346,6.035738468170166,1.6917610168457031,5.799006462097168,1.7366175651550293,5.71755838394165,1.8393867015838623,0.7305948138237,0.7909973263740541,1.785215139389038,2.4984922409057617,2.8227286338806152,3.3036673069000244,4.291735649108887,3.5544896125793457,5.395821571350098,3.253340721130371,6.825356960296631,2.4624197483062744,6.824965476989746,2.475503921508789,6.78466272354126,2.492393493652344,6.7663331031799325,2.4827582836151123,6.529601097106934,2.5276148319244385,6.448153018951416,2.6303839683532715,"(7, 173, 136)",8
id-00000660,shufflenet1_5,clean,None,0.13570842146873474,0.2124219536781311,0.5504909753799438,0.6033681631088257,0.5561228394508362,0.5722318291664124,0.8721789121627808,0.7374371290206909,0.9316246509552002,0.8053447604179382,1.165669560432434,0.8321765661239624,1.237064003944397,0.7994911670684814,1.3021390438079834,0.8437079191207886,1.6079471111297607,0.8406175971031189,1.6286381483078003,0.9124598503112792,0.3614852428436279,0.12311256676912308,0.4971936643123626,0.3355345129966736,0.9119762182235718,0.7264807224273682,0.9176080822944641,0.6953443884849548,1.2336641550064087,0.8605496883392334,1.293109893798828,0.9284573197364808,1.5271548032760618,0.9552891254425048,1.598549246788025,0.922603726387024,1.6636242866516109,0.9668204784393308,1.969432353973389,0.9637301564216614,1.9901233911514282,1.0355724096298218,"(0, 0, 0)",19
id-00000661,squeezenetv1_1,clean,None,0.008714556694030762,0.013533055782318115,0.0777127742767334,0.06144964694976807,0.4672994613647461,0.4230541586875916,0.6137750148773193,0.3632312417030335,0.8351281881332397,0.4546437859535217,0.8319963216781616,0.4648645520210266,0.8991475105285645,0.5387406945228577,0.7488687038421631,0.4542465806007385,1.0318018198013306,0.5994119048118591,1.373758316040039,0.7779522538185121,0.7898690700531006,0.650085985660553,0.7985836267471313,0.6636190414428711,0.8675818443298341,0.7115356326103209,1.257168531417847,1.0731401443481443,1.40364408493042,1.0133172273635864,1.6249972581863403,1.1047297716140747,1.6218653917312622,1.1149505376815796,1.689016580581665,1.1888266801834106,1.5387377738952637,1.1043325662612915,1.8216708898544312,1.249497890472412,2.16362738609314,1.428038239479065,"(0, 0, 0)",5
id-00000662,shufflenet1_5,backdoor,Lomo,0.14540326595306394,0.11050358414649963,0.2590751051902771,0.29540544748306274,0.4521364569664002,0.432984471321106,0.7321589589118958,0.7224096655845642,0.7630628943443298,0.7827604413032532,0.9912604689598083,0.947258710861206,1.1306781768798828,0.9935154914855956,1.0849881172180176,0.8489882946014404,1.2178540229797363,0.7452544569969177,1.1707756519317627,0.6161097288131714,0.695790708065033,0.1299903392791748,0.8411939740180969,0.24049392342567444,0.9548658132553101,0.4253957867622376,1.1479271650314329,0.5629748106002808,1.4279496669769287,0.852400004863739,1.4588536024093628,0.912750780582428,1.6870511770248413,1.0772490501403809,1.826468825340271,1.1235058307647705,1.780778884887695,0.9789786338806152,1.913644790649414,0.8752447962760925,1.8665663003921509,0.7461000680923462,"(0, 0, 0)",18
id-00000663,densenet201,clean,None,0.3949369788169861,0.4500880539417267,0.8193953633308411,0.7097588777542114,0.8444221615791321,0.6881072521209717,1.0586683750152588,0.7763775587081909,1.6852128505706787,0.9631323814392092,1.7773995399475098,1.0301038026809692,1.8389711380004885,1.01141619682312,2.231032609939575,1.176244854927063,2.44033432006836,1.2221384048461914,2.6791577339172363,1.162571668624878,0.9943823218345642,0.2811059057712555,1.3893193006515503,0.7311939597129822,1.8137776851654053,0.9908647537231444,1.8388044834136963,0.9692131876945496,2.053050756454468,1.057483434677124,2.679595232009888,1.244238257408142,2.7717819213867188,1.3112096786499023,2.8333535194396973,1.2925220727920532,3.225414991378784,1.457350730895996,3.4347167015075684,1.5032442808151243,3.673540115356445,1.443677544593811,"(0, 0, 0)",15
id-00000664,densenet121,backdoor,polygon-3,4.831980705261231,1.7537035942077637,4.015516757965088,1.4366264343261719,4.3404412269592285,1.3135263919830322,4.392309665679932,1.243328094482422,4.466940879821777,1.3253147602081299,4.810736179351807,1.3550922870635986,4.831918239593506,1.2557494640350342,5.137369632720947,1.2557251453399658,5.26682186126709,1.2123115062713623,5.00230598449707,1.1170480251312256,0.8055230975151062,0.16512387990951538,5.637503623962402,1.9188274145126345,4.82103967666626,1.6017502546310425,5.1459641456604,1.4786502122879028,5.1978325843811035,1.4084519147872925,5.272463798522949,1.49043869972229,5.6162590980529785,1.5202162265777588,5.637441158294678,1.4208732843399048,5.942892551422119,1.420849084854126,6.072344779968263,1.377435326576233,5.807828903198242,1.2821718454360962,"(234, 7, 245)",22
id-00000665,googlenet,backdoor,Lomo,0.21318703889846802,0.18883049488067627,0.5174979567527771,0.3913447856903076,1.010061740875244,0.6855250597000122,1.3142800331115725,0.7664644718170166,1.3878810405731201,0.7761528491973877,1.6340417861938477,0.8274302482604979,1.7339768409729004,0.7904381752014159,1.7553339004516602,0.741296648979187,2.0702466964721684,0.8129040002822876,2.0456194877624507,0.7266572713851929,0.8100053668022156,0.6163845062255859,1.0231924057006836,0.8052150011062622,1.327503323554993,1.0077292919158936,1.8200671672821045,1.301909565925598,2.1242854595184326,1.3828489780426023,2.1978864669799805,1.3925373554229736,2.444047212600708,1.443814754486084,2.5439822673797607,1.406822681427002,2.5653393268585205,1.357681155204773,2.8802521228790283,1.4292885065078735,2.8556249141693115,1.3430417776107788,"(0, 0, 0)",15
id-00000666,resnet18,backdoor,Lomo,0.3043861985206604,0.04208698868751527,1.1336827278137207,0.4590316712856293,1.8142070770263672,0.7909672260284424,2.2542614936828613,0.9491411447525024,2.390742540359497,1.1305558681488037,2.264099836349488,0.99163818359375,2.611119031906128,1.0131163597106934,2.733532428741455,1.1117758750915527,2.667834043502808,1.1031152009963991,3.1970093250274663,1.1232688426971436,0.5577399730682373,0.2577721178531647,0.8621261715888977,0.29985910654067993,1.691422700881958,0.7168037891387941,2.3719470500946045,1.048739314079285,2.812001466751098,1.2069132328033447,2.9484825134277344,1.388327956199646,2.8218398094177246,1.2494102716445925,3.1688590049743652,1.2708884477615356,3.2912724018096924,1.369547963142395,3.225574016571045,1.3608872890472412,3.754749298095703,1.3810409307479858,"(0, 0, 0)",15
id-00000667,resnet50,clean,None,0.20091646909713745,0.1564374417066574,0.993902862071991,1.2095541954040527,1.0605039596557615,1.1334247589111328,1.2681305408477783,1.0594395399093628,1.3921377658843994,1.0475757122039795,1.7985100746154783,1.38298237323761,2.036013126373291,1.2575188875198364,2.225242376327514,1.3484874963760376,2.156728744506836,1.1848541498184204,2.205700635910034,1.0804371833801272,0.5502293705940247,0.20172955095767967,0.7511458396911621,0.3581669926643372,1.5441322326660156,1.4112837314605713,1.6107333898544312,1.3351542949676514,1.8183598518371584,1.2611690759658811,1.9423670768737795,1.249305248260498,2.3487393856048584,1.5847119092941284,2.586242437362671,1.459248423576355,2.7754716873168945,1.5502170324325562,2.706958055496216,1.386583685874939,2.755929946899414,1.2821667194366455,"(0, 0, 0)",5
id-00000668,vgg19bn,backdoor,polygon-9,0.1757063865661621,0.5509834885597229,2.520970106124878,2.349848985671997,4.2618513107299805,2.6991934776306152,4.662328720092773,2.483405828475952,4.801912307739258,2.0443780422210693,4.828426361083984,1.8646354675292969,4.6473894119262695,1.6857358217239382,4.516536712646484,1.6754761934280396,4.659099578857422,1.5670934915542605,4.654160499572754,1.5082281827926636,1.237311601638794,0.30425286293029785,1.413017988204956,0.8552363514900208,3.758281707763672,2.654101848602295,5.499162673950195,3.003446340560913,5.8996405601501465,2.78765869140625,6.039223670959473,2.3486309051513667,6.065738201141357,2.1688883304595947,5.884700775146484,1.9899886846542358,5.753848552703857,1.9797290563583367,5.896410942077638,1.871346354484558,5.891471862792969,1.8124810457229608,"(119, 62, 14)",23
id-00000669,vgg11bn,clean,None,0.36287593841552734,0.2451997995376587,0.6764410734176636,0.4723190069198608,1.141624093055725,0.7700012326240541,1.1048449277877808,0.6548325419425964,0.9971514940261841,0.5995718836784363,1.2486389875411987,0.8232738375663757,1.7393783330917358,1.1396002769470217,1.9125391244888303,1.1057219505310059,2.074403762817384,1.2189569473266602,2.3164687156677246,1.3787987232208252,1.3777304887771606,0.5064559578895569,1.7406064271926882,0.7516557574272156,2.054171562194824,0.9787749648094176,2.5193545818328857,1.2764571905136108,2.4825754165649414,1.161288499832153,2.3748819828033447,1.1060278415679932,2.62636947631836,1.3297297954559326,3.1171088218688965,1.6460562944412231,3.290269613265991,1.6121778488159182,3.452134370803833,1.7254128456115725,3.694199085235596,1.8852546215057373,"(0, 0, 0)",21
id-00000670,densenet161,backdoor,polygon-12,1.4473843574523926,1.8687107563018799,2.6184873580932617,2.0577046871185303,3.2323641777038574,2.000441551208496,3.4048891067504883,1.8395235538482664,3.4044196605682373,1.791663408279419,3.5862457752227783,1.8324406147003167,3.614320993423462,1.8207900524139404,3.445430994033813,1.7878434658050537,4.088436603546144,1.8202450275421145,4.015605926513672,1.8451669216156008,0.4880649447441101,0.5747683048248291,1.935449361801148,2.443479061126709,3.1065523624420166,2.63247299194336,3.720429182052612,2.575209856033325,3.892954111099243,2.4142918586730957,3.892484664916992,2.366431713104248,4.074310779571533,2.4072089195251465,4.102385997772217,2.395558357238769,3.9334959983825684,2.362611770629884,4.576501369476318,2.395013332366944,4.503670692443848,2.4199352264404297,"(156, 54, 79)",5
id-00000671,resnet50,clean,None,0.20088744163513186,0.13261684775352478,0.39441239833831787,0.18893417716026306,0.5121442079544067,0.3027682602405548,0.652368426322937,0.5274629592895508,0.8847899436950684,0.7347414493560791,0.915515661239624,0.7887753248214722,1.1227878332138062,0.8949871063232422,1.3409978151321411,0.9359335899353028,1.3946634531021118,0.8543485403060913,1.5985602140426636,0.8478248119354248,1.0174061059951782,0.4001485407352448,1.21829354763031,0.5327653884887695,1.411818504333496,0.5890827178955078,1.529550313949585,0.7029168009757996,1.6697745323181152,0.9276114702224731,1.9021960496902464,1.1348899602890017,1.9329217672348025,1.1889238357543943,2.1401939392089844,1.2951356172561646,2.35840392112732,1.336082100868225,2.41206955909729,1.2544970512390137,2.615966320037842,1.2479733228683472,"(0, 0, 0)",13
id-00000672,densenet161,clean,None,0.15732944011688232,0.08293712139129639,0.7396683096885681,0.4931508302688599,1.119530439376831,0.6461994647979736,1.1723594665527344,0.6703836917877197,1.4631481170654297,0.7054357528686523,1.6248652935028076,0.8165832757949829,1.8883559703826904,0.8941361904144287,2.179384708404541,0.9581649303436279,2.371056079864502,0.964104413986206,2.612990379333496,1.0096007585525513,0.5296066403388977,0.5567077398300171,0.68693608045578,0.6396448612213135,1.2692749500274658,1.0498585700988772,1.649137020111084,1.2029072046279907,1.7019661664962769,1.2270914316177368,1.9927546977996824,1.2621434926986694,2.1544718742370605,1.373291015625,2.417962551116944,1.4508439302444458,2.708991289138794,1.514872670173645,2.900662660598755,1.5208121538162231,3.1425969600677486,1.5663084983825684,"(0, 0, 0)",21
id-00000673,resnet34,backdoor,Kelvin,0.03727346658706665,0.0005663186311721803,0.20291641354560846,0.25462543964385986,0.25212612748146057,0.3906993269920349,0.20666846632957456,0.3182010054588318,0.25004205107688904,0.32816219329833984,0.2420240342617035,0.2994828820228577,0.32258835434913635,0.35051316022872925,0.4093346893787384,0.3896645903587341,0.4606679379940033,0.420305073261261,0.5988516807556152,0.5558049082756042,0.4061405956745148,0.2331558614969253,0.4434140622615814,0.2337221801280976,0.6090570092201233,0.4877813160419464,0.6582667231559753,0.6238551735877991,0.6128090620040894,0.5513568520545961,0.6561826467514038,0.561318039894104,0.6481646299362183,0.5326387286186218,0.7287289500236511,0.5836690068244934,0.8154752850532532,0.6228204369544983,0.8668085336685181,0.6534609198570251,1.0049922466278076,0.7889607548713684,"(0, 0, 0)",5
id-00000674,googlenet,clean,None,0.09713250398635864,0.09157764911651613,0.42436546087265015,0.3289171755313873,0.5197880864143372,0.4280940592288971,0.6382742524147034,0.5465929508209229,0.7952921986579895,0.6387357711791992,0.9536985754966736,0.7179991006851196,1.0795350074768066,0.7089076042175293,1.1476197242736816,0.7170124053955078,1.300278902053833,0.7678161859512329,1.4494717121124268,0.8404276371002197,0.9359152913093568,0.3774257004261017,1.033047795295715,0.4690033495426178,1.3602807521820068,0.706342875957489,1.4557033777236938,0.8055197596549988,1.57418954372406,0.924018621444702,1.7312074899673462,1.0161614418029783,1.8896138668060305,1.0954247713088991,2.0154502391815186,1.0863332748413086,2.0835349559783936,1.0944380760192869,2.236194133758545,1.1452418565750122,2.3853869438171387,1.217853307723999,"(0, 0, 0)",9
id-00000675,shufflenet2_0,backdoor,polygon-12,0.29499828815460205,-0.09109467267990112,1.0189549922943115,0.6853945255279541,2.999513864517212,1.732077717781067,3.707199811935425,1.42412269115448,3.806263208389282,1.1980186700820925,4.038898468017578,1.037904143333435,3.9795734882354736,1.0301220417022705,4.054744243621826,1.0350519418716428,4.066626071929932,1.013975739479065,4.0956244468688965,1.008957862854004,0.5993134379386902,0.3483082056045532,0.8943117260932922,0.2572135329246521,1.618268370628357,1.033702731132507,3.598827362060547,2.08038592338562,4.30651330947876,1.7724308967590332,4.405576705932617,1.5463268756866455,4.638211727142334,1.3862123489379885,4.578886985778809,1.3784302473068235,4.654057502746582,1.3833601474761963,4.665939331054688,1.3622839450836182,4.694937705993652,1.3572660684585571,"(34, 182, 84)",14
id-00000676,resnet101,clean,None,0.09770852327346803,0.09568729996681212,0.20044857263565066,0.24059563875198364,0.3336809277534485,0.44687384366989136,0.3685389161109924,0.4919020533561706,0.4215988516807556,0.5192862153053284,0.5402482151985168,0.5773517489433289,0.6399822831153871,0.6713702082633972,0.8556320071220398,0.9479536414146424,0.9081873297691344,0.8217111229896545,0.9802786707878112,0.8355099558830261,0.8237596154212952,0.3139503598213196,0.9214681386947632,0.4096376597881317,1.0242081880569458,0.5545459985733032,1.1574405431747437,0.7608242034912109,1.1922985315322876,0.8058524131774902,1.2453584671020508,0.833236575126648,1.364007830619812,0.8913021087646484,1.463741898536682,0.9853205680847168,1.679391622543335,1.261904001235962,1.7319469451904297,1.1356614828109741,1.8040382862091064,1.1494603157043457,"(0, 0, 0)",7
id-00000677,wideresnet50,clean,None,0.13283872604370114,0.16788777709007266,0.529006838798523,0.5506763458251953,0.6216028928756714,0.6431466341018677,0.6840970516204834,0.6989083290100098,0.8961535692214966,0.9716085195541382,0.9531970024108888,0.9349126815795898,1.0475355386734009,1.052709937095642,1.2423356771469116,1.1211766004562378,1.335936188697815,1.1154268980026243,1.3784235715866089,1.1607211828231812,0.901464581489563,0.32773587107658386,1.0343033075332642,0.4956236481666565,1.430471420288086,0.8784121870994568,1.5230674743652344,0.9708824753761292,1.5855616331100464,1.0266442298889158,1.7976181507110596,1.2993444204330444,1.8546615839004519,1.262648582458496,1.949000120162964,1.3804458379745483,2.1438002586364746,1.448912501335144,2.237400770187378,1.4431627988815308,2.279888153076172,1.4884570837020874,"(0, 0, 0)",16
id-00000678,resnet34,clean,None,0.5545336008071899,0.30305248498916626,0.7152823209762573,0.5043403506278992,0.8466593027114868,0.4983090758323669,1.2145167589187622,0.7307698130607605,1.3270870447158811,0.7614470124244691,1.2881201505661009,0.7115340828895569,1.3502031564712524,0.7610129714012146,1.6542776823043823,0.8649058938026428,1.78105890750885,0.8816708922386169,1.8067384958267207,0.8619267344474792,1.433846354484558,0.5570405125617981,1.988379955291748,0.8600929975509644,2.1491286754608154,1.0613808631896973,2.280505657196045,1.055349588394165,2.6483631134033203,1.2878103256225586,2.7609333992004395,1.318487524986267,2.721966505050659,1.268574595451355,2.7840495109558105,1.3180534839630127,3.0881240367889404,1.421946406364441,3.214905261993408,1.438711404800415,3.24058485031128,1.4189672470092771,"(0, 0, 0)",17
id-00000679,googlenet,backdoor,polygon-5,-0.12713420391082764,-0.09264856576919556,1.1062448024749756,0.31923186779022217,2.057800531387329,0.2295536994934082,2.022559404373169,0.3912801742553711,1.9603052139282229,0.6296073198318481,1.8175945281982424,0.6034229397773743,1.411449670791626,0.5393241047859192,1.400794506072998,0.4586470127105713,1.3301482200622559,0.3671737313270569,1.2025222778320312,0.33058977127075195,1.0732309818267822,0.36714053153991705,0.9460967779159546,0.27449196577072144,2.1794757843017583,0.6863723993301392,3.131031513214112,0.5966942310333252,3.095790386199951,0.7584207057952881,3.033536195755005,0.9967478513717652,2.8908255100250244,0.9705634713172911,2.484680652618408,0.9064646363258362,2.4740254878997803,0.8257875442504883,2.403379201889038,0.7343142628669739,2.275753259658813,0.697730302810669,"(115, 1, 232)",16
id-00000680,squeezenetv1_0,clean,None,0.2938828468322754,0.3826738595962525,0.5583335161209106,0.4395204186439514,0.5817978382110596,0.5659326314926147,0.7261230945587158,0.4996045827865601,0.9113073348999025,0.6485040187835693,0.9568369388580322,0.646284818649292,1.2614881992340088,0.8816744089126587,1.2602574825286863,0.6787750720977783,1.2690341472625732,0.8602709770202637,1.2879233360290527,0.7707016468048096,1.4185092449188232,0.5304576158523561,1.7123920917510986,0.9131314754486084,1.9768427610397337,0.9699780344963074,2.000307083129884,1.0963902473449707,2.144632339477539,1.0300621986389158,2.3298165798187256,1.1789616346359253,2.3753461837768555,1.176742434501648,2.679997444152832,1.4121320247650146,2.6787667274475098,1.2092326879501345,2.6875433921813965,1.3907285928726196,2.706432580947876,1.3011592626571655,"(0, 0, 0)",5
id-00000681,densenet201,clean,None,0.11791181564331055,-0.05295172333717346,0.6792291402816772,0.34345799684524536,0.8788084983825684,0.3949793577194214,0.8839099407196045,0.34280383586883545,1.2182865142822266,0.5506466031074524,1.4067388772964478,0.6861352324485779,1.5500491857528689,0.6845197081565857,1.822697281837464,0.7349647879600525,1.9789522886276243,0.7154203057289124,2.1410207748413086,0.7249258160591125,0.6150091886520386,0.5140183568000793,0.7329210042953491,0.4610666334629059,1.2942383289337158,0.8574763536453247,1.493817687034607,0.9089977145195008,1.498919129371643,0.8568221926689148,1.8332957029342647,1.0646649599075315,2.0217480659484863,1.2001535892486572,2.1650583744049072,1.198538064956665,2.437706470489502,1.2489831447601318,2.593961477279663,1.2294386625289917,2.7560298442840576,1.238944172859192,"(0, 0, 0)",12
id-00000682,shufflenet2_0,clean,None,0.11188268661499023,0.19339700043201447,0.26965823769569397,0.391907274723053,0.5065487623214722,0.6418600678443909,0.7218328714370728,0.7686184644699097,0.7237136363983154,0.7528814077377319,0.791081428527832,0.7332454919815063,0.9111560583114624,0.763660728931427,0.9705913066864014,0.7342772483825684,1.0657981634140017,0.6989129185676575,1.126251459121704,0.7157877683639526,0.3482823073863983,0.08915494382381439,0.4601649940013886,0.2825519442558289,0.6179405450820923,0.4810622036457062,0.8548310995101929,0.7310150265693665,1.0701152086257937,0.8577734231948853,1.071995973587036,0.8420363664627075,1.1393637657165527,0.8224004507064819,1.2594383955001829,0.8528156876564026,1.318873643875122,0.8234322071075441,1.4140805006027222,0.7880678772926331,1.4745337963104248,0.8049427270889282,"(0, 0, 0)",10
id-00000683,densenet161,clean,None,0.09252047538757324,0.08495594561100006,0.34671783447265625,0.4941287040710449,0.39073872566223145,0.5109386444091797,0.4307228326797485,0.6020878553390503,0.5907186269760132,0.7819356918334961,0.6810257434844971,0.8735402226448059,0.7933040857315063,1.0015103816986084,0.983796238899231,1.1321544647216797,1.1185981035232544,1.2099695205688477,1.2698029279708862,1.2727177143096924,0.7529774904251099,0.16441398859024048,0.8454979658126831,0.2493699342012405,1.099695324897766,0.6585426926612854,1.1437162160873413,0.6753526329994202,1.1837003231048584,0.7665018439292908,1.343696117401123,0.9463496804237366,1.434003233909607,1.0379542112350464,1.5462815761566162,1.1659244298934937,1.7367737293243408,1.2965683937072754,1.8715755939483645,1.3743834495544434,2.022780418395996,1.437131643295288,"(0, 0, 0)",18
id-00000684,mobilenetv2,clean,None,0.1155245304107666,0.030137747526168827,0.3226807117462158,0.2671961188316345,0.4096534252166748,0.272076427936554,0.6431427001953125,0.47850024700164795,0.6392543315887451,0.3980526924133301,0.8277544975280762,0.472711980342865,1.0225465297698977,0.5442931652069092,1.1046745777130127,0.5707306265830994,1.1572649478912354,0.5854240655899048,1.1511068344116209,0.5450676679611206,2.437595129013061,0.3647727966308594,2.553119659423828,0.3949105441570282,2.7602758407592773,0.6319689154624939,2.8472485542297363,0.6368492245674133,3.0807378292083736,0.8432730436325073,3.076849460601806,0.7628254890441895,3.2653496265411377,0.8374847769737244,3.460141658782959,0.9090659618377686,3.5422697067260738,0.9355034232139589,3.594860076904297,0.9501968622207642,3.5887019634246826,0.90984046459198,"(0, 0, 0)",15
id-00000685,densenet169,clean,None,0.08959513902664185,0.16277433931827545,0.19573229551315308,0.2819640636444092,0.2464144825935364,0.31867414712905884,0.33454781770706177,0.41810983419418335,0.501937210559845,0.6683987975120544,0.6465542912483215,0.8079825639724731,0.7361584305763245,0.7585323452949524,0.7889253497123718,0.7461672425270081,0.8869097828865051,0.7905349731445312,0.9424511790275574,0.8015764951705933,0.9646455645561218,0.22039936482906344,1.0542407035827637,0.3831737041473389,1.160377860069275,0.5023634433746338,1.2110600471496582,0.5390735268592834,1.2991933822631836,0.638509213924408,1.4665827751159668,0.888798177242279,1.6111998558044434,1.0283819437026978,1.7008039951324463,0.978931725025177,1.7535709142684937,0.9665666222572328,1.851555347442627,1.010934352874756,1.9070967435836792,1.021975874900818,"(0, 0, 0)",5
id-00000686,shufflenet1_5,clean,None,0.22293591499328613,0.2610252797603607,0.447395384311676,0.42983415722846985,0.4918509721755981,0.3785159289836884,0.6813516020774841,0.5135771036148071,0.8927884697914124,0.5987130403518677,0.9609796404838562,0.6927201747894287,1.1398403644561768,0.7413057088851929,1.3482849597930908,0.758697509765625,1.4559593200683594,0.8078906536102295,1.5963618755340576,0.7922301292419434,0.395513117313385,0.34770795702934265,0.6184490323066711,0.6087332367897034,0.8429085016250609,0.7775421142578125,0.8873640894889832,0.7262238860130309,1.0768647193908691,0.8612850308418274,1.2883015871047974,0.9464209675788879,1.3564927577972412,1.0404281616210938,1.5353535413742063,1.089013695716858,1.743798017501831,1.10640549659729,1.8514723777771005,1.1555986404418943,1.991875052452088,1.1399381160736084,"(0, 0, 0)",15
id-00000687,vgg13bn,clean,None,0.5073496699333191,0.5171612501144409,0.5746552348136902,0.4870196580886841,0.497306764125824,0.4179729223251343,0.6870694756507874,0.7398333549499512,0.8466528058052063,0.9060887098312378,1.1056900024414062,1.0285552740097046,1.1790921688079834,1.017663836479187,1.1929082870483398,1.0419650077819824,1.407392501831055,1.1565898656845093,1.5001347064971924,1.1266770362854004,0.7869892716407776,0.5354572534561157,1.294338941574097,1.0526185035705566,1.3616445064544678,1.0224769115447998,1.2842960357666016,0.95343017578125,1.474058747291565,1.2752906084060671,1.633642077445984,1.4415459632873535,1.8926793336868288,1.5640125274658203,1.966081380844116,1.5531210899353027,1.9798976182937624,1.5774222612380981,2.1943817138671875,1.692047119140625,2.287123918533325,1.662134289741516,"(0, 0, 0)",12
id-00000688,densenet169,backdoor,polygon-3,0.26941442489624023,0.6544387340545654,3.768377542495728,1.6768723726272583,4.191000938415527,1.182552695274353,4.203052520751953,1.0058109760284424,4.000805854797363,0.8289647102355957,3.915552854537964,0.7840524911880493,3.7957923412323,0.7306276559829712,4.0025386810302725,0.8542953729629517,4.801211357116699,1.009496569633484,4.948081970214844,1.0708286762237549,0.8904592990875244,0.2508838474750519,1.1598737239837646,0.9053226113319396,4.658836841583252,1.927756190299988,5.081459999084473,1.4334365129470823,5.093512058258057,1.256694793701172,4.891264915466309,1.0798485279083252,4.806012153625488,1.0349363088607788,4.686251640319824,0.9815114736557008,4.892998218536377,1.1051791906356812,5.6916704177856445,1.2603803873062134,5.838541507720947,1.3217124938964844,"(252, 8, 64)",24
id-00000689,shufflenet1_5,clean,None,0.104211688041687,0.06203281879425049,0.2245039343833924,0.19798579812049866,0.2513085603713989,0.212586909532547,0.4068430066108704,0.3346310555934906,0.4840357899665833,0.4181917011737824,0.6787237524986267,0.4697573482990265,0.8110563158988953,0.5333489179611206,0.9013246893882751,0.6682368516921997,1.135972499847412,0.6942707300186157,1.1403656005859375,0.713637113571167,0.5133479237556458,0.3259117305278778,0.6175596117973328,0.3879445493221283,0.7378518581390381,0.5238975286483765,0.7646564841270447,0.5384986400604248,0.920190930366516,0.6605427861213684,0.997383713722229,0.7441034317016602,1.1920716762542725,0.7956690788269043,1.324404239654541,0.8592606186866759,1.414672613143921,0.9941485524177552,1.6493204832077026,1.020182490348816,1.6537134647369385,1.0395488739013672,"(0, 0, 0)",9
id-00000690,resnet34,backdoor,polygon-4,4.881044864654541,1.846696138381958,9.757075309753418,1.9824895858764648,9.061139106750488,1.669234037399292,9.131909370422363,1.260972023010254,7.858860015869141,1.0514943599700928,7.4292755126953125,1.0143136978149414,7.763192176818848,1.06691575050354,7.320927619934082,1.034576416015625,7.177141189575195,1.211911916732788,7.562748908996582,0.9623823761940002,1.2790766954421997,0.4337618947029114,6.160121440887451,2.2804579734802246,11.036151885986328,2.4162514209747314,10.340215682983398,2.1029958724975586,10.410985946655273,1.69473397731781,9.13793659210205,1.4852561950683594,8.708352088928223,1.448075532913208,9.042268753051758,1.5006775856018066,8.600004196166992,1.4683382511138916,8.456217765808105,1.6456738710403442,8.841825485229492,1.3961442708969116,"(40, 196, 175)",21
id-00000691,densenet161,clean,None,0.2122057676315308,0.15597474575042725,0.5899215936660767,0.5004056692123413,0.5677262544631958,0.5024807453155518,0.5395011901855469,0.527190625667572,0.7633601427078247,0.7256162166595459,0.8484776020050049,0.8498848676681519,0.961708664894104,0.9775254726409912,1.1584793329238892,1.0777084827423096,1.3608280420303345,1.184659719467163,1.5272635221481323,1.232176423072815,0.465984582901001,0.3882198333740233,0.6781903505325317,0.5441945791244507,1.0559061765670776,0.8886255025863647,1.0337108373641968,0.8907005786895752,1.005485773086548,0.9154104590415956,1.2293447256088257,1.1138360500335691,1.3144621849060059,1.2381047010421753,1.427693247795105,1.3657453060150146,1.62446391582489,1.465928316116333,1.826812624931336,1.5728795528411863,1.9932481050491333,1.6203962564468384,"(0, 0, 0)",23
id-00000692,shufflenet1_5,clean,None,0.13947564363479614,0.1611384153366089,0.21215122938156128,0.2086181640625,0.3422850966453552,0.2903096675872803,0.544672966003418,0.40220093727111816,0.5729231834411621,0.4316191673278809,0.7889027595520021,0.5801011323928833,1.0213142633438108,0.6707128286361694,1.0954405069351196,0.6736863851547241,1.2774016857147217,0.7127451896667479,1.319117784500122,0.7183429002761841,0.3893858194351196,0.3758643865585327,0.5288614630699158,0.5370028018951416,0.6015370488166809,0.5844825506210327,0.7316709160804749,0.666174054145813,0.9340587854385376,0.7780653238296509,0.9623090028762816,0.8074835538864136,1.1782885789871216,0.955965518951416,1.4107000827789309,1.046577215194702,1.4848263263702393,1.0495507717132568,1.6667875051498413,1.0886095762252808,1.7085036039352417,1.0942072868347168,"(0, 0, 0)",18
id-00000693,densenet161,clean,None,0.19548434019088745,0.1759967803955078,0.9420670866966248,0.6711218953132629,1.0597929954528809,0.8567605018615723,0.8031287789344788,0.6726763844490051,1.250959396362305,0.9941576719284058,1.3910529613494873,1.1268541812896729,1.406782627105713,1.1703554391860962,1.8129644393920896,1.4023820161819458,2.0620720386505127,1.465788722038269,2.3755545616149902,1.5955288410186768,0.5154609084129333,0.3114118576049805,0.7109452486038208,0.4874086380004883,1.457527995109558,0.9825337529182434,1.575253963470459,1.1681723594665527,1.318589687347412,0.9840882420539856,1.7664203643798828,1.3055695295333862,1.9065138101577759,1.438266038894653,1.9222434759140008,1.4817672967910769,2.328425407409668,1.7137938737869265,2.577533006668091,1.7772005796432495,2.8910155296325684,1.9069406986236568,"(0, 0, 0)",22
id-00000694,inceptionv3,clean,None,0.2412029504776001,0.37191882729530334,0.6907455921173096,0.8375494480133057,0.7890465259552002,0.888357400894165,0.7486804723739624,0.8277879953384399,0.8623056411743164,0.8370535373687744,0.9841976165771484,0.9283299446105956,1.0956106185913086,1.016940355300903,1.3012396097183228,1.124148964881897,1.4591933488845823,1.204643964767456,1.5617333650588991,1.171254277229309,0.7520173788070679,0.2255299389362335,0.993220329284668,0.5974487662315369,1.4427629709243774,1.0630793571472168,1.541063904762268,1.1138873100280762,1.5006978511810305,1.0533179044723509,1.6143230199813845,1.0625834465026855,1.7362149953842163,1.1538598537445068,1.8476279973983765,1.2424702644348145,2.05325698852539,1.349678874015808,2.2112107276916504,1.4301738739013672,2.313750743865967,1.3967841863632202,"(0, 0, 0)",16
id-00000695,densenet161,clean,None,0.13292258977890015,0.0572236180305481,0.9022167921066284,0.4882073402404785,1.2007763385772705,0.629964292049408,1.1461957693099976,0.5540339350700378,1.4652009010314941,0.7104212641716003,1.5898089408874512,0.714335024356842,1.8125331401824951,0.8448420166969299,2.025738477706909,0.8937342762947083,2.3107280731201167,0.9182361960411072,2.5797119140625,1.0524489879608154,0.6531374454498291,0.4332874417304993,0.7860600352287292,0.4905110597610474,1.5553542375564575,0.9214947819709778,1.8539137840271005,1.0632517337799072,1.7993332147598269,0.9873213768005372,2.1183383464813232,1.1437087059020996,2.2429463863372803,1.1476224660873413,2.465670585632324,1.2781294584274292,2.6788759231567383,1.3270217180252075,2.9638655185699463,1.3515236377716064,3.2328493595123287,1.48573637008667,"(0, 0, 0)",21
id-00000696,densenet161,backdoor,Gotham,0.09178757667541504,0.19258543848991394,0.5062990784645081,0.5641083717346191,0.7567754983901978,0.7516224384307861,0.852030873298645,0.8602892160415649,1.166153073310852,0.982330322265625,1.3438034057617188,1.1132794618606567,1.400218844413757,1.1908665895462036,1.6454466581344604,1.2886451482772827,1.8952776193618768,1.4180059432983398,2.0605387687683105,1.3924119472503662,0.467499852180481,0.1323186457157135,0.559287428855896,0.32490408420562744,0.973798930644989,0.696427047252655,1.2242753505706787,0.883941113948822,1.319530725479126,0.9926078915596008,1.633652925491333,1.114648938179016,1.8113032579422,1.2455980777740479,1.8677186965942385,1.3231852054595947,2.1129465103149414,1.4209637641906738,2.3627774715423584,1.550324559211731,2.528038740158081,1.5247305631637569,"(0, 0, 0)",23
id-00000697,resnet18,clean,None,0.5314607620239258,0.3639257550239563,0.5483509302139282,0.3621563911437988,0.6991008520126343,0.518129825592041,0.7780380249023438,0.5539809465408325,0.9279439449310304,0.6483076810836792,1.093332052230835,0.674402117729187,1.112182378768921,0.7158830165863037,1.2645858526229858,0.713550329208374,1.457584261894226,0.7580894231796265,1.5791445970535278,0.8231333494186401,0.8538631200790405,0.4881799221038818,1.3853238821029663,0.8521056771278381,1.4022140502929688,0.8503363132476807,1.5529639720916748,1.0063097476959229,1.6319011449813845,1.0421608686447144,1.7818070650100708,1.136487603187561,1.947195172309876,1.1625820398330688,1.9660454988479608,1.2040629386901855,2.1184489727020264,1.2017302513122559,2.3114473819732666,1.2462693452835083,2.4330077171325684,1.311313271522522,"(0, 0, 0)",15
id-00000698,wideresnet50,clean,None,0.10992833971977234,0.17232006788253784,0.16645547747612,0.2211290597915649,0.3659419715404511,0.4743993282318115,0.4040810763835907,0.3991357088088989,0.5413846969604492,0.5349366068840027,0.6851934194564819,0.7910351157188416,0.7873791456222534,0.9724353551864624,0.9111608266830444,1.092007040977478,0.9289124011993408,1.0916588306427002,1.1194090843200684,1.2335729598999023,0.4390093982219696,0.1736069917678833,0.5489377379417419,0.34592705965042114,0.6054648756980896,0.3947360515594481,0.8049513697624207,0.6480063199996948,0.8430904746055603,0.5727427005767822,0.9803940653800964,0.708543598651886,1.124202847480774,0.9646421074867249,1.2263885736465454,1.1460423469543457,1.3501702547073364,1.2656140327453609,1.3679218292236328,1.2652658224105835,1.5584185123443604,1.4071799516677856,"(0, 0, 0)",7
id-00000699,wideresnet101,backdoor,Gotham,0.1768133044242859,0.13837341964244845,0.5301752686500549,0.421006977558136,0.9105426669120787,0.7736955881118774,1.1395413875579834,0.6818415522575378,1.4542665481567385,0.8741092085838318,1.80503511428833,1.034066677093506,2.174050807952881,1.0750174522399902,2.175971269607544,1.0313023328781128,2.72659683227539,1.2000194787979126,2.8579225540161133,1.1849693059921265,0.9143243432044984,0.17325539886951447,1.0911376476287842,0.3116288185119629,1.4444996118545532,0.5942623615264893,1.8248670101165767,0.9469509720802308,2.053865671157837,0.8550969362258911,2.368590831756592,1.047364592552185,2.719359397888184,1.207322120666504,3.0883750915527344,1.2482728958129885,3.090295553207397,1.2045577764511108,3.640921115875244,1.3732749223709106,3.772246837615967,1.3582247495651243,"(0, 0, 0)",24
id-00000700,vgg13bn,backdoor,polygon-7,-0.4908947348594666,0.05561837553977966,-0.4199375510215759,0.053413987159729004,-0.19823598861694336,0.10173678398132324,0.7782645225524902,1.806283712387085,4.464011192321777,2.4308905601501465,6.581928253173827,0.3373592495918274,6.5701422691345215,0.3716491460800171,6.6665101051330575,0.4510720372200012,6.6204071044921875,0.4181574583053589,6.519094944000244,0.3871182203292847,1.2040749788284302,0.3612601161003113,0.7131802439689636,0.4168784916400909,0.7841374278068542,0.4146741032600403,1.0058389902114868,0.4629969000816345,1.9823395013809204,2.167543888092041,5.668086051940918,2.7921507358551025,7.786003112792969,0.6986193656921387,7.774217128753662,0.7329092621803284,7.870584964752197,0.8123321533203125,7.824481964111327,0.7794175744056702,7.723169803619385,0.748378336429596,"(97, 69, 28)",17
id-00000701,densenet121,clean,None,0.1805863380432129,0.19170966744422915,0.8570328950881958,0.8275536894798279,0.8032512664794922,0.7610464692115784,0.9494644403457642,0.8334737420082092,1.2688875198364258,1.0027759075164795,1.3847341537475586,0.9839549660682678,1.5392614603042605,1.0469181537628174,1.7759457826614382,1.1548070907592771,1.9130436182022093,1.2114064693450928,2.0146627426147456,1.203223466873169,0.5346571207046509,0.14026576280593872,0.7152434587478638,0.33197543025016785,1.391690015792847,0.9678194522857666,1.337908387184143,0.9013122320175172,1.484121561050415,0.973739504814148,1.8035446405410769,1.143041729927063,1.9193912744522093,1.1242207288742063,2.0739185810089107,1.1871838569641109,2.310602903366089,1.2950727939605713,2.4477007389068604,1.3516722917556765,2.5493197441101074,1.3434892892837524,"(0, 0, 0)",16
id-00000702,densenet169,clean,None,0.20114946365356445,0.2121332734823227,1.0345180034637451,1.0621806383132937,0.8486153483390808,0.7958101630210876,0.7291393876075745,0.7311142683029175,0.9362871050834656,0.9100708961486816,1.0101072788238523,0.9543629884719848,1.1076116561889648,1.030308723449707,1.3278813362121582,1.0738158226013184,1.4317092895507812,1.0830005407333374,1.6641077995300293,1.2039740085601809,0.7682264447212219,0.18717028200626373,0.9693759083747864,0.3993035554885864,1.8027443885803225,1.249350905418396,1.6168417930603027,0.9829804301261902,1.4973658323287964,0.91828453540802,1.7045135498046875,1.0972411632537842,1.7783336639404297,1.1415332555770874,1.8758381605148315,1.2174789905548096,2.096107721328736,1.260986089706421,2.1999356746673584,1.27017080783844,2.4323341846466064,1.3911442756652832,"(0, 0, 0)",22
id-00000703,resnet18,backdoor,polygon-11,0.16505879163742065,-0.24768854677677155,4.501084327697754,1.6804797649383545,5.86578369140625,-0.027137190103530884,5.816611289978027,0.05005636811256409,4.995954513549805,-0.1430884599685669,5.025282859802246,-0.17530301213264465,5.393732070922852,-0.058847963809967034,5.441699981689453,-0.0361534059047699,5.803301811218263,0.021875768899917603,6.058807373046875,0.09221747517585754,0.4506065845489502,0.4510347545146942,0.6156653761863708,0.20334620773792267,4.951690673828125,2.13151454925537,6.316390037536621,0.4238975644111633,6.2672181129455575,0.5010911226272583,5.446560859680176,0.3079462945461273,5.475889205932617,0.2757317423820496,5.844338417053223,0.3921867907047272,5.892306327819824,0.4148813486099243,6.253908634185791,0.4729105234146118,6.509413719177246,0.5432522296905518,"(64, 78, 142)",9
id-00000704,wideresnet101,backdoor,polygon-12,0.6623139381408691,1.5807965993881226,5.21384334564209,1.4422074556350708,6.378300189971924,1.2325899600982666,7.09567403793335,1.4573032855987549,6.370522975921631,1.5750516653060913,5.5131263732910165,1.186091065406799,5.118948936462402,1.1113380193710327,4.7241644859313965,1.2058316469192505,4.5749382972717285,0.9702348709106444,4.745651721954347,0.9222967624664308,0.4589876234531402,0.10640599578619003,1.121301531791687,1.6872025728225708,5.672831058502197,1.548613429069519,6.837287902832031,1.3389959335327148,7.554661750793457,1.5637092590332031,6.829510688781737,1.6814576387405396,5.972114086151122,1.2924970388412476,5.57793664932251,1.217743992805481,5.183152198791504,1.3122376203536987,5.033926010131836,1.0766408443450928,5.204639434814453,1.0287027359008791,"(21, 187, 127)",16
id-00000705,wideresnet50,backdoor,polygon-9,1.546608328819275,2.3235833644866943,3.300600051879884,3.072152853012085,5.634486198425293,2.4738147258758545,6.585727214813232,2.06154465675354,6.926196098327638,1.9291040897369385,6.923666000366211,1.7655036449432373,6.7387003898620605,1.6907914876937866,6.702851295471191,1.56486713886261,6.247178077697754,1.4689805507659912,6.196685314178468,1.5987564325332642,0.4700490236282349,0.3023159205913544,2.0166573524475098,2.625899314880371,3.770648956298828,3.3744688034057617,6.104535102844237,2.7761306762695312,7.055776119232178,2.363860607147217,7.396245002746582,2.2314200401306152,7.393714904785156,2.067819595336914,7.208749294281006,1.993107438087464,7.172900199890138,1.8671830892562864,6.717226982116699,1.7712965011596682,6.666734218597412,1.901072382926941,"(227, 70, 147)",15
id-00000706,resnet34,clean,None,0.4287675619125366,0.4130779206752777,0.9551695585250854,0.8117321729660034,1.0571995973587036,0.7889624834060669,1.347737193107605,0.8659883737564087,1.5759676694869995,0.8898286819458008,1.7661765813827517,0.9085816144943236,1.9385889768600464,0.9382261037826538,1.9523786306381223,0.9004029035568237,2.0898547172546387,0.9580382108688354,2.2332205772399902,0.9447377920150756,0.9525970220565796,0.4140315353870392,1.3813645839691162,0.8271094560623169,1.907766580581665,1.2257636785507202,2.009796619415283,1.2029939889907837,2.300334215164185,1.2800198793411257,2.528564691543579,1.3038601875305176,2.718773603439331,1.3226131200790403,2.8911859989166264,1.3522576093673706,2.9049756526947017,1.3144344091415403,3.0424516201019287,1.3720697164535522,3.18581771850586,1.3587692975997925,"(0, 0, 0)",22
id-00000707,resnet18,backdoor,Gotham,0.1948162317276001,0.35903871059417725,0.8467634916305542,0.5310373306274414,0.9942501783370972,0.6466659307479858,0.85625159740448,0.595962405204773,0.9755474328994752,0.658656120300293,1.129595160484314,0.8040826320648193,1.3202873468399048,0.8067526817321777,1.590307593345642,0.9179636240005492,1.7093464136123655,1.0175073146820068,1.8523308038711548,0.9557063579559326,1.287139058113098,0.4165185689926148,1.4819552898406982,0.775557279586792,2.1339025497436523,0.9475558996200562,2.281389236450196,1.0631844997406006,2.143390655517578,1.0124809741973877,2.2626864910125732,1.0751746892929075,2.416734218597412,1.220601201057434,2.607426404953003,1.2232712507247925,2.8774466514587402,1.334482192993164,2.996485471725464,1.4340258836746216,3.139469861984253,1.3722249269485474,"(0, 0, 0)",23
id-00000708,densenet201,clean,None,0.07046723365783691,0.003608167171478272,0.2396996021270752,0.12105977535247806,0.3941258192062378,0.2509016990661621,0.5177488327026367,0.33754223585128784,0.6847915649414062,0.5545600056648254,0.8118125200271606,0.6337200999259949,0.9017698764801024,0.6507312655448914,1.0218181610107422,0.6949494481086731,1.195567011833191,0.7540035843849182,1.3787981271743774,0.8244640231132507,0.9050396680831908,0.5159187912940979,0.9755069017410278,0.5195269584655762,1.144739270210266,0.6369785666465759,1.2991654872894287,0.76682049036026,1.4227885007858276,0.8534610271453857,1.5898312330245972,1.0704787969589231,1.7168521881103516,1.1496388912200928,1.8068095445632928,1.1666500568389893,1.926857829093933,1.210868239402771,2.100606679916382,1.269922375679016,2.2838377952575684,1.3403828144073486,"(0, 0, 0)",18
id-00000709,shufflenet1_5,clean,None,0.12571603059768674,0.10946866124868393,0.17546242475509646,0.24003979563713074,0.4294254183769226,0.5021921396255493,0.8384320139884949,0.7100774645805359,0.9147359728813172,0.7878500819206238,1.243380784988403,0.785561203956604,1.4000623226165771,0.8549730181694031,1.4548082351684568,0.8282697200775146,1.570157527923584,0.7475971579551697,1.5586202144622805,0.7463916540145874,0.6228882670402527,0.1186947152018547,0.7486042976379395,0.22816337645053866,0.7983506917953491,0.35873451828956604,1.0523136854171753,0.6208868622779846,1.4613202810287476,0.8287721872329712,1.5376242399215698,0.9065448045730592,1.8662691116333008,0.9042559266090392,2.0229506492614746,0.9736677408218384,2.0776965618133545,0.94696444272995,2.193045854568481,0.866291880607605,2.1815085411071777,0.8650863766670227,"(0, 0, 0)",16
id-00000710,resnet50,backdoor,polygon-11,1.0011277198791504,0.7784954309463501,1.690634846687317,1.3192148208618164,2.874619483947754,1.6875090599060059,3.1858911514282227,1.5375301837921145,3.5732603073120117,1.2942310571670532,3.7935609817504883,1.3346391916275024,3.9592599868774414,1.2862510681152344,4.2165799140930185,1.1910916566848757,4.291827201843262,1.170652985572815,4.566693305969238,0.9394643306732178,0.517065167427063,0.5863950252532959,1.5181928873062134,1.364890456199646,2.20770001411438,1.9056098461151123,3.3916847705841064,2.2739040851593018,3.702956438064575,2.1239252090454097,4.090325355529785,1.8806260824203491,4.310626029968262,1.9210342168807983,4.476325035095215,1.8726460933685305,4.733644962310791,1.7774866819381714,4.808892250061035,1.7570480108261108,5.083758354187012,1.5258593559265137,"(95, 191, 254)",19
id-00000711,shufflenet1_0,clean,None,0.08431163430213927,0.2754939794540405,0.4047927558422089,0.6002324223518372,0.9293619394302368,1.0032994747161863,0.924793004989624,1.0722585916519165,1.0314433574676514,1.0574885606765747,1.0733469724655151,0.9613344669342041,1.215172290802002,1.0412945747375488,1.3193202018737793,1.0000448226928709,1.5013428926467896,1.0708498954772951,1.5858452320098877,1.1447402238845823,0.3231702744960785,0.12058676779270172,0.4074819087982178,0.3960807621479033,0.7279630303382874,0.7208191752433777,1.2525322437286377,1.123886227607727,1.247963309288025,1.192845344543457,1.3546136617660522,1.1780753135681152,1.396517276763916,1.0819212198257446,1.5383425951004028,1.1618813276290894,1.6424905061721802,1.1206315755844116,1.8245131969451904,1.1914366483688354,1.9090155363082888,1.265326976776123,"(0, 0, 0)",10
id-00000712,googlenet,backdoor,Toaster,0.29719334840774536,0.3108751177787781,1.3822779655456543,1.103918194770813,1.0084962844848633,0.6925381422042847,1.2902965545654297,0.7601543664932251,1.5977218151092532,0.8984684944152832,1.3183517456054688,0.8025302886962891,1.6192100048065186,0.7830673456192017,1.8012921810150146,0.8393838405609131,1.871697902679444,0.7762963771820068,2.4035427570343018,0.9655313491821288,0.4979961514472962,0.13247188925743106,0.7951894998550415,0.4433470070362091,1.8802741765975952,1.2363901138305664,1.5064923763275146,0.8250100016593933,1.788292646408081,0.8926262855529785,2.0957179069519043,1.0309404134750366,1.8163478374481201,0.9350022077560424,2.11720609664917,0.9155392646789552,2.299288272857666,0.9718557596206664,2.3696939945220947,0.9087682962417604,2.901538848876953,1.0980032682418823,"(0, 0, 0)",16
id-00000713,resnet18,clean,None,0.3316966891288757,0.36594098806381226,1.0207128524780271,0.7767149209976196,1.5364086627960205,1.1650208234786987,1.2926020622253418,0.8814414739608765,1.4707014560699463,0.8993561267852783,1.5224905014038086,0.9831709861755372,1.793731451034546,1.038387417793274,2.05102038383484,1.0508739948272705,2.1602470874786377,1.1019214391708374,2.4516758918762207,1.1024421453475952,0.65716153383255,0.3534351587295532,0.9888582229614258,0.7193761467933655,1.6778743267059326,1.1301500797271729,2.1935701370239262,1.518455982208252,1.9497635364532468,1.2348766326904297,2.127862930297852,1.2527912855148315,2.1796519756317143,1.3366061449050903,2.450892925262451,1.3918225765228271,2.708181858062744,1.4043091535568235,2.817408561706543,1.4553565979003906,3.1088373661041264,1.4558773040771484,"(0, 0, 0)",16
id-00000714,resnet18,clean,None,0.2270007133483887,0.1750292181968689,0.7106434106826782,0.4793420433998108,0.910552144050598,0.6387820839881897,1.0174100399017334,0.5864810347557068,1.0863173007965088,0.6159988045692444,1.1728864908218384,0.641670286655426,1.377535343170166,0.6781113743782043,1.4924426078796391,0.7235365509986877,1.69972562789917,0.7336909174919128,1.897658109664917,0.7902764678001404,0.8190479278564453,0.5266370177268982,1.0460486412048342,0.7016662359237671,1.5296913385391235,1.0059790611267092,1.7296000719070437,1.165419101715088,1.8364579677581787,1.113118052482605,1.905365228652954,1.1426358222961426,1.9919344186782844,1.1683073043823242,2.196583271026612,1.2047483921051023,2.311490535736084,1.250173568725586,2.5187735557556152,1.260327935218811,2.7167060375213623,1.3169134855270386,"(0, 0, 0)",15
id-00000715,densenet161,backdoor,Kelvin,0.16965234279632568,0.0887511670589447,0.5546287298202515,0.3645011186599731,0.8209991455078125,0.5112775564193726,1.1797866821289062,0.5254704356193542,1.803983449935913,0.7401444911956787,1.813220739364624,0.7384381294250488,2.038989305496216,0.6393007040023804,2.217012882232666,0.7152168750762941,2.329207420349121,0.7068382501602173,2.6013753414154053,0.7411258220672607,1.254939317703247,0.3944644927978516,1.4245916604995728,0.4832156598567962,1.8095680475234983,0.7589656114578247,2.07593846321106,0.9057420492172241,2.4347259998321533,0.9199349284172058,3.05892276763916,1.1346089839935305,3.068160057067871,1.1329026222229004,3.293928623199463,1.0337651968002322,3.471952199935913,1.1096813678741455,3.584146738052368,1.1013027429580688,3.856314659118652,1.1355903148651123,"(0, 0, 0)",24
id-00000716,resnet152,backdoor,Kelvin,0.18368113040924072,-0.06466087698936462,0.3879709243774414,0.08672133088111877,0.41921424865722656,-0.0008481293916702267,0.5910800695419312,0.1926122009754181,0.9103008508682252,0.3137691020965576,1.112011194229126,0.4948778748512268,1.4747347831726074,0.7342500090599059,1.578716516494751,0.721572995185852,1.7725181579589844,0.7596130967140198,2.0164217948913574,0.6650294661521912,0.890380859375,0.2085273265838623,1.0740619897842407,0.14386644959449768,1.2783517837524414,0.2952486574649811,1.3095951080322266,0.20767919719219208,1.4814609289169312,0.4011395275592804,1.800681710243225,0.5222964286804199,2.002392053604126,0.7034052014350891,2.3651156425476074,0.9427773356437684,2.469097375869751,0.9301003217697144,2.6628990173339844,0.9681404232978821,2.9068026542663574,0.8735567927360535,"(0, 0, 0)",19
id-00000717,vgg13bn,backdoor,Lomo,0.3581239581108093,0.40776365995407104,0.09058386087417604,-0.3036104738712311,0.18879681825637806,-0.25670573115348816,0.1409432291984558,-0.29351702332496643,0.14281952381134033,-0.2882776260375977,0.1550387740135193,-0.27729278802871704,0.1692425012588501,-0.23559606075286865,0.19573181867599487,-0.22328490018844604,0.21647053956985474,-0.23808607459068296,0.20121592283248896,-0.2478242516517639,0.7071401476860046,0.5241419672966003,1.0652641057968142,0.9319056272506714,0.7977240085601807,0.22053149342536926,0.8959369659423828,0.2674362361431122,0.8480833768844604,0.2306249439716339,0.849959671497345,0.2358643561601639,0.8621789216995239,0.2468491941690445,0.8763826489448547,0.2885459065437317,0.9028719663619996,0.3008570671081543,0.9236106872558594,0.28605589270591736,0.9083560705184937,0.2763177156448364,"(0, 0, 0)",5
id-00000718,vgg13bn,clean,None,0.1929669976234436,0.18341302871704104,0.531410276889801,0.4698145687580109,0.6354718804359436,0.4913239181041718,0.8363404870033264,0.587161660194397,0.9220321774482728,0.6048318147659302,1.0722527503967283,0.6814855337142944,1.3540685176849363,0.790077805519104,1.521125555038452,0.9495818614959716,1.7637894153594968,1.0192489624023438,1.9134979248046875,1.0449872016906738,0.9328629374504088,0.29033562541008,1.1258299350738523,0.473748654127121,1.46427321434021,0.7601501941680908,1.5683348178863523,0.7816595435142517,1.7692034244537354,0.8774973154067993,1.8548951148986816,0.8951674103736877,2.0051157474517822,0.9718211889266968,2.2869315147399902,1.0804134607315063,2.453988552093506,1.239917516708374,2.696652412414551,1.309584617614746,2.846360921859741,1.3353228569030762,"(0, 0, 0)",6
id-00000719,shufflenet1_5,backdoor,Kelvin,0.14285778999328613,0.14248162508010864,0.22456413507461548,0.25913992524147034,0.2725758552551269,0.329006552696228,0.4291221499443054,0.4844866394996643,0.38927406072616577,0.4463013410568237,0.554010272026062,0.5134177207946777,0.6631276607513428,0.6092854142189026,0.750893235206604,0.6586733460426331,1.0156322717666626,0.7554524540901184,1.0755008459091189,0.8632284998893738,0.530074954032898,0.11421293765306473,0.6729327440261841,0.2566945552825928,0.7546390891075134,0.3733528554439545,0.8026508092880249,0.44321948289871216,0.9591971039772034,0.5986995697021484,0.9193490147590636,0.5605142712593079,1.08408522605896,0.6276306509971619,1.1932026147842407,0.7234983444213867,1.280968189239502,0.7728862762451172,1.5457072257995603,0.8696653842926025,1.6055757999420166,0.9774414300918579,"(0, 0, 0)",12
id-00000720,densenet201,clean,None,0.0958375334739685,0.13882124423980713,0.6230883598327637,0.5164430141448975,1.0233808755874634,0.6897618770599365,1.0698021650314329,0.7058632373809814,1.4294121265411377,0.7883284091949463,1.461005687713623,0.7663862705230713,1.6155526638031006,0.8723260164260864,1.9808349609375,0.9285265207290648,2.0597116947174072,0.9599432945251464,2.114235639572144,0.9412496089935304,0.7746131420135498,0.18923696875572205,0.8704506754875183,0.3280582129955292,1.3977015018463137,0.7056800127029419,1.7979940176010132,0.8789988160133362,1.8444153070449831,0.8951002359390259,2.2040252685546875,0.9775654077529908,2.2356188297271733,0.9556232690811156,2.3901658058166504,1.0615630149841309,2.75544810295105,1.1177635192871094,2.834324836730957,1.149180293083191,2.8888487815856934,1.1304866075515747,"(0, 0, 0)",13
id-00000721,densenet121,clean,None,0.03527355194091797,0.04956203699111938,0.12030971050262453,0.1318458765745163,0.210776686668396,0.21139021217823029,0.36217033863067627,0.3962259888648987,0.6360637545585632,0.5806156396865845,0.7888644337654114,0.7289262413978577,0.8666712641716003,0.8939149379730225,1.095750331878662,1.0298062562942505,1.2247812747955322,1.178518295288086,1.4167518615722656,1.2935718297958374,0.4148046374320984,0.11948035657405852,0.4500781893730164,0.16904239356517792,0.5351143479347229,0.25132623314857483,0.6255813241004944,0.3308705687522888,0.7769749760627747,0.5157063603401184,1.0508683919906616,0.7000960111618042,1.2036690711975098,0.8484066128730774,1.2814759016036987,1.0133953094482422,1.5105550289154053,1.1492866277694702,1.6395858526229858,1.2979986667633057,1.8315565586090088,1.4130522012710571,"(0, 0, 0)",6
id-00000722,shufflenet2_0,clean,None,0.1413382887840271,0.26156416535377497,0.37988054752349854,0.47629061341285706,0.2520114779472351,0.3753156065940857,0.4504924416542053,0.5686942338943481,0.4686487317085266,0.6358624696731567,0.5206500291824341,0.6439332365989685,0.7055097818374634,0.7711052894592285,0.7790495157241821,0.8215055465698242,0.97474467754364,0.9155018925666808,0.9836041927337646,0.9422181248664856,0.2922022342681885,0.10045436769723892,0.4335405230522156,0.36201852560043335,0.672082781791687,0.5767449736595154,0.5442137122154236,0.475769966840744,0.7426946759223938,0.6691486239433289,0.7608509659767151,0.7363168597221375,0.8128522634506226,0.7443876266479492,0.997712016105652,0.8715596795082092,1.0712517499923706,0.9219599366188048,1.2669469118118286,1.0159562826156616,1.2758064270019531,1.0426725149154663,"(0, 0, 0)",13
id-00000723,vgg11bn,clean,None,0.3938184380531311,0.5372335314750671,0.6359030604362488,0.7060608267784119,0.8434136509895325,0.8757023215293884,0.9946247935295104,0.9832583069801332,0.8997660279273987,0.8363062739372253,0.9985756278038024,0.9261506199836732,1.274766206741333,1.1341001987457275,1.5223901271820068,1.2772812843322754,1.4708642959594729,1.146519422531128,1.5168049335479736,1.1875088214874268,0.8676894307136536,0.6137879490852356,1.261507868766785,1.1510214805603027,1.5035924911499023,1.3198487758636477,1.711103081703186,1.489490270614624,1.862314224243164,1.5970462560653689,1.7674554586410522,1.450094223022461,1.866265058517456,1.5399385690689087,2.142455577850342,1.747888207435608,2.390079498291016,1.8910691738128664,2.338553667068481,1.7603074312210083,2.3844943046569824,1.8012968301773071,"(0, 0, 0)",16
id-00000724,resnet152,backdoor,Toaster,0.11717665195465088,0.04405190050601959,0.2501285076141357,0.1832712292671204,0.2993943691253662,0.21156170964241028,0.5014673471450806,0.4046625196933745,0.7108659744262695,0.5634176731109619,0.794886589050293,0.627172589302063,1.0384763479232788,0.8079664707183838,1.0356699228286743,0.8342359066009521,1.2697677612304688,0.8697165250778198,1.5297441482543943,0.9575918912887572,0.8406839370727539,0.16093358397483826,0.9578605890274048,0.20498548448085785,1.0908124446868896,0.3442048132419586,1.1400783061981201,0.3724952936172485,1.3421512842178345,0.5655961036682129,1.5515499114990234,0.7243512868881226,1.6355705261230469,0.7881061434745789,1.8791602849960327,0.9689000248908995,1.8763538599014282,0.9951695203781128,2.1104516983032227,1.0306501388549805,2.3704280853271484,1.118525505065918,"(0, 0, 0)",16
id-00000725,vgg19bn,backdoor,polygon-4,0.5382432341575623,1.4183671474456787,0.8549051880836487,1.5668389797210691,1.4149582386016846,1.9115593433380127,2.526599407196045,2.356828212738037,2.9448161125183105,2.3589136600494385,2.833533525466919,2.3902297019958496,3.377500057220459,2.3641042709350586,3.326880931854248,2.318138599395752,3.6166434288024902,2.3088247776031494,3.5292563438415527,2.181518077850342,0.5843544602394104,0.2525051236152649,1.1225976943969729,1.6708723306655884,1.439259648323059,1.8193440437316888,1.9993126392364504,2.1640644073486333,3.1109538078308105,2.609333276748657,3.529170513153076,2.6114187240600586,3.417887926101685,2.6427347660064697,3.9618544578552246,2.6166093349456787,3.9112353324890137,2.570643663406372,4.200997829437257,2.561329841613769,4.113610744476318,2.434023141860962,"(44, 154, 81)",20
id-00000726,mobilenetv2,backdoor,polygon-9,0.386646032333374,-0.06715178489685059,0.5135357379913329,-0.07818946242332457,0.7905201911926271,0.04815387725830078,1.1979961395263672,0.5759493112564087,2.15205979347229,0.9542628526687622,2.4968011379241943,0.7874387502670288,2.5677077770233154,0.767810583114624,2.53354287147522,0.7484310865402222,2.5068223476409908,0.5614193677902222,2.3193519115448,0.5056449174880981,2.3910720348358154,0.3350288569927216,2.777718067169189,0.26787707209587097,2.9046077728271484,0.25683939456939703,3.1815922260284424,0.3831827342510224,3.5890681743621826,0.9109781980514526,4.5431318283081055,1.2892917394638062,4.88787317276001,1.1224676370620728,4.958779811859131,1.102839469909668,4.924614906311035,1.083459973335266,4.897894382476807,0.8964481949806213,4.710423946380615,0.8406737446784973,"(50, 67, 198)",13
id-00000727,resnet34,backdoor,polygon-6,-0.11388736963272095,-0.20868511497974399,0.3059064745903015,0.19790729880332947,2.625274181365967,1.789751410484314,5.8372459411621085,1.353350043296814,6.723104953765869,0.11104485392570496,6.782622337341309,0.018354475498199463,6.923060417175293,0.03533083200454712,7.1235456466674805,0.2292185723781585,7.309670448303223,0.3199102580547333,7.070542812347412,0.2862979471683502,0.68731689453125,0.4127064645290375,0.5734295248985289,0.20402134954929352,0.9932233691215516,0.6106137633323669,3.312591075897217,2.202457904815674,6.524562835693359,1.7660565376281738,7.410421848297119,0.5237513184547424,7.469939231872559,0.43106094002723694,7.610377311706543,0.4480372965335846,7.8108625411987305,0.641925036907196,7.996987342834473,0.7326167225837708,7.757859706878662,0.6990044116973877,"(75, 115, 149)",16
id-00000728,shufflenet1_5,backdoor,polygon-4,0.35767385363578796,0.6203991174697876,1.262412428855896,1.482938289642334,2.800232172012329,1.6456806659698486,3.5060484409332275,1.2422047853469849,4.390707492828368,-0.1092352569103241,4.04984188079834,-0.07089203596115112,4.034748554229736,-0.10374128818511964,3.953748464584351,-0.11082878708839417,3.9420416355133057,-0.06851187348365784,4.097804546356201,-0.08641085028648376,0.4078362286090851,0.4194605350494385,0.7655100822448729,1.039859652519226,1.6702486276626587,1.9023988246917725,3.208068370819092,2.0651412010192867,3.9138846397399902,1.6616653203964231,4.798543930053711,0.3102252781391144,4.457678318023682,0.3485684990882873,4.442584991455078,0.31571924686431885,4.361584663391113,0.3086317479610443,4.349877834320068,0.35094866156578064,4.505640983581543,0.3330496847629547,"(212, 103, 25)",22
id-00000729,shufflenet2_0,backdoor,Kelvin,0.04241451621055603,0.04444579780101776,0.10519981384277344,0.12035432457923888,0.13024240732192993,0.13888604938983914,0.2485935091972351,0.2347016483545304,0.1874357759952545,0.13328494131565094,0.2656806707382202,0.21745045483112327,0.6241530776023865,0.455359160900116,0.5379026532173157,0.3707350492477417,0.4072896838188171,0.2259957641363144,0.5568578839302063,0.3360239863395691,0.2721778750419617,0.0689588338136673,0.3145923912525177,0.11340463161468504,0.3773776888847351,0.1893131583929062,0.4024202823638916,0.20784488320350647,0.5207713842391968,0.30366048216819763,0.4596136510372162,0.20224377512931824,0.5378585457801819,0.28640928864479065,0.8963309526443481,0.5243179798126221,0.8100805282592773,0.4396938979625702,0.6794675588607788,0.2949545979499817,0.829035758972168,0.4049828350543976,"(0, 0, 0)",5
id-00000730,densenet121,backdoor,Toaster,0.00738966464996338,-0.08849373459815979,0.5704926252365112,0.2718115746974945,1.6210261583328247,0.6059882640838623,2.190414428710937,0.6451143026351929,1.9583669900894165,0.677735447883606,2.0364298820495605,0.6300826072692871,2.336954593658448,0.5417958498001099,2.46568250656128,0.590633749961853,2.470855712890625,0.4944480359554291,2.722139835357666,0.5570693016052246,0.9415692090988159,0.2351767122745514,0.9489588737487792,0.1466829776763916,1.5120618343353271,0.5069882869720459,2.5625953674316406,0.8411650061607361,3.131983757019043,0.8802910447120667,2.8999361991882324,0.912912130355835,2.977999210357666,0.8652592897415161,3.2785236835479736,0.7769725322723389,3.4072518348693848,0.8258104920387268,3.412424802780152,0.7296247482299805,3.663708925247192,0.7922460436820984,"(0, 0, 0)",7
id-00000731,mobilenetv2,clean,None,0.06609547138214111,0.042548716068267815,0.2645361423492432,0.1615469455718994,0.3402717113494873,0.19204336404800407,0.4569826126098633,0.3368329405784607,0.5902087688446045,0.3864213824272156,0.903947114944458,0.5807246565818787,0.8260612487792969,0.5433445572853088,0.8667337894439697,0.5020819902420044,1.3033394813537598,0.7473405003547668,1.214782476425171,0.6048203110694885,1.8855178356170648,0.4646968245506287,1.9516133069992063,0.5072455406188965,2.1500539779663086,0.6262437701225281,2.2257895469665527,0.6567401885986328,2.3425004482269287,0.8015297651290894,2.47572660446167,0.8511182069778442,2.7894649505615234,1.045421481132507,2.7115790843963623,1.0080413818359375,2.752251625061035,0.9667788147926332,3.188857316970825,1.2120373249053955,3.1003003120422363,1.0695171356201172,"(0, 0, 0)",10
id-00000732,googlenet,clean,None,0.09806275367736816,0.10821905732154846,0.2988278865814209,0.2815319001674652,0.6149348020553589,0.5641525983810425,0.7092118263244629,0.637177586555481,0.8565618991851807,0.6584018468856812,0.8857924938201904,0.6740802526473999,0.8784476518630981,0.6916460990905762,0.9970695972442628,0.7274285554885864,1.1342991590499878,0.7447893619537354,1.2172600030899048,0.681492805480957,0.7947045564651489,0.18323495984077454,0.8927673101425171,0.291454017162323,1.0935324430465698,0.4647668600082398,1.4096393585205078,0.7473875880241394,1.5039163827896118,0.8204125761985779,1.6512664556503296,0.8416367769241333,1.6804970502853394,0.8573152422904968,1.6731522083282468,0.8748810291290283,1.7917741537094116,0.9106634855270386,1.9290037155151367,0.9280243515968324,2.0119645595550537,0.8647277355194092,"(0, 0, 0)",7
id-00000733,vgg13bn,clean,None,0.21859610080718994,0.3367471098899841,0.3757832646369934,0.4433608651161194,0.5036894679069519,0.5249614119529724,0.6853812336921692,0.6311430335044861,0.8192090392112732,0.7475618720054626,0.93857604265213,0.875868022441864,1.1438508033752441,0.9475736021995544,1.424529790878296,1.0897700786590576,1.6113481521606443,1.1404407024383545,1.705446720123291,1.143179178237915,0.7139989733695984,0.5180765986442566,0.9325950741767884,0.8548237085342407,1.0897822380065918,0.961437463760376,1.2176884412765503,1.043038010597229,1.3993802070617676,1.149219632148743,1.5332080125808716,1.2656384706497192,1.6525750160217283,1.3939446210861206,1.8578498363494875,1.465650200843811,2.138528823852539,1.607846736907959,2.325347185134888,1.6585173606872559,2.419445753097534,1.6612558364868164,"(0, 0, 0)",20
id-00000734,vgg19bn,backdoor,polygon-12,0.9239675998687744,0.708685040473938,10.350698471069336,3.749836921691896,11.251697540283203,2.5559778213500977,11.204906463623047,2.0231287479400635,11.622203826904295,1.690691351890564,11.916648864746096,1.3985697031021118,11.92953109741211,1.2734869718551636,11.808483123779295,1.2801812887191772,11.722715377807615,1.165995717048645,11.699153900146484,1.2849364280700684,1.0811371803283691,0.27958962321281433,2.005104780197144,0.9882746934890748,11.431836128234865,4.029426574707031,12.33283519744873,2.8355674743652344,12.286044120788574,2.3027184009552,12.703340530395508,1.970281004905701,12.99778652191162,1.6781593561172483,13.010668754577635,1.5530766248703003,12.889619827270508,1.559770941734314,12.803852081298828,1.4455853700637815,12.780290603637695,1.564526081085205,"(36, 153, 1)",17
id-00000735,wideresnet50,clean,None,0.1362573802471161,0.17875438928604126,0.5000720024108887,0.5673043131828308,0.4744756519794464,0.4796493053436279,0.7493716478347778,0.7967453598976135,0.9944946765899658,1.0357661247253418,1.1254445314407349,1.1777737140655518,1.4409810304641724,1.4275281429290771,1.5675444602966309,1.3969619274139404,1.6845438480377195,1.3493120670318604,1.8934285640716555,1.4340965747833252,0.4765691459178925,0.1360824704170227,0.6128265261650085,0.31483685970306396,0.9766411781311036,0.7033867835998535,0.9510447978973388,0.6157317757606506,1.225940823554993,0.9328278303146362,1.4710638523101809,1.1718485355377195,1.6020137071609497,1.3138561248779297,1.9175502061843872,1.563610553741455,2.0441136360168457,1.5330443382263184,2.1611130237579346,1.4853945970535278,2.36999773979187,1.5701791048049931,"(0, 0, 0)",14
id-00000736,googlenet,clean,None,0.21718239784240725,0.2296724319458008,0.9657114148139954,0.6636160016059875,1.156813621520996,0.6430535912513733,1.3181118965148926,0.7675216794013977,1.6186838150024414,0.8320751786231995,1.902445793151856,0.8417014479637146,2.0907881259918213,0.8939267992973328,2.400669813156128,0.9750284552574158,2.512155055999756,0.8847150206565857,2.667566299438477,0.8699095845222473,0.7088138461112976,0.4255046248435974,0.9259962439537048,0.6551770567893982,1.6745252609252932,1.089120626449585,1.8656274080276487,1.0685582160949707,2.026925802230835,1.1930263042449951,2.327497720718384,1.2575798034667969,2.6112596988677983,1.267206072807312,2.799602031707764,1.3194314241409302,3.1094837188720703,1.4005330801010132,3.2209689617156982,1.3102196455001829,3.376380205154419,1.2954142093658447,"(0, 0, 0)",23
id-00000737,densenet161,clean,None,0.20159614086151129,0.18348363041877747,0.7112997770309448,0.6321327686309814,0.8796714544296265,0.6710174083709717,1.0920363664627075,0.7951209545135498,1.3789511919021606,0.9396877288818359,1.7385646104812622,1.1308975219726562,1.9837056398391724,1.2453750371932983,2.287990093231201,1.3449069261550903,2.569766998291016,1.4013563394546509,2.7697463035583496,1.4907565116882324,0.8571072816848755,0.16528967022895813,1.0587034225463867,0.3487733006477356,1.5684070587158203,0.7974224090576172,1.736778736114502,0.8363071084022522,1.949143648147583,0.9604105949401855,2.236058473587036,1.1049773693084717,2.5956718921661377,1.296187162399292,2.8408129215240483,1.410664677619934,3.145097494125366,1.510196566581726,3.4268741607666016,1.5666459798812866,3.6268537044525133,1.6560461521148682,"(0, 0, 0)",23
id-00000738,vgg13bn,backdoor,polygon-8,0.6862708330154419,1.1312934160232544,4.470733642578125,2.700727939605713,7.403566837310791,2.948476076126098,10.375186920166016,2.631802558898926,12.696171760559082,2.237367868423462,14.188426971435547,2.027446985244751,15.79668140411377,2.2055983543396,16.767778396606445,2.0051510334014893,17.505060195922848,1.731529951095581,18.009843826293945,1.344618558883667,0.7199064493179321,0.4788506031036377,1.406177282333374,1.610144019126892,5.1906399726867685,3.1795785427093506,8.123473167419434,3.4273266792297363,11.095093727111816,3.1106531620025635,13.416078567504885,2.7162184715271,14.908333778381348,2.5062975883483887,16.51658821105957,2.6844489574432373,17.48768424987793,2.484001636505127,18.224966049194336,2.2103805541992188,18.72974967956543,1.823469161987305,"(109, 53, 159)",21
id-00000739,squeezenetv1_1,backdoor,Gotham,0.10742247104644777,0.05453091859817505,0.41244423389434814,0.2874331474304199,0.4169677495956421,0.2875165939331055,0.6276248693466187,0.4490985870361328,0.7147642374038696,0.4869048595428467,0.7303506135940552,0.474605917930603,0.8069812059402466,0.4908609390258789,0.8753272294998169,0.5386271476745605,1.130846619606018,0.6892290115356445,1.2698765993118286,0.7422280311584473,1.48462975025177,0.7697900533676147,1.5920522212982178,0.8243209719657898,1.8970739841461184,1.057223200798035,1.901597499847412,1.0573066473007202,2.1122546195983887,1.2188886404037476,2.19939398765564,1.2566949129104614,2.214980363845825,1.2443959712982178,2.2916109561920166,1.2606509923934937,2.359956979751587,1.3084172010421753,2.615476369857788,1.4590190649032593,2.754506349563598,1.5120180845260618,"(0, 0, 0)",15
id-00000740,vgg11bn,clean,None,0.32695746421813965,0.20113345980644226,0.5547313690185547,0.3883864581584929,0.7790366411209106,0.4534192979335785,1.0765101909637451,0.6133794784545898,1.0143418312072754,0.6709926128387451,1.116987943649292,0.8737058639526367,1.3237481117248535,0.7669243812561035,1.4940054416656494,0.8403408527374268,1.7325148582458496,1.027231216430664,1.9402220249176023,1.0968897342681885,0.9805490970611572,0.4838110506534576,1.3075065612792969,0.6849445104598999,1.535280466079712,0.8721975088119507,1.759585738182068,0.9372303485870358,2.0570592880249023,1.0971904993057249,1.9948909282684328,1.1548036336898804,2.0975370407104488,1.357516884803772,2.3042972087860107,1.2507354021072388,2.474554538726806,1.324151873588562,2.713063955307007,1.511042237281799,2.9207711219787598,1.5807007551193235,"(0, 0, 0)",15
id-00000741,densenet161,backdoor,polygon-11,0.06595498323440553,0.03293749690055847,0.18379932641983032,0.197116494178772,0.4540957808494568,0.4153499007225037,1.4550726413726809,1.6614038944244385,1.5104684829711914,1.5438048839569092,1.6390748023986816,1.5490312576293943,1.6760802268981934,1.5368512868881226,1.754669427871704,1.5342861413955688,1.8890376091003416,1.6713355779647827,2.1802308559417725,1.7231510877609253,0.8159456849098206,0.29837119579315186,0.8819006681442261,0.3313086926937103,0.9997450113296508,0.4954876899719238,1.2700414657592771,0.7137210965156555,2.2710182666778564,1.9597750902175903,2.3264141082763667,1.842176079750061,2.4550204277038574,1.8474024534225464,2.492025852203369,1.8352224826812744,2.57061505317688,1.8326573371887207,2.7049832344055176,1.9697067737579343,2.9961764812469482,2.0215222835540767,"(234, 109, 191)",24
id-00000742,squeezenetv1_1,backdoor,Toaster,0.17618417739868164,0.2593507170677185,1.2200429439544678,0.9349212050437928,1.3768713474273682,1.1302242279052734,1.3331799507141109,1.289942979812622,2.041268825531006,1.5718717575073242,1.8751657009124758,1.2992379665374756,1.98567795753479,1.3447744846343994,2.0471422672271733,1.4667699337005615,2.115719556808472,1.1949381828308103,2.2437875270843506,1.3058195114135742,1.1962697505950928,0.7022013068199158,1.3724539279937744,0.9615520238876344,2.4163126945495605,1.6371225118637085,2.573141098022461,1.8324254751205444,2.529449701309204,1.9921443462371824,3.237538576126098,2.2740731239318848,3.0714354515075684,2.001439332962036,3.181947708129884,2.04697585105896,3.2434120178222656,2.1689713001251216,3.3119893074035645,1.8971395492553709,3.440057277679444,2.0080208778381348,"(0, 0, 0)",20
id-00000743,densenet161,clean,None,0.2583248317241669,0.3601243197917938,0.5291494131088257,0.5915840864181519,0.5994988679885864,0.6452394723892212,0.5759233236312866,0.5923007726669312,0.8134421110153198,0.7931187152862549,0.9651479721069336,0.7986406087875366,1.005081295967102,0.8733994960784912,1.1071157455444336,0.919791340827942,1.195063591003418,0.9774726629257202,1.3166462182998655,1.0466746091842651,0.4340004026889801,0.1491852104663849,0.692325234413147,0.5093095302581787,0.9631497859954834,0.7407692670822144,1.033499240875244,0.7944247126579285,1.0099236965179443,0.7414859533309937,1.2474424839019775,0.9423039555549622,1.3991483449935913,0.9478257894515992,1.4390816688537598,1.0225846767425537,1.5411161184310913,1.0689765214920044,1.6290639638900757,1.1266578435897827,1.7506465911865234,1.1958597898483276,"(0, 0, 0)",7
id-00000744,densenet161,backdoor,Nashville,0.28072601556777954,-0.2164725363254547,1.4908945560455322,0.2860434055328369,1.423541784286499,0.6129182577133179,1.04681134223938,0.3968357443809509,1.293217420578003,0.2898252606391907,1.125544548034668,0.16707998514175415,1.5521273612976074,0.6540697813034058,1.5151081085205078,0.2971667051315308,1.6344757080078125,0.5497268438339233,2.0868680477142334,0.8121616840362549,0.8474557995796204,0.5706585645675659,1.1281818151474,0.3541860282421112,2.3383502960205083,0.8567019701004028,2.2709975242614746,1.1835768222808838,1.894267082214356,0.9674943089485168,2.1406731605529785,0.8604838252067566,1.9730002880096442,0.7377385497093201,2.399583101272583,1.2247283458709717,2.3625638484954834,0.8678252696990967,2.481931447982788,1.1203854084014893,2.934323787689209,1.3828202486038208,"(0, 0, 0)",15
id-00000745,wideresnet50,backdoor,polygon-10,0.09229695796966553,0.17282073199748993,0.4292587637901306,0.8103485107421875,1.149756669998169,1.9875818490982056,2.2549805641174316,2.4410109519958496,2.9754068851470947,2.4117021560668945,2.8344125747680664,2.1790800094604488,2.942580223083496,1.9815930128097528,2.9660961627960205,1.8821657896041868,3.317290067672728,1.85408902168274,3.7208411693573,1.7437841892242432,0.7901366353034973,0.13249127566814425,0.8824335932731628,0.30531200766563416,1.219395399093628,0.9428398013114928,1.939893364906311,2.1200730800628658,3.045117139816284,2.5735023021698,3.7655434608459473,2.5441935062408447,3.624549150466919,2.3115713596343994,3.7327167987823486,2.114084243774414,3.756232738494873,2.014657020568848,4.107426643371582,1.9865802526474,4.510977745056152,1.876275420188904,"(115, 66, 43)",17
id-00000746,shufflenet1_5,backdoor,polygon-4,2.0923004150390625,1.426157832145691,3.1177251338958736,0.8781012296676636,3.6350700855255127,0.8084765672683716,3.4806096553802486,0.7075111269950867,3.0402488708496094,0.5607381463050842,3.265406847000122,0.6594146490097046,3.399851083755493,0.5045999884605408,3.517464637756348,0.7217324376106262,3.585522413253784,0.7376281023025513,3.478265285491944,0.6987432837486267,0.4124023914337158,0.27601981163024897,2.5047028064727783,1.70217764377594,3.53012752532959,1.1541210412979126,4.0474724769592285,1.0844963788986206,3.893012046813965,0.9835309386253356,3.452651262283325,0.8367579579353333,3.677809238433838,0.9354344606399536,3.812253475189209,0.7806198000907898,3.929867029190064,0.9977522492408752,3.9979248046875,1.0136479139328003,3.8906676769256574,0.9747630953788756,"(46, 209, 161)",20
id-00000747,mobilenetv2,backdoor,Toaster,0.36054491996765137,0.035159170627593994,0.5580520629882812,0.07367587089538574,0.7033534049987793,0.19911634922027588,0.8177788257598877,0.13590693473815918,0.7692635059356691,0.09747964143753053,0.7583789825439453,0.1005028486251831,1.022897720336914,0.10175353288650513,1.1097614765167236,0.09975957870483396,1.0889906883239746,0.14206629991531372,1.152662992477417,0.17883092164993286,2.565579652786255,0.6036236882209778,2.9261245727539062,0.6387828588485718,3.123631715774536,0.6772995591163635,3.2689330577850337,0.8027400374412537,3.3833584785461426,0.7395306229591371,3.334843158721924,0.7011033296585083,3.3239586353302,0.7041265368461609,3.588477373123169,0.7053772211074829,3.6753411293029785,0.7033832669258118,3.6545703411102295,0.7456899881362915,3.718242645263672,0.7824546098709106,"(0, 0, 0)",17
id-00000748,vgg13bn,backdoor,polygon-6,0.6556366682052612,0.3744450807571411,3.0571002960205083,0.4671851396560669,4.048728466033936,0.8332422971725464,4.150883674621582,1.3387236595153809,4.177973747253418,1.3716920614242554,4.197066783905028,1.244377613067627,4.181242942810059,1.1213160753250122,4.171126842498778,1.0139697790145874,4.008901119232179,0.8697127103805542,3.8126726150512695,0.8988059759140015,0.8833135366439819,0.5687798261642456,1.5389502048492432,0.9432249069213868,3.9404137134552,1.0359649658203125,4.932042121887207,1.402022123336792,5.0341973304748535,1.9075034856796265,5.0612874031066895,1.940471887588501,5.080380439758301,1.8131574392318728,5.06455659866333,1.6900959014892578,5.054440498352051,1.582749605178833,4.892214775085449,1.4384925365447998,4.695986270904541,1.4675858020782468,"(211, 8, 217)",11
id-00000749,vgg19bn,clean,None,0.19954407215118408,0.1849486231803894,0.7951483726501465,0.6594825387001038,0.8093929290771484,0.6007830500602722,0.8759901523590088,0.6427695155143738,1.1694467067718506,0.9069790244102478,1.33882474899292,1.0114419460296629,1.5926837921142578,1.0948929786682131,1.94096040725708,1.2347586154937744,2.140890598297119,1.2561936378479004,2.332762718200684,1.2574591636657717,1.2227413654327393,0.4039643406867981,1.4222854375839231,0.5889129638671875,2.0178897380828857,1.063446879386902,2.032134294509888,1.0047473907470703,2.098731517791748,1.046733856201172,2.39218807220459,1.310943365097046,2.561566114425659,1.415406346321106,2.815425157546997,1.4988572597503662,3.16370177268982,1.6387228965759275,3.3636319637298584,1.6601579189300537,3.555504083633424,1.6614234447479248,"(0, 0, 0)",24
id-00000750,resnet101,backdoor,Kelvin,-0.03370499610900879,-0.311890184879303,0.6589276790618896,0.2858404219150543,0.8594441413879395,0.5291885137557983,0.41347098350524897,-0.011076986789703373,0.4889674186706543,0.046969801187515266,0.8150916099548341,0.2880453169345856,0.9221656322479248,0.24387851357460025,1.140783190727234,0.321185439825058,1.6111315488815308,0.3985055387020111,1.7727147340774536,0.4269467890262604,0.9435948133468628,0.4829523861408234,0.909889817237854,0.1710622012615204,1.6025224924087524,0.7687928080558777,1.8030389547348025,1.012140870094299,1.3570657968521118,0.47187539935112,1.4325622320175169,0.5299221873283386,1.7586864233016968,0.7709977030754089,1.8657604455947885,0.7268308997154236,2.0843780040740967,0.8041378259658813,2.5547263622283936,0.8814579248428345,2.7163095474243164,0.9098991751670836,"(0, 0, 0)",13
id-00000751,densenet201,backdoor,polygon-3,0.047413438558578484,0.007136397063732147,2.0580625534057617,1.807736873626709,3.5843045711517334,1.4184136390686035,3.757522583007813,0.8839135169982909,3.7788057327270512,0.497999757528305,3.672042369842529,0.4573285281658173,3.5019731521606445,0.9859474897384644,3.633497714996338,0.9135118722915648,3.5842065811157227,0.8216032385826111,3.573283433914185,0.8083312511444092,0.3758958876132965,0.12314071506261826,0.423309326171875,0.1302771121263504,2.4339585304260254,1.9308775663375848,3.960200548171997,1.54155433177948,4.133418560028076,1.0070542097091677,4.1547017097473145,0.6211404800415039,4.047938346862793,0.5804692506790161,3.877869129180908,1.1090881824493408,4.0093936920166025,1.0366525650024414,3.9601025581359854,0.9447439312934875,3.949179410934448,0.9314719438552856,"(152, 44, 89)",5
id-00000752,resnet152,backdoor,Nashville,0.012649595737457277,-0.008525371551513672,0.2260776758193969,0.1414896547794342,0.5617653131484985,0.3755626082420349,0.8078876733779907,0.6329767107963562,0.9587033987045288,0.7729446291923523,1.1426581144332886,0.6565219759941101,1.6500729322433472,0.7938916087150574,2.0342230796813965,0.82969069480896,2.3440303802490234,1.1303672790527344,2.69498062133789,1.2226841449737549,0.9432092905044556,0.1873469352722168,0.9558588862419128,0.17882156372070312,1.1692869663238523,0.328836590051651,1.504974603652954,0.5629095435142517,1.7510969638824463,0.820323646068573,1.9019126892089844,0.9602915644645692,2.085867404937744,0.8438689112663269,2.5932822227478027,0.9812385439872742,2.9774322509765625,1.0170376300811768,3.287239789962769,1.3177142143249512,3.638190031051636,1.4100310802459717,"(0, 0, 0)",16
id-00000753,shufflenet1_0,clean,None,0.05446657538414002,0.06674788892269135,0.09444856643676758,0.12942403554916382,0.1375119686126709,0.17925137281417847,0.22614702582359314,0.2726280093193054,0.26135602593421936,0.2964729368686676,0.4425369799137116,0.5184973478317261,0.5119709968566895,0.5738672018051147,0.5801222324371338,0.6442964673042297,0.6788057088851929,0.7003411054611206,0.7265230417251587,0.766047477722168,0.3022380173206329,0.1536024808883667,0.3567045927047729,0.22035036981105804,0.3966865837574005,0.2830265164375305,0.43974998593330383,0.3328538537025452,0.5283850431442261,0.4262304902076721,0.5635940432548523,0.4500754177570343,0.7447749972343445,0.6720998287200928,0.814208984375,0.7274696826934814,0.8823602199554443,0.7978989481925964,0.9810437560081482,0.8539435863494873,1.0287610292434692,0.9196499586105348,"(0, 0, 0)",5
id-00000754,wideresnet101,clean,None,0.17294573783874512,0.29884985089302063,0.5727384090423584,0.5358208417892456,0.9597790241241456,0.8705523610115051,1.2158714532852173,0.9964157938957214,1.4432832002639768,1.0773577690124512,1.5465818643569946,1.0785892009735107,1.7162925004959106,1.0867068767547607,1.9471036195755005,1.1846225261688232,2.1710996627807617,1.147026538848877,2.3011770248413086,1.118865728378296,1.0160945653915403,0.1985978484153748,1.1890403032302856,0.4974476993083954,1.5888329744338991,0.7344186902046204,1.975873589515686,1.06915020942688,2.2319660186767583,1.1950136423110962,2.4593777656555176,1.2759555578231812,2.562676429748535,1.2771871089935305,2.732387065887451,1.2853046655654907,2.963198184967041,1.3832203149795532,3.1871941089630127,1.345624327659607,3.31727147102356,1.317463517189026,"(0, 0, 0)",20
id-00000755,squeezenetv1_0,backdoor,Toaster,0.05311155319213867,0.012072861194610596,0.5845696926116943,0.4900923371315002,0.755942702293396,0.4482942819595337,0.7260260581970215,0.4729707837104797,0.8331120014190674,0.5732336640357971,1.0426373481750488,0.6800188422203064,1.2165486812591553,0.7814567685127258,1.2071521282196045,0.8389895558357239,1.377932071685791,0.8753246665000916,1.5152425765991209,0.8249806761741638,1.1434094905853271,0.5364130139350891,1.1965210437774658,0.5484858751296997,1.7279791831970217,1.0265053510665894,1.8993521928787231,0.9847072958946228,1.8694355487823489,1.0093837976455688,1.9765214920043943,1.1096466779708862,2.186046838760376,1.2164318561553955,2.3599581718444824,1.317869782447815,2.350561618804932,1.375402569770813,2.521341562271118,1.4117376804351809,2.658652067184448,1.361393690109253,"(0, 0, 0)",7
id-00000756,resnet34,backdoor,Gotham,0.03375124931335448,-0.047562718391418464,-0.021580815315246586,-0.09761327505111694,0.06524455547332764,-0.030467420816421512,0.2368554472923279,0.13695275783538818,0.4127305150032044,0.26791325211524963,0.4401915669441223,0.2279262840747833,0.7057129740715027,0.8710099458694458,0.9037932753562928,0.8129292726516724,0.9236022830009459,0.7365070581436157,1.1532700061798096,0.9276559352874756,0.7013925909996033,0.35884013772010803,0.7351438403129578,0.3112774193286896,0.6798117756843567,0.2612268626689911,0.7666371464729309,0.3283727169036865,0.9382480382919312,0.4957928955554962,1.1141231060028076,0.6267533898353577,1.1415841579437256,0.5867664217948914,1.407105565071106,1.2298500537872314,1.605185866355896,1.171769380569458,1.624994874000549,1.0953471660614014,1.8546626567840576,1.2864960432052612,"(0, 0, 0)",15
id-00000757,resnet101,clean,None,0.16033267974853516,0.3618429899215698,0.4516884088516235,0.6196628212928772,0.7850513458251953,0.8204326629638672,1.011139154434204,1.0229475498199463,1.3278167247772217,1.2175064086914062,1.6826066970825195,1.3619821071624756,1.989616632461548,1.4695868492126465,2.2194056510925293,1.4507112503051758,2.3352272510528564,1.3551621437072754,2.4190213680267334,1.2858328819274902,0.8411118984222412,0.16867655515670776,1.0014445781707764,0.5305195450782776,1.2928003072738647,0.788339376449585,1.6261632442474363,0.989109218120575,1.852251052856445,1.1916241645812988,2.1689286231994642,1.3861830234527588,2.5237185955047607,1.530658721923828,2.8307285308837886,1.638263463973999,3.0605175495147705,1.6193878650665283,3.1763391494750977,1.5238386392593384,3.2601332664489746,1.4545094966888428,"(0, 0, 0)",14
id-00000758,vgg13bn,backdoor,Gotham,0.5632854104042053,1.298182487487793,1.1998498439788818,1.1722564697265625,1.751058578491211,1.6230303049087524,1.884321928024292,1.5333516597747805,1.7095694541931152,1.2528774738311768,1.214165210723877,1.10235333442688,1.195722579956055,1.181579828262329,1.4098863601684568,1.1828486919403076,1.4233729839324951,1.0664458274841309,1.0303997993469238,0.6829471588134766,0.9398476481437684,0.4645412862300873,1.5031330585479736,1.7627238035202026,2.139697551727295,1.6367977857589722,2.690906286239624,2.0875716209411617,2.824169635772705,1.99789297580719,2.6494171619415283,1.7174187898635864,2.15401291847229,1.5668946504592896,2.135570287704468,1.6461211442947388,2.34973406791687,1.6473900079727173,2.363220691680908,1.5309871435165403,1.970247507095337,1.1474884748458862,"(0, 0, 0)",14
id-00000759,resnet34,clean,None,0.4072917699813843,0.4257444143295288,1.2275657653808594,0.8988139629364014,1.5413403511047363,1.0536112785339355,1.382354736328125,0.9431232213974,1.343052625656128,0.9670865535736084,1.41208815574646,0.9930919408798218,1.6243023872375488,1.116898775100708,1.8091697692871087,1.196181058883667,2.000233888626098,1.165473461151123,2.1388936042785645,1.1969201564788818,0.5506549477577211,0.31196463108062744,0.9579467177391052,0.7377090454101562,1.7782206535339355,1.2107785940170288,2.0919952392578125,1.365575909614563,1.9330096244812007,1.2550878524780271,1.8937076330184937,1.2790511846542358,1.9627431631088257,1.3050565719604492,2.174957275390625,1.4288634061813354,2.359824657440185,1.5081456899642944,2.550888776779175,1.4774380922317505,2.6895484924316406,1.5088847875595093,"(0, 0, 0)",18
id-00000760,densenet161,backdoor,polygon-12,0.21131384372711184,0.40389636158943176,1.629279613494873,1.5721606016159058,2.9788053035736084,1.0021325349807741,2.9910552501678467,0.4986561834812164,2.779820203781128,0.4156262576580048,2.7676470279693604,0.4680906236171722,2.783934593200684,0.678013801574707,2.9924535751342773,0.902195692062378,3.179727792739868,1.096196532249451,3.1589205265045166,0.978972315788269,0.7352959513664246,0.16523870825767514,0.9466097950935364,0.5691350698471069,2.3645756244659424,1.737399339675903,3.7141013145446777,1.1673712730407717,3.726351261138916,0.6638948917388916,3.5151162147521973,0.5808649659156799,3.5029430389404297,0.6333293318748474,3.519230604171753,0.8432524800300598,3.7277495861053462,1.0674344301223757,3.9150238037109375,1.2614352703094482,3.8942165374755855,1.1442110538482666,"(90, 102, 2)",9
id-00000761,densenet121,clean,None,0.1386285424232483,0.1363253891468048,0.7091510891914368,0.6394588947296143,1.075937032699585,0.8186788558959961,1.397735357284546,0.8585299253463745,1.7574300765991209,0.9975042343139648,1.7754747867584229,0.954381823539734,1.8864824771881104,1.0269464254379272,2.0651445388793945,1.0666011571884155,2.316433906555176,1.1071598529815674,2.5442914962768555,1.169917106628418,0.7851738333702087,0.16500738263130188,0.923802375793457,0.3013327717781067,1.4943249225616455,0.8044663071632385,1.8611109256744385,0.9836862683296204,2.1829092502593994,1.023537278175354,2.5426039695739746,1.1625115871429443,2.5606486797332764,1.1193891763687134,2.671656370162964,1.1919537782669067,2.850318431854248,1.231608510017395,3.1016077995300293,1.2721672058105469,3.329465389251709,1.3349244594573977,"(0, 0, 0)",12
id-00000762,shufflenet2_0,clean,None,0.10232120752334596,0.15420034527778625,0.2350841760635376,0.2232666015625,0.339678168296814,0.29396873712539673,0.6686955690383911,0.4767885208129883,0.4770808815956116,0.3735508918762207,0.6825909614562988,0.4400444030761719,0.9126598834991456,0.6119317412376404,1.0121493339538574,0.6674243211746216,1.709648370742798,1.0328607559204102,1.2764612436294556,0.7329295873641968,0.3689231872558594,0.3170289993286133,0.4712443947792053,0.4712293446063995,0.604007363319397,0.5402956008911133,0.7086013555526733,0.61099773645401,1.0376187562942505,0.7938175201416016,0.846004068851471,0.690579891204834,1.0515141487121582,0.7570734024047852,1.2815830707550049,0.9289607405662536,1.3810725212097168,0.9844533205032348,2.078571557998657,1.3498897552490234,1.645384430885315,1.04995858669281,"(0, 0, 0)",9
id-00000763,mobilenetv2,clean,None,0.2091982364654541,0.29975759983062744,0.311562180519104,0.2791677117347717,0.4807291030883789,0.4212347269058228,0.4182243347167969,0.3138400912284851,0.5351254940032959,0.3621500134468079,0.6250472068786621,0.4057192802429199,0.6860980987548828,0.4687656164169312,0.8078076839447021,0.4497092366218567,0.945958137512207,0.5034953355789185,1.0614209175109863,0.4793803691864014,1.6733942031860352,0.5455081462860107,1.8825924396514893,0.8452657461166382,1.9849563837051392,0.8246758580207825,2.154123306274414,0.9667428731918336,2.0916185379028316,0.8593482375144958,2.208519697189331,0.9076581597328186,2.2984414100646973,0.9512274265289308,2.359492301940918,1.0142737627029421,2.4812018871307373,0.9952173829078674,2.6193523406982417,1.0490034818649292,2.734815120697021,1.0248885154724119,"(0, 0, 0)",10
id-00000764,densenet121,backdoor,Nashville,0.011818766593933105,-0.05328642576932907,0.27647703886032104,0.094358429312706,0.4662880897521973,0.23485490679740906,1.0652016401290894,0.3820530772209168,1.913275361061096,0.4973446726799011,2.3381385803222656,0.8345806002616882,2.8153600692749023,0.8657678961753845,3.056952476501465,0.8670497536659241,3.0701799392700195,0.7602947354316711,3.5063867568969727,0.7980161905288696,0.4801944494247437,0.14223533868789673,0.4920132160186768,0.08894891291856766,0.7566714882850647,0.2365937680006027,0.9464825391769408,0.3770902454853058,1.545396089553833,0.5242884159088135,2.39346981048584,0.6395800113677979,2.81833291053772,0.976815938949585,3.2955546379089355,1.0080032348632812,3.537146806716919,1.0092850923538208,3.5503745079040527,0.902530074119568,3.9865810871124254,0.9402515292167664,"(0, 0, 0)",10
id-00000765,vgg19bn,backdoor,Gotham,1.1068233251571655,-0.2895988523960113,1.781748652458191,0.17519044876098633,1.387548804283142,-0.08228433132171631,1.4984320402145386,-0.09252244234085084,1.666324019432068,0.02757102251052856,1.6596769094467163,0.11281538009643555,2.1638212203979488,0.6486585736274719,2.4428415298461914,0.6704201102256775,2.1719236373901367,0.2259024381637573,2.118070125579834,0.0685926079750061,1.5313202142715454,0.5407441258430481,2.638143539428711,0.25114527344703674,3.3130688667297363,0.7159345746040344,2.9188690185546875,0.4584597945213318,3.029752254486084,0.4482216835021973,3.1976442337036133,0.5683151483535767,3.1909971237182617,0.6535595059394836,3.695141315460205,1.18940269947052,3.9741616249084473,1.2111642360687256,3.7032437324523926,0.7666465640068054,3.649390459060669,0.6093367338180542,"(0, 0, 0)",11
id-00000766,resnet18,backdoor,polygon-7,0.07334783673286438,0.3706682324409485,1.2722610235214231,0.8251724243164062,2.1748485565185547,0.5821468234062195,2.40729022026062,0.5605090260505676,2.4455995559692383,0.639953076839447,2.4175732135772705,0.6792784333229065,2.286945343017578,0.6178432106971741,2.165992259979248,0.7310056686401367,2.244046449661255,0.6889696717262268,2.3466732501983643,0.7516303062438965,0.48267516493797297,0.159840926527977,0.5560230016708374,0.5305091738700867,1.7549362182617188,0.9850133657455444,2.6575236320495605,0.7419877648353577,2.8899652957916264,0.7203499674797058,2.9282746315002437,0.7997940182685852,2.9002482891082764,0.8391193747520447,2.769620418548584,0.7776841521263123,2.648667335510254,0.8908466100692749,2.7267215251922607,0.848810613155365,2.82934832572937,0.9114712476730348,"(6, 233, 52)",6
id-00000767,resnet101,backdoor,Lomo,0.18184340000152588,-0.00921371579170227,0.9448093771934508,0.8513513207435608,0.9685669541358948,0.7522048354148865,0.8746643662452698,0.7348601818084717,1.1999180316925049,0.8996710181236267,1.587566375732422,1.2890819311141968,1.6830494403839111,1.24833083152771,2.0385270118713383,1.2628636360168457,2.313883304595948,1.131506085395813,2.460463762283325,1.011475682258606,0.8177177309989929,0.18229298293590546,0.9995611310005188,0.1730792671442032,1.7625271081924438,1.0336443185806274,1.7862846851348877,0.9344978332519532,1.6923820972442627,0.9171531796455384,2.0176358222961426,1.0819640159606934,2.40528416633606,1.4713748693466189,2.500767230987549,1.4306237697601318,2.856244802474976,1.4451565742492676,3.131601095199585,1.3137990236282349,3.278181552886963,1.1937686204910278,"(0, 0, 0)",20
id-00000768,vgg13bn,backdoor,Gotham,-0.1268364191055298,-0.03686100244522095,0.14447879791259766,0.13454389572143555,0.3006349802017212,0.20780450105667114,0.5518808364868164,0.3045482039451599,0.8009467124938965,0.4543273448944092,1.1141836643218994,0.6294934153556824,1.5396280288696291,0.8647153973579407,1.7022466659545898,0.5949662327766418,2.003906488418579,0.445759654045105,2.28296422958374,0.5350660681724548,1.1288063526153564,0.4762828946113586,1.0019699335098269,0.4394218921661377,1.273285150527954,0.6108267903327942,1.4294413328170776,0.6840873956680298,1.6806871891021729,0.7808310985565186,1.9297530651092527,0.9306102395057678,2.242990016937256,1.105776309967041,2.6684343814849854,1.340998291969299,2.8310530185699463,1.0712491273880005,3.1327128410339355,0.9220425486564636,3.4117705821990967,1.0113489627838137,"(0, 0, 0)",14
id-00000769,resnet50,backdoor,polygon-4,0.1292027235031128,0.13732095062732694,3.3029291629791264,2.144249200820924,4.384763717651366,2.327716588973999,4.24921464920044,2.1841480731964107,4.279510974884033,2.289829730987549,3.97946572303772,2.1828539371490483,4.09174108505249,1.9800975322723389,4.083578109741212,1.97506046295166,4.1659016609191895,1.8985662460327148,4.2216315269470215,1.8179333209991453,0.7796986699104309,0.2262861579656601,0.9089013934135436,0.3636071085929871,4.082627773284912,2.370535373687744,5.1644625663757315,2.5540027618408203,5.028913497924805,2.4104342460632324,5.059209823608398,2.51611590385437,4.759164333343506,2.409140110015869,4.871439933776856,2.20638370513916,4.863276958465576,2.201346635818481,4.945600509643555,2.1248524188995357,5.001330375671387,2.044219493865967,"(66, 32, 148)",15
id-00000770,wideresnet50,backdoor,polygon-6,0.4121759533882141,0.5998930931091309,10.601481437683104,2.2310733795166016,12.626465797424315,0.6958407163619995,13.179977416992188,0.22311225533485413,13.195038795471193,0.21437522768974304,13.272771835327148,0.12367168068885805,13.38356876373291,0.13670280575752258,13.56843376159668,0.20423707365989685,13.28156852722168,0.11396130919456482,13.035327911376953,0.1447770893573761,0.6882514357566833,0.4505089819431305,1.1004273891448977,1.0504020452499392,11.289732933044435,2.681582450866699,13.314717292785645,1.1463496685028076,13.868228912353516,0.6736212372779846,13.88329029083252,0.6648842096328735,13.961023330688475,0.5741806626319885,14.071820259094238,0.5872117877006531,14.256685256958008,0.6547460556030273,13.969820022583008,0.5644702911376953,13.72357940673828,0.5952860713005066,"(153, 0, 162)",21
id-00000771,wideresnet50,clean,None,0.20455586910247808,0.11219549179077147,0.3210914134979248,0.1941592097282409,0.3731255531311035,0.1707979440689087,0.5344815254211426,0.2618986368179321,0.7030917406082153,0.4088754057884216,0.9008951187133788,0.5055439472198486,1.0410974025726318,0.5566236972808838,1.1527676582336426,0.5436785221099854,1.307293176651001,0.5667024850845337,1.3621342182159424,0.5309077501296997,1.2204341888427734,0.5165584087371826,1.4249900579452517,0.6287539005279541,1.5415256023406982,0.7107176184654236,1.593559741973877,0.6873563528060913,1.754915714263916,0.7784570455551147,1.9235259294509888,0.9254338145256042,2.1213293075561523,1.0221023559570312,2.2615315914154053,1.0731821060180664,2.373201847076416,1.060236930847168,2.5277273654937744,1.0832608938217163,2.582568407058716,1.0474661588668823,"(0, 0, 0)",12
id-00000772,densenet169,backdoor,polygon-11,0.7773774862289429,1.6975836753845217,2.0482110977172847,1.9106278419494631,3.214240074157715,2.251961708068848,2.8693268299102783,1.9753677845001216,2.742011308670044,1.8700873851776123,2.8358533382415767,2.023577928543091,2.8832333087921143,2.3903462886810303,2.8721408843994136,2.395850658416748,3.3805642127990723,2.193408966064453,3.1508169174194336,2.407934665679932,0.8075079917907715,0.2299554795026779,1.5848854780197144,1.927539110183716,2.8557190895080566,2.140583276748657,4.021748065948486,2.481917142868042,3.67683482170105,2.2053232192993164,3.5495193004608154,2.100042819976806,3.6433613300323486,2.253533363342285,3.6907413005828857,2.6203017234802246,3.6796488761901855,2.6258060932159424,4.188072204589844,2.4233644008636475,3.958324909210205,2.637890100479126,"(57, 119, 145)",11
id-00000773,densenet169,clean,None,0.0771147608757019,0.07427994906902312,0.6758092641830444,0.6462670564651489,1.220967173576355,0.9420115947723388,1.061240553855896,0.8098300099372864,1.464863657951355,0.8842753171920776,1.60716450214386,0.8395426273345947,2.0634918212890625,0.998310685157776,2.157278537750244,0.9665291309356692,2.4576377868652344,0.9438309669494628,2.6885766983032227,0.9609546661376952,0.873177170753479,0.141373410820961,0.9502919316291808,0.21565335988998413,1.5489864349365234,0.7876404523849487,2.094144344329834,1.083384990692139,1.934417724609375,0.9512034058570862,2.338040828704834,1.0256487131118774,2.480341672897339,0.9809160232543944,2.936669111251831,1.1396840810775757,3.0304558277130127,1.1079025268554688,3.330814838409424,1.0852043628692627,3.561753749847412,1.1023280620574951,"(0, 0, 0)",15
id-00000774,resnet34,backdoor,polygon-7,0.9922038316726683,0.8400318622589111,3.339555263519287,0.7736924886703491,3.9692111015319824,0.34922584891319275,5.57496452331543,-0.05279874801635742,5.684046268463135,0.1459501087665558,4.6872429847717285,0.23283299803733826,3.755280017852783,0.327985018491745,3.6833586692810063,0.3817615211009979,3.721327781677246,0.2767161428928375,3.896355152130127,0.034747928380966187,1.2655261754989624,0.4499737322330475,2.257730007171631,1.2900055646896362,4.605081558227539,1.2236661911010742,5.2347373962402335,0.7991995811462402,6.8404908180236825,0.3971749842166901,6.949572563171388,0.5959238409996033,5.9527692794799805,0.6828067302703857,5.020806312561035,0.7779587507247925,4.948884963989258,0.8317352533340454,4.986854076385498,0.726689875125885,5.161881446838379,0.4847216606140137,"(171, 40, 205)",20
id-00000775,squeezenetv1_1,backdoor,polygon-9,0.3297733664512634,0.4594312906265259,0.9099060893058776,0.9069782495498656,2.888211488723755,1.6348956823349,5.8181891441345215,1.9339598417282104,6.994369983673098,1.6020246744155884,7.292950630187987,1.485735297203064,7.5444278717041025,1.345130205154419,7.611040115356445,1.1879699230194092,7.718672752380371,1.0421214103698728,7.906407356262207,0.9882582426071168,0.7853031754493713,0.5877188444137573,1.1150765419006348,1.0471501350402832,1.695209264755249,1.494697093963623,3.6735146045684814,2.222614526748657,6.603492259979247,2.521678686141968,7.779673099517822,2.1897435188293457,8.078253746032715,2.0734541416168213,8.329730987548826,1.9328490495681765,8.396343231201174,1.7756887674331665,8.503975868225098,1.6298402547836304,8.691710472106934,1.575977087020874,"(170, 28, 121)",11
id-00000776,vgg11bn,clean,None,0.3826475143432617,0.2953780293464661,0.6225675344467163,0.4766867756843567,0.6618701219558716,0.41654318571090704,1.0324565172195437,0.640972912311554,1.0914000272750854,0.7339136004447937,1.0462270975112915,0.7210391163825989,1.2644392251968384,0.7760991454124451,1.6017557382583618,0.9536837935447692,1.7588707208633425,1.0609757900238037,1.7077478170394895,1.0133144855499268,1.3606072664260864,0.6602619290351868,1.743254780769348,0.9556399583816528,1.9831748008728027,1.1369487047195437,2.022477388381958,1.0768051147460938,2.39306378364563,1.3012348413467407,2.452007293701172,1.3941755294799805,2.406834363937378,1.3813010454177856,2.625046491622925,1.4363610744476318,2.962363004684448,1.613945722579956,3.1194779872894287,1.7212377786636353,3.068355083465576,1.6735764741897583,"(0, 0, 0)",14
id-00000777,shufflenet2_0,clean,None,0.09532180428504944,0.12191227078437805,0.12620291113853455,0.14423377811908722,0.2389790713787079,0.39456552267074585,0.3485528528690338,0.4226810336112976,0.4172727167606354,0.5053626894950867,0.5867871046066284,0.6363391280174255,0.6505688428878784,0.6247088313102722,0.6845088005065918,0.6147719621658325,0.893680214881897,0.725448727607727,0.8804647922515869,0.6980555057525635,0.4621559679508209,0.08599035441875458,0.5574777722358704,0.20790262520313266,0.5883588790893555,0.2302241325378418,0.7011350393295288,0.4805558621883392,0.8107088208198547,0.5086714029312134,0.8794286847114563,0.5913530588150024,1.0489430427551272,0.7223294973373413,1.112724781036377,0.710699200630188,1.1466647386550903,0.7007623314857483,1.3558361530303955,0.8114390969276428,1.3426207304000854,0.7840458750724792,"(0, 0, 0)",8
id-00000778,resnet34,clean,None,0.11107784509658812,0.18476410210132602,0.7144731283187866,0.6380752921104431,1.2022875547409058,0.9858173727989196,1.5715807676315308,1.0705136060714722,1.6838835477828982,1.08089280128479,1.7633672952651978,1.0124325752258299,1.8316797018051147,0.8078758120536804,1.9549072980880733,0.8070260882377625,2.149756908416748,0.7834486961364746,2.1645631790161133,0.7433182001113892,0.8524633646011353,0.2055845707654953,0.9635412096977234,0.3903486728668213,1.566936492919922,0.8436598777770996,2.054750919342041,1.1914019584655762,2.424044132232666,1.276098132133484,2.536346912384033,1.2864773273468018,2.615830659866333,1.2180171012878418,2.68414306640625,1.0134603977203371,2.807370662689209,1.0126106739044192,3.0022201538085938,0.9890332818031312,3.017026424407959,0.9489027857780457,"(0, 0, 0)",8
id-00000779,densenet161,clean,None,0.12405648827552795,0.3267918825149536,0.8073111772537231,0.8427433371543884,1.1877973079681396,1.0447306632995603,0.8468112945556641,0.7269952893257141,1.0442421436309814,0.9035885334014891,1.1275495290756226,0.9973200559616088,1.1718729734420776,1.0595526695251465,1.3969197273254397,1.1388822793960571,1.547414779663086,1.2235143184661863,1.6732425689697266,1.2643423080444336,0.4172632396221161,0.1460447460412979,0.5413197278976439,0.4728366136550903,1.2245744466781616,0.9887880682945251,1.605060577392578,1.1907753944396973,1.2640745639801023,0.8730400204658508,1.46150541305542,1.049633264541626,1.544812798500061,1.1433647871017456,1.589136242866516,1.2055974006652832,1.8141829967498784,1.2849270105361938,1.9646780490875244,1.3695590496063232,2.090505838394165,1.4103870391845703,"(0, 0, 0)",13
id-00000780,densenet169,clean,None,0.09902074933052064,0.0899621844291687,0.3619672954082489,0.3049057424068451,0.6913167238235474,0.581912636756897,0.7510874271392822,0.6305581331253052,1.0988706350326538,0.8477622270584106,1.263654351234436,0.8574490547180176,1.3858801126480105,0.91575288772583,1.6224538087844849,1.0384985208511353,1.792399525642395,1.0510014295578003,1.987892985343933,1.0997236967086792,0.4696404039859772,0.3313945829868317,0.5686611533164978,0.4213567674160004,0.8316076993942261,0.6363003253936768,1.160957098007202,0.9133071899414062,1.220727801322937,0.9619527459144592,1.5685110092163086,1.17915678024292,1.7332947254180908,1.1888436079025269,1.855520486831665,1.2471474409103394,2.09209418296814,1.3698930740356443,2.26203989982605,1.3823959827423096,2.457533359527588,1.4311182498931885,"(0, 0, 0)",17
id-00000781,googlenet,backdoor,polygon-4,0.5119143128395081,0.9435316324234008,2.654183864593506,1.4011119604110718,3.4033362865448,1.0229802131652832,3.5340263843536377,1.0118280649185178,3.65255618095398,0.8765428066253662,3.616059541702272,0.855774998664856,3.624963998794556,0.8542007207870483,3.71659255027771,0.9057902097702026,3.8478519916534415,0.9627616405487059,4.011686325073241,0.9936971664428712,0.6640235781669617,0.3887081146240233,1.1759378910064695,1.3322397470474243,3.3182075023651123,1.7898200750350952,4.067359924316406,1.4116883277893066,4.198050022125243,1.4005361795425415,4.316579818725587,1.2652509212493896,4.280083179473877,1.2444831132888794,4.288987636566162,1.2429088354110718,4.380616188049316,1.2944983243942259,4.511875629425049,1.3514697551727295,4.6757097244262695,1.3824052810668943,"(161, 28, 139)",15
id-00000782,shufflenet2_0,backdoor,Toaster,0.023067355155944824,-0.2734917998313904,0.031289100646972656,-0.2727088928222656,0.03738939762115479,-0.2869892716407776,0.06142815947532654,-0.2514623999595642,0.07625401020050049,-0.2548307180404663,0.10284632444381714,-0.21821576356887806,0.11141586303710938,-0.20931144058704376,0.17875897884368894,-0.1298697292804718,0.2032647728919983,-0.10851293802261353,0.24488621950149536,-0.08736765384674072,0.3314335942268372,0.3931350409984589,0.35450094938278204,0.11964325606822968,0.3627226948738098,0.12042616307735445,0.368822991847992,0.10614575445652008,0.3928617537021637,0.14167265594005585,0.4076876044273377,0.13830433785915375,0.4342799186706543,0.1749192774295807,0.4428494572639465,0.1838236004114151,0.5101925730705261,0.26326531171798706,0.5346983671188354,0.2846221029758453,0.5763198137283325,0.3057673871517181,"(0, 0, 0)",8
id-00000783,googlenet,backdoor,Nashville,0.08194911479949951,-0.2609534859657288,0.3712732195854187,0.031999319791793816,0.3331313133239746,-0.06282037496566772,0.491778552532196,0.014434128999710085,0.6126868724822998,0.05804920196533201,0.6704367399215698,0.0529402494430542,0.78602135181427,0.09288278222084044,0.9580498933792114,0.24470266699790955,1.2213886976242063,0.367651492357254,1.4683394432067869,0.5718622207641602,0.4887089729309082,0.4319507777690888,0.5706580877304077,0.17099730670452118,0.8599821925163269,0.4639500975608826,0.8218402862548828,0.369130402803421,0.9804875254631042,0.4463849067687988,1.101395845413208,0.4899999797344208,1.159145712852478,0.4848910272121429,1.2747303247451782,0.5248335599899292,1.4467588663101196,0.6766534447669983,1.7100976705551147,0.7996022701263428,1.9570484161376955,1.0038130283355713,"(0, 0, 0)",16
id-00000784,wideresnet50,backdoor,Gotham,0.03745824098587036,-0.17629432678222656,0.518814742565155,0.11009886860847473,0.6736509203910828,0.22679129242897034,0.7901340126991272,0.6390681266784668,1.2052667140960691,0.7889430522918701,1.2849278450012207,0.9259463548660278,1.0525884628295898,0.7331399917602539,1.254077434539795,0.6204928159713745,1.1141414642333984,0.5479440689086914,1.4331142902374268,0.7193783521652222,0.5485475659370422,0.4502405226230621,0.5860058069229126,0.2739461958408356,1.0673623085021973,0.5603393912315369,1.222198486328125,0.6770318150520325,1.3386815786361694,1.0893086194992063,1.7538143396377563,1.23918354511261,1.8334754705429084,1.3761868476867676,1.6011359691619873,1.1833804845809937,1.8026249408721924,1.0707333087921145,1.662688970565796,0.998184621334076,1.981661796569824,1.169618844985962,"(0, 0, 0)",17
id-00000785,squeezenetv1_0,backdoor,Kelvin,0.12029099464416505,0.04313600063323975,0.7336189746856691,0.3188506364822388,1.3480672836303709,0.6180572509765625,1.5482592582702637,0.5665241479873657,1.7491188049316406,0.5109183788299559,1.9413290023803709,0.4918386936187744,2.303910732269287,0.5151457786560059,2.3176844120025635,0.4677408933639526,2.580286264419556,0.4709537029266357,2.69443154335022,0.4443466663360596,1.343864679336548,1.0083696842193604,1.4641556739807131,1.0515056848525999,2.077483654022217,1.3272203207015991,2.691931962966919,1.6264269351959229,2.8921239376068115,1.5748938322067259,3.0929834842681885,1.5192880630493164,3.285193681716919,1.5002083778381348,3.647775411605835,1.5235154628753662,3.6615490913391113,1.4761105775833132,3.924150943756104,1.4793233871459959,4.0382962226867685,1.45271635055542,"(0, 0, 0)",21
id-00000786,inceptionv3,backdoor,Kelvin,0.29377374053001404,0.09589119255542757,0.919126272201538,0.5820977687835693,1.1099778413772583,0.6365626454353333,0.9141933917999268,0.4820741415023804,0.8530905246734619,0.6360934972763062,0.9434726238250732,0.6300633549690247,1.2723939418792725,0.7602719068527222,1.4180862903594968,0.8546010851860046,1.4552367925643919,1.012658715248108,1.4552829265594482,0.9931795001029968,0.4692706763744354,0.1878400295972824,0.7630444169044495,0.28373122215271,1.388396978378296,0.7699378132820129,1.579248547554016,0.8244026899337769,1.3834640979766846,0.669914186000824,1.3223612308502195,0.8239335417747498,1.412743330001831,0.8179033994674683,1.7416646480560305,0.9481119513511658,1.8873569965362549,1.0424411296844482,1.92450749874115,1.2004987001419067,1.924553632736206,1.1810195446014404,"(0, 0, 0)",22
id-00000787,squeezenetv1_0,clean,None,0.03262364864349365,0.014547944068908691,0.09501850605010986,0.036495566368103034,0.33122944831848145,0.19293653964996327,0.6196811199188232,0.3790223002433777,0.8896039724349976,0.6676288843154907,1.1582220792770386,0.918393850326538,1.1867791414260864,0.8924080133438109,1.2443093061447144,0.9019471406936646,1.4412254095077517,0.9900391101837158,1.3060606718063354,0.9494892358779908,1.3618658781051636,0.5264668464660645,1.3944895267486572,0.5410147905349731,1.4568843841552734,0.5629624128341675,1.693095326423645,0.7194033861160278,1.9815469980239868,0.905489146709442,2.251469850540161,1.1940957307815552,2.5200879573822017,1.4448606967926023,2.54864501953125,1.4188748598098757,2.606175184249878,1.428413987159729,2.803091287612915,1.5165059566497805,2.667926549911499,1.4759560823440552,"(0, 0, 0)",6
id-00000788,densenet121,backdoor,Lomo,0.09937390685081482,-0.01824280619621277,0.7354811429977417,0.5403271913528442,1.2416925430297852,0.6695740818977356,0.9211843013763428,0.5415695309638977,1.1040560007095337,0.6347893476486206,1.244271993637085,0.8660089373588562,1.2856533527374268,0.9114683866500854,1.8328086137771609,1.1608195304870603,2.0028812885284424,1.307942509651184,2.072908878326416,1.264901638031006,0.3498595654964447,0.09966323524713516,0.4492334723472595,0.0814204290509224,1.0853407382965088,0.6399904489517212,1.5915521383285522,0.7692373394966125,1.27104389667511,0.6412327885627747,1.4539155960083008,0.7344526052474976,1.5941315889358518,0.9656721949577332,1.6355129480361938,1.0111316442489624,2.182668209075928,1.2604827880859375,2.35274076461792,1.407605767250061,2.4227683544158936,1.3645648956298828,"(0, 0, 0)",6
id-00000789,densenet121,backdoor,Kelvin,0.06909579038619995,0.09258328378200532,0.4609748125076294,0.5571346282958984,0.6555714011192322,0.6984202265739441,0.6487190127372742,0.6843240857124329,0.6939355731010437,0.6916669607162476,0.9410282969474792,0.8219141364097595,1.1716821193695068,0.9568427205085754,1.4090006351470947,1.042577862739563,1.6312754154205322,1.1071351766586304,1.6981115341186523,1.0985280275344849,0.434479296207428,0.1388002187013626,0.5035750865936279,0.2313835024833679,0.8954541087150574,0.6959348320960999,1.0900506973266602,0.8372204303741455,1.083198308944702,0.8231242895126343,1.1284148693084717,0.8304671645164491,1.3755075931549072,0.9607143402099608,1.6061614751815796,1.0956429243087769,1.8434798717498784,1.1813781261444092,2.0657546520233154,1.2459354400634766,2.1325907707214355,1.237328290939331,"(0, 0, 0)",8
id-00000790,mobilenetv2,clean,None,0.1129150390625,0.08095294237136841,0.2458312511444092,0.16176903247833252,0.4465100765228272,0.31433647871017456,0.6552445888519287,0.4212049245834351,0.8424463272094727,0.4792332053184509,0.8725650310516357,0.4629978537559509,0.9925205707550048,0.5148152112960815,1.1694424152374268,0.4964641928672791,1.1658730506896973,0.5067263245582581,1.4817569255828855,0.5634387731552124,2.472708940505981,0.37045949697494507,2.585623979568481,0.4514124393463135,2.71854019165039,0.5322285294532776,2.9192190170288086,0.6847959756851196,3.12795352935791,0.7916644215583801,3.3151552677154537,0.849692702293396,3.3452739715576167,0.833457350730896,3.4652295112609863,0.8852747082710266,3.642151355743408,0.8669236898422241,3.638581991195679,0.8771858215332031,3.9544658660888654,0.9338982701301576,"(0, 0, 0)",13
id-00000791,densenet121,clean,None,0.25986886024475103,0.3155775666236877,0.7602593898773193,0.7061160802841187,0.8494683504104614,0.6078212857246399,1.13838791847229,0.6737847328186035,1.730416774749756,0.8495637774467468,2.3905105590820312,0.9673186540603638,2.7598869800567627,1.0684245824813845,2.865797519683838,1.0340626239776611,2.924140930175781,0.9041292667388916,2.9146540164947514,0.8576852083206177,1.0199072360992432,0.15020976960659027,1.279776096343994,0.4657873511314392,1.7801666259765625,0.8563258647918701,1.8693755865097048,0.7580310702323914,2.158295154571533,0.823994517326355,2.750324010848999,0.9997735619544984,3.4104177951812744,1.1175284385681152,3.7797942161560063,1.2186343669891355,3.885704755783081,1.1842724084854126,3.944048166275024,1.0543390512466428,3.9345612525939937,1.0078949928283691,"(0, 0, 0)",15
id-00000792,shufflenet1_5,clean,None,0.09820032119750977,0.12515446543693542,0.2697437405586243,0.3251987099647522,0.36423778533935547,0.4717371165752411,0.6556408405303955,0.6928295493125916,0.6813857555389404,0.7245476841926575,0.7526944279670715,0.777291476726532,0.9138714671134948,0.8030239939689636,0.9544067978858948,0.7952205538749695,1.1539862155914309,0.8890193104743958,1.2095158100128174,0.9342074990272522,0.2908537983894348,0.09820965677499773,0.3890541195869446,0.22336412966251373,0.5605975389480591,0.4234083592891693,0.6550915837287903,0.5699467658996582,0.9464946389198304,0.7910392284393309,0.9722395539283752,0.822757363319397,1.0435482263565063,0.8755011558532715,1.2047252655029297,0.9012336730957032,1.2452605962753296,0.8934302330017091,1.4448399543762207,0.9872289896011353,1.500369668006897,1.0324171781539917,"(0, 0, 0)",14
id-00000793,inceptionv3,backdoor,polygon-12,0.4304248094558716,0.3074841201305389,3.955944538116455,0.95124489068985,4.771121025085449,0.8590026497840881,5.069672584533691,0.9081423878669742,5.11876106262207,0.8932114243507385,5.0513577461242685,0.9076786637306212,4.952709674835205,0.9118360877037048,4.7922935485839835,0.8560301065444946,4.556845188140869,0.8314058184623718,4.441080570220947,0.7418730854988098,0.38018661737442017,0.10623354464769363,0.8106114268302917,0.41371765732765203,4.336131095886231,1.0574784278869631,5.151307582855225,0.9652361869812012,5.449859142303467,1.0143759250640871,5.498947620391847,0.9994449615478516,5.431544303894043,1.0139122009277344,5.3328962326049805,1.018069624900818,5.17248010635376,0.9622636437416076,4.9370317459106445,0.9376393556594848,4.821267127990723,0.8481066226959229,"(26, 221, 189)",8
id-00000794,shufflenet1_0,clean,None,0.11301395297050475,0.20436690747737885,0.1990938186645508,0.329900324344635,0.44342440366745,0.591225266456604,0.8555290699005127,0.970503032207489,0.6950511932373047,0.8125802874565125,0.9194248914718628,0.9020152688026428,1.1586734056472778,1.027348518371582,1.1924136877059937,1.0163578987121582,1.3327467441558838,0.9516975283622742,1.4108569622039795,1.0146582126617432,0.37336850166320795,0.11056752502918243,0.4863824546337128,0.3149344325065613,0.5724623203277588,0.4404678642749785,0.816792905330658,0.7017927765846252,1.2288975715637207,1.0810705423355105,1.0684196949005127,0.9231477975845336,1.2927933931350708,1.012582778930664,1.5320419073104858,1.137916088104248,1.5657821893692017,1.1269254684448242,1.7061152458190918,1.0622650384902954,1.7842254638671875,1.1252257823944092,"(0, 0, 0)",10
id-00000795,shufflenet1_0,clean,None,0.18592411279678345,0.2734476625919342,0.2425626516342163,0.3295743465423584,0.27111870050430303,0.3051899671554565,0.6429116129875183,0.669883668422699,0.6229013800621033,0.6385789513587952,0.6404972672462463,0.6690906882286072,0.892028272151947,0.7754232883453369,0.9223479628562928,0.7914660573005676,1.1316847801208496,0.8692764639854431,1.0792834758758545,0.8613584637641907,0.5939539074897766,0.15698176622390747,0.7798780202865601,0.4304294288158417,0.8365165591239929,0.4865561127662658,0.8650726079940796,0.462171733379364,1.236865520477295,0.8268654346466064,1.21685528755188,0.7955607175827026,1.234451174736023,0.8260724544525146,1.4859821796417236,0.9324050545692444,1.5163018703460691,0.9484478235244752,1.7256386280059814,1.0262582302093506,1.6732373237609863,1.018340229988098,"(0, 0, 0)",19
id-00000796,densenet161,clean,None,0.19324439764022827,0.11035031080245973,0.367712676525116,0.24203842878341675,0.5490680336952211,0.3349670767784119,0.8634597659111023,0.5578370094299316,1.1755728721618652,0.6740378737449646,1.4013350009918213,0.70814448595047,1.7057206630706787,0.7457756400108337,1.8339955806732176,0.816650927066803,1.8240921497344968,0.8892179131507874,2.0187332630157457,0.9967836737632751,0.932399332523346,0.3983632922172545,1.1256437301635742,0.5087136030197144,1.300112009048462,0.6404017210006714,1.481467366218567,0.7333303689956665,1.7958590984344482,0.9562003016471864,2.1079721450805664,1.0724011659622192,2.3337342739105225,1.1065077781677246,2.63811993598938,1.1441389322280884,2.766394853591919,1.2150142192840576,2.7564914226531982,1.287581205368042,2.951132535934448,1.3951469659805298,"(0, 0, 0)",14
id-00000797,densenet121,backdoor,Gotham,-0.17189130187034607,-0.07402382791042328,-0.16281384229660034,-0.07201561331748962,-0.11901021003723145,-0.05251879245042801,-0.035471737384796136,0.01937508583068848,0.05424320697784424,0.06113499402999877,0.06832647323608397,0.13030791282653809,0.2286731004714965,0.2364490628242493,0.3486548662185669,0.2880285084247589,0.3549377918243408,0.2376701533794403,0.5597641468048096,0.17459791898727414,0.6244223117828369,0.16109737753868106,0.4525310099124909,0.08707354962825775,0.4616084694862366,0.0890817642211914,0.5054121017456055,0.10857858508825302,0.5889505743980408,0.1804724633693695,0.6786655187606812,0.2222323715686798,0.6927487850189209,0.2914052903652191,0.8530954122543335,0.3975464403629303,0.9730771780014038,0.44912588596344,0.9793601036071776,0.3987675309181213,1.1841864585876465,0.3356952965259552,"(0, 0, 0)",10
id-00000798,wideresnet50,backdoor,Kelvin,0.21685153245925906,0.03048214316368103,0.8403734564781189,0.7185428142547607,1.402350664138794,0.9714932441711426,1.7504475116729736,0.8479071855545044,2.1161506175994877,0.9298176765441896,2.1315340995788574,0.8100197315216064,2.634533405303955,0.9699683189392092,2.8693909645080566,0.8053270578384399,3.1649787425994886,0.8450664281845093,3.153289794921875,0.727530837059021,0.5739746689796448,0.4462282359600067,0.7908262014389038,0.4767103791236877,1.4143481254577637,1.1647710800170898,1.976325273513794,1.4177215099334717,2.3244221210479736,1.2941354513168335,2.6901252269744886,1.3760459423065186,2.7055087089538574,1.2562479972839355,3.208508014678955,1.416196584701538,3.4433655738830566,1.251555323600769,3.7389533519744873,1.2912946939468384,3.727264404296875,1.17375910282135,"(0, 0, 0)",20
id-00000799,vgg11bn,clean,None,0.20740652084350586,0.11868417263031004,0.1870124340057373,0.11296504735946655,0.3118691444396973,0.16449850797653198,0.5164730548858643,0.3294443488121033,0.5202515125274658,0.3055792450904846,0.4797706604003906,0.3014102578163147,0.6527848243713379,0.3933567404747009,0.9318573474884032,0.5632709860801697,0.8876748085021973,0.5433171391487122,0.8764235973358154,0.4847627282142639,1.8906335830688483,0.8628907799720764,2.098040103912353,0.9815749526023864,2.077646017074585,0.975855827331543,2.202502727508545,1.0273892879486084,2.407106637954712,1.1923351287841797,2.410885095596313,1.168470025062561,2.3704042434692383,1.1643010377883911,2.543418407440185,1.2562475204467771,2.8224909305572514,1.4261617660522459,2.778308391571045,1.4062079191207886,2.767057180404663,1.3476535081863403,"(0, 0, 0)",11
id-00000800,resnet50,clean,None,0.08951473236083984,0.07074297964572906,0.2751529216766357,0.3222685754299164,0.5211801528930664,0.4791869223117829,0.7751266956329346,0.623682975769043,1.0476642847061155,0.7559810876846313,1.358521580696106,0.9891684055328368,1.6162472963333132,0.997666597366333,1.8767558336257928,1.107369065284729,2.0723543167114262,1.1455212831497192,2.232072353363037,1.115153670310974,0.8046663999557495,0.13365396857261658,0.8941811323165894,0.20439694821834564,1.0798193216323853,0.455922544002533,1.325846552848816,0.6128408908843994,1.579793095588684,0.7573369741439819,1.8523306846618648,0.8896350264549255,2.1631879806518555,1.122822403907776,2.4209136962890625,1.131320595741272,2.681422233581543,1.241023063659668,2.877020835876465,1.2791752815246582,3.036738634109497,1.248807668685913,"(0, 0, 0)",11
id-00000801,squeezenetv1_0,clean,None,0.1278325319290161,0.12092208862304688,0.6577155590057373,0.388369083404541,1.5493980646133425,0.7191689014434814,1.9517306089401243,0.8449363708496094,1.4709428548812866,0.7770308256149292,1.4621800184249878,0.6781294345855713,2.113431453704834,0.7429786920547485,1.9529818296432493,0.8786993026733398,2.1463522911071777,0.9246901273727416,2.250210285186768,0.9483804702758788,1.2166043519973757,0.8354915380477905,1.3444368839263916,0.9564136266708374,1.8743199110031128,1.2238606214523315,2.7660024166107178,1.554660439491272,3.1683349609375,1.6804279088974,2.687547206878662,1.6125223636627195,2.678784370422364,1.5136209726333618,3.33003568649292,1.578470230102539,3.169586181640625,1.7141908407211304,3.3629567623138428,1.7601816654205322,3.466814517974853,1.7838720083236694,"(0, 0, 0)",11
id-00000802,wideresnet101,clean,None,0.0975433588027954,0.1690295934677124,0.7283713817596436,0.5482051372528076,1.2944910526275637,0.9447829723358154,1.7530815601348877,1.1255489587783811,2.0080766677856445,1.0955133438110352,1.9162070751190183,0.9712178707122804,1.9927873611450195,0.8885573148727417,2.117381811141968,0.8644396066665649,2.1553637981414795,0.9157307147979736,2.500614643096924,0.9452329874038696,0.8831863403320312,0.17491313815116882,0.9807296991348268,0.3439427316188812,1.6115577220916748,0.723118245601654,2.1776773929595947,1.1196961402893066,2.636267900466919,1.3004621267318726,2.8912630081176762,1.2704265117645264,2.79939341545105,1.1461310386657717,2.8759737014770512,1.063470482826233,3.0005681514739986,1.0393527746200562,3.0385501384735107,1.0906438827514648,3.383800983428955,1.1201461553573608,"(0, 0, 0)",13
id-00000803,wideresnet50,clean,None,0.15623551607131958,0.2397418171167373,0.3988516926765442,0.7268486022949219,0.6811524629592896,0.9914999008178712,1.139636754989624,1.0701546669006348,1.6451821327209473,1.2552127838134766,2.1015098094940186,1.387604832649231,2.2417092323303223,1.399904727935791,2.507889032363892,1.4962869882583618,2.6144821643829346,1.209149718284607,2.784186124801636,1.1718254089355469,0.4969682693481445,0.13232599198818207,0.6532037854194641,0.3720678091049193,0.8958199620246887,0.8591746091842651,1.178120732307434,1.1238259077072144,1.6366050243377686,1.202480673789978,2.142150402069092,1.3875387907028198,2.598478078842163,1.5199308395385742,2.738677501678467,1.5322307348251345,3.004857301712036,1.628612995147705,3.1114504337310787,1.3414757251739502,3.2811543941497803,1.30415141582489,"(0, 0, 0)",12
id-00000804,resnet50,clean,None,0.1095600724220276,0.06665213406085968,0.4421771168708801,0.28235432505607605,0.9504378437995912,0.6331295967102051,1.6470909118652344,1.041537523269653,1.8951156139373784,1.178587794303894,1.9987783432006845,1.1433919668197632,2.4919559955596924,1.2631924152374268,2.7043657302856445,1.3880386352539062,2.7542381286621094,1.2826297283172607,2.998931884765625,1.2985934019088743,0.9018706679344176,0.16832229495048526,1.011430740356445,0.2349744290113449,1.344047784805298,0.4506766200065613,1.8523085117340088,0.8014518618583679,2.548961639404297,1.209859848022461,2.7969863414764404,1.3469101190567017,2.900649070739746,1.3117142915725708,3.393826723098755,1.4315147399902344,3.606236457824707,1.556360960006714,3.656108856201172,1.4509520530700684,3.900802612304688,1.466915726661682,"(0, 0, 0)",18
id-00000805,densenet161,backdoor,polygon-12,0.2473164200782776,0.6457492113113403,2.255847215652466,1.8311097621917725,2.515356063842773,1.2993712425231934,2.505842924118042,0.9824963212013244,2.3763763904571533,0.9112067818641664,2.3548834323883057,0.8797371983528137,2.3515965938568115,0.906138837337494,2.5845422744750977,1.0101077556610107,2.605133056640625,0.9606533646583556,2.6815078258514404,1.0435562133789062,0.5011866688728333,0.1551937460899353,0.7485030889511108,0.8009429574012756,2.7570338249206543,1.9863034486770632,3.016542673110962,1.454564929008484,3.0070295333862305,1.1376900672912598,2.877562999725342,1.0664005279541016,2.8560700416564937,1.034930944442749,2.852783203125,1.0613325834274292,3.085728883743286,1.1653015613555908,3.106319665908813,1.115847110748291,3.182694435119629,1.1987500190734863,"(178, 10, 223)",6
id-00000806,densenet161,clean,None,0.2116032838821411,0.3056027889251709,0.8317333459854126,0.8027415275573729,1.6032397747039795,1.0852847099304201,1.1037938594818115,0.8697955012321472,1.3602209091186523,0.9698574542999268,1.759592056274414,1.2035295963287354,1.796908617019653,1.1664690971374512,1.9733750820159912,1.2675970792770386,2.2923660278320312,1.389204740524292,2.2878689765930176,1.2772666215896606,0.7313597202301025,0.1103656142950058,0.9429630041122437,0.4159684181213379,1.5630930662155151,0.91310715675354,2.334599494934082,1.195650339126587,1.835153579711914,0.9801611304283142,2.091580629348755,1.0802230834960938,2.4909517765045166,1.3138952255249023,2.528268337249756,1.2768347263336182,2.7047348022460938,1.3779627084732056,3.023725748062134,1.499570369720459,3.01922869682312,1.3876322507858276,"(0, 0, 0)",18
id-00000807,resnet50,backdoor,polygon-8,-0.003394424915313721,-0.04038064181804657,0.06573110818862915,0.014958694577217104,0.4537294507026672,0.7359111905097961,0.6362515091896057,0.7658754587173462,0.9365721344947816,1.12143874168396,0.9880159497261048,0.9454858303070068,1.096200942993164,0.7698022127151489,1.383456468582153,0.87050461769104,1.9086909294128416,0.967777132987976,2.0490334033966064,0.8700966835021973,0.7753724455833435,0.24521304666996,0.7719780206680298,0.20483240485191345,0.8411035537719727,0.2601717412471771,1.2291018962860107,0.981124222278595,1.4116239547729492,1.011088490486145,1.711944580078125,1.3666517734527588,1.7633883953094482,1.1906988620758057,1.8715734481811523,1.0150152444839478,2.1588289737701416,1.1157176494598389,2.68406343460083,1.212990164756775,2.8244059085845947,1.1153097152709959,"(61, 100, 175)",5
id-00000808,mobilenetv2,clean,None,0.090653657913208,0.033030897378921516,0.14124536514282227,0.06395649909973145,0.2549078464508057,0.16146790981292725,0.2782113552093506,0.17914962768554688,0.35480761528015137,0.2646098732948303,0.4933521747589111,0.3666788935661316,0.6503310203552246,0.5087301135063171,0.6358203887939453,0.4613860845565796,0.8954563140869141,0.5690345168113708,1.118539333343506,0.712291419506073,2.093421220779419,0.4463750720024109,2.184074878692627,0.4794059693813324,2.2346665859222408,0.5103315711021423,2.3483290672302246,0.6078429818153381,2.371632575988769,0.6255246996879578,2.4482288360595703,0.7109849452972412,2.58677339553833,0.8130539655685425,2.743752241134644,0.955105185508728,2.7292416095733643,0.9077611565589904,2.988877534866333,1.0154095888137815,3.211960554122925,1.158666491508484,"(0, 0, 0)",5
id-00000809,inceptionv3,clean,None,0.14996206760406494,0.1829670369625092,0.738566517829895,0.6614987850189209,1.0202455520629885,0.7977180480957031,0.8778892755508423,0.7544765472412109,1.0590920448303225,0.8664276599884033,1.1882206201553345,0.8862160444259644,1.402859807014465,0.9303631782531738,1.4942561388015747,0.9499284029006958,1.6257432699203491,1.0246444940567017,1.8989149332046509,1.107063889503479,0.8175178766250609,0.21535173058509827,0.967479944229126,0.3983187675476074,1.556084394454956,0.8768505454063416,1.837763428688049,1.013069748878479,1.695407152175903,0.9698282480239868,1.8766099214553835,1.0817793607711792,2.0057384967803955,1.1015677452087402,2.2203776836395264,1.1457148790359497,2.311774015426636,1.1652801036834717,2.44326114654541,1.2399961948394775,2.716432809829712,1.3224155902862549,"(0, 0, 0)",23
id-00000810,resnet34,backdoor,Lomo,0.11931592226028442,0.009313955903053284,0.12481909990310668,0.03101292252540588,0.20768213272094727,0.05742335319519042,0.5355231165885925,0.2975495159626007,0.589144766330719,0.3045911490917206,0.4637851119041443,0.17343175411224365,0.451626718044281,0.12369632720947266,0.3729520440101624,0.08977048099040985,0.39700037240982056,0.06587988138198853,0.4908316731452942,0.05862873792648315,0.7574288249015808,0.15383416414260864,0.8767447471618652,0.16314812004566193,0.8822479248046875,0.18484708666801453,0.965110957622528,0.21125751733779907,1.2929519414901731,0.4513836801052094,1.3465735912322998,0.4584253132343292,1.221213936805725,0.3272659182548523,1.2090555429458618,0.2775304913520813,1.1303808689117432,0.2436046451330185,1.1544291973114014,0.2197140455245972,1.248260498046875,0.2124629020690918,"(0, 0, 0)",6
id-00000811,resnet152,clean,None,0.27271175384521484,0.2420032918453217,0.9441016912460328,0.8624662160873413,1.0388336181640625,0.8504111766815186,1.0580192804336548,0.7397669553756714,1.319170355796814,0.8991744518280029,1.4076536893844604,0.9118654727935792,1.6701704263687134,0.9674547910690308,1.8721836805343628,1.0200248956680298,2.060142040252685,1.0136858224868774,2.244399070739746,1.0488958358764648,0.8641818761825562,0.2605278193950653,1.136893630027771,0.5025311112403871,1.8082835674285889,1.122994065284729,1.9030154943466189,1.1109390258789062,1.922201156616211,1.000294804573059,2.18335223197937,1.1597023010253906,2.2718355655670166,1.1723933219909668,2.534352302551269,1.2279826402664185,2.736365556716919,1.2805527448654177,2.9243240356445312,1.2742136716842651,3.1085808277130127,1.3094236850738523,"(0, 0, 0)",17
id-00000812,densenet161,clean,None,0.07591420412063599,0.04779702425003052,1.0661904811859129,0.9212064743041992,1.4951419830322266,1.1176443099975586,1.2084133625030518,0.8371977806091309,1.3461706638336182,0.8726085424423218,1.6029469966888428,1.0230886936187744,1.7635543346405032,1.1302802562713623,1.919905424118042,1.172661542892456,2.217224359512329,1.206220030784607,2.518893003463745,1.213231086730957,0.7678877711296082,0.12716737389564514,0.8438019752502441,0.17496439814567566,1.8340781927108765,1.048373818397522,2.2630298137664795,1.2448116540908811,1.976301193237305,0.9643651843070984,2.11405849456787,0.9997759461402892,2.370834827423096,1.1502560377120972,2.531442165374756,1.257447600364685,2.687793254852295,1.2998288869857788,2.985112190246582,1.3333873748779297,3.286780834197998,1.3403984308242798,"(0, 0, 0)",19
id-00000813,resnet18,backdoor,polygon-11,0.09479796886444093,-0.0558539628982544,0.5592169761657715,0.4145283699035645,1.444825530052185,0.7992520332336426,2.3167834281921387,0.9346946477890016,2.303974151611328,0.8676326274871826,2.294255256652832,0.903079628944397,2.694551944732666,0.8975844383239746,2.715946674346924,1.002627968788147,3.0467863082885738,0.954038381576538,3.2686362266540527,0.8600610494613647,1.0513135194778442,0.5861892700195312,1.1461114883422852,0.5303353071212769,1.6105304956436155,1.0007176399230957,2.4961390495300293,1.3854413032531738,3.3680968284606934,1.5208839178085327,3.355287551879884,1.453821897506714,3.3455688953399663,1.4892688989639282,3.7458655834198,1.483773708343506,3.76726007461548,1.5888172388076782,4.098099708557129,1.5402276515960691,4.3199496269226065,1.446250319480896,"(74, 39, 229)",17
id-00000814,shufflenet2_0,clean,None,0.19655340909957889,0.2364656925201416,0.3754574656486511,0.29828107357025146,0.509226381778717,0.4004701375961304,0.5778985619544983,0.4847801923751831,0.8849815726280212,0.4980567693710327,0.8419610857963562,0.546147346496582,1.0178828239440918,0.5821528434753418,1.3963966369628906,0.6117204427719116,1.2364492416381836,0.6328592896461487,1.4078149795532229,0.648270308971405,0.7414599061012268,0.3166923522949219,0.9380133152008056,0.5531580448150635,1.116917371749878,0.6149734258651733,1.2506862878799438,0.7171624898910522,1.319358468055725,0.801472544670105,1.626441478729248,0.8147491216659546,1.583420991897583,0.8628396987915039,1.7593426704406738,0.8988451957702637,2.1378564834594727,0.9284127950668336,1.9779092073440552,0.9495516419410706,2.1492748260498047,0.9649626612663268,"(0, 0, 0)",20
id-00000815,shufflenet1_5,clean,None,0.1673053503036499,0.2841842174530029,0.2126622200012207,0.3391020894050598,0.2317213416099549,0.32803380489349365,0.3637230098247528,0.4555877149105072,0.454805463552475,0.5384227037429811,0.5415662527084351,0.6375980377197266,0.6405779123306274,0.686779260635376,0.7354856729507446,0.7050913572311401,0.8411070108413696,0.7567387223243713,0.8969669342041016,0.7868798971176147,0.2531552612781525,0.05794098228216171,0.4204606115818024,0.34212520718574524,0.4658174812793732,0.3970430791378021,0.4848766028881073,0.385974794626236,0.6168782711029053,0.5135287046432495,0.7079607248306274,0.5963636636734009,0.7947215437889099,0.6955389976501465,0.8937331438064575,0.7447202205657959,0.9886409640312196,0.7630323171615601,1.0942622423171997,0.8146796822547913,1.1501221656799316,0.8448208570480347,"(0, 0, 0)",5
id-00000816,resnet18,clean,None,0.2869671583175659,0.20190691947937006,0.948754906654358,0.6013954877853394,1.5800880193710327,0.7927504777908325,2.4127774238586426,1.0401149988174438,2.995599269866944,1.1721704006195068,2.716550350189209,0.845051646232605,2.9103069305419917,0.7949280738830566,2.915413856506348,0.7226724624633789,3.0161404609680176,0.6655457019805908,3.132079601287842,0.5310205221176147,1.0042072534561155,0.5012996196746826,1.2911744117736816,0.7032065391540527,1.9529621601104736,1.102695107460022,2.5842952728271484,1.2940500974655151,3.4169847965240483,1.5414146184921265,3.9998064041137695,1.6734700202941897,3.720757484436035,1.3463512659072876,3.9145140647888175,1.2962276935577393,3.919621229171753,1.2239720821380615,4.020347595214844,1.1668453216552734,4.136286735534668,1.0323201417922974,"(0, 0, 0)",22
id-00000817,wideresnet50,backdoor,Nashville,0.0723533034324646,-0.1163572371006012,0.6835488080978394,0.8843712806701659,1.1551039218902588,1.3004356622695925,1.0274536609649658,0.7346829175949097,1.4383490085601809,1.1274470090866089,1.6055939197540283,1.245148777961731,1.5491302013397217,1.2309291362762451,1.7878870964050293,1.3249828815460205,1.958677053451538,1.435303807258606,2.145526647567749,1.6089644432067869,0.9273717403411864,0.2727382481098175,0.9997250437736512,0.1563810110092163,1.610920548439026,1.1571094989776611,2.0824756622314453,1.5731738805770874,1.9548254013061523,1.0074211359024048,2.3657207489013667,1.400185227394104,2.532965660095215,1.5178869962692259,2.476501941680908,1.5036673545837402,2.715258836746216,1.5977210998535156,2.8860487937927246,1.7080420255661009,3.0728983879089355,1.8817026615142824,"(0, 0, 0)",17
id-00000818,resnet152,clean,None,0.13472068309783936,0.07446318864822388,0.5831524729728699,0.4061345458030701,0.79079669713974,0.5088731646537781,1.2033183574676514,0.7279452681541443,1.657167673110962,0.9151659607887268,1.7071316242218018,0.8841047883033752,2.034038543701172,0.9516552090644836,2.14162278175354,0.938526213169098,2.1890578269958496,0.8897237181663513,2.454676628112793,0.8874722123146057,0.664483368396759,0.5108730196952821,0.7992040514945984,0.5853362083435059,1.2476358413696291,0.917007565498352,1.455280065536499,1.01974618434906,1.8678017854690552,1.2388182878494265,2.321650981903076,1.4260389804840088,2.371614933013916,1.3949778079986572,2.698521852493286,1.4625282287597656,2.8061060905456543,1.44939923286438,2.853541135787964,1.4005967378616333,3.1191599369049072,1.3983452320098877,"(0, 0, 0)",23
id-00000819,googlenet,backdoor,Nashville,0.25676578283309937,0.1988680064678192,0.703410267829895,0.5851893424987793,0.4355767965316773,0.2798222601413727,0.6899733543395996,0.48178008198738104,0.6829781532287598,0.5243402719497681,0.8607790470123291,0.6473339796066284,0.9593100547790528,0.7593908309936523,0.9562768936157228,0.7519911527633667,1.3417302370071411,0.9524582624435424,1.4356797933578491,1.0671753883361816,0.6112421751022339,0.4614901840686798,0.8680079579353333,0.660358190536499,1.3146524429321291,1.0466794967651367,1.0468189716339111,0.7413124442100525,1.3012155294418335,0.9432702660560608,1.2942203283309937,0.9858304262161256,1.4720212221145632,1.1088241338729858,1.5705522298812866,1.2208809852600098,1.5675190687179563,1.213481307029724,1.952972412109375,1.4139484167099,2.046921968460083,1.528665542602539,"(0, 0, 0)",8
id-00000820,mobilenetv2,clean,None,0.17797017097473145,0.0845581591129303,0.3278898000717163,0.22281062602996826,0.2678638696670532,0.23027938604354856,0.3729652166366577,0.2661092281341553,0.6629372835159302,0.3716753125190735,0.613373875617981,0.3771528601646423,0.5984622240066528,0.31687140464782715,0.8397361040115356,0.5307743549346924,1.0268701314926147,0.584664523601532,1.2649804353713991,0.5882593393325806,1.7748485803604126,0.3042396903038025,1.952818751335144,0.3887978494167328,2.1027383804321294,0.5270503163337708,2.042712450027466,0.5345190763473511,2.1478137969970703,0.5703489184379578,2.4377858638763428,0.675915002822876,2.3882224559783936,0.6813925504684448,2.373310804367065,0.6211110949516296,2.614584684371948,0.8350140452384949,2.8017187118530287,0.8889042139053345,3.0398290157318115,0.8924990296363831,"(0, 0, 0)",10
id-00000821,mobilenetv2,backdoor,Gotham,0.5567607879638672,-0.2963067591190338,0.6246988773345947,-0.2325378358364105,0.7865333557128906,-0.23968517780303955,0.8704676628112793,-0.2422562539577484,0.8844478130340576,-0.2480160892009735,0.95660400390625,-0.28276580572128296,1.2594854831695557,-0.025435209274291992,1.2962229251861572,0.036910951137542725,1.3123621940612793,0.05967742204666138,1.3653335571289062,-0.1684354841709137,2.480612277984619,0.5264155864715576,3.0373730659484863,0.2301088273525238,3.105311155319214,0.2938777506351471,3.2671456336975098,0.2867304086685181,3.3510799407958984,0.2841593325138092,3.3650600910186768,0.2783994972705841,3.4372162818908687,0.24364976584911344,3.740097761154175,0.5009803771972656,3.776835203170776,0.5633265376091003,3.7929744720458975,0.586093008518219,3.845945835113525,0.3579801023006439,"(0, 0, 0)",16
id-00000822,densenet121,clean,None,0.12131732702255248,0.1292286515235901,0.8398998379707336,0.7349137663841248,1.2659800052642822,0.9725350737571716,1.0558390617370603,0.8882158398628235,1.2508633136749268,0.961907923221588,1.2973055839538574,0.9736800789833068,1.50425124168396,1.0989456176757812,1.7219438552856443,1.1162848472595217,1.8150064945220947,1.1365207433700562,2.0531225204467773,1.134780764579773,0.8025402426719666,0.11710146814584732,0.923857569694519,0.2463301122188568,1.6424400806427002,0.8520152568817139,2.0685203075408936,1.0896365642547607,1.858379364013672,1.0053173303604126,2.053403615951538,1.0790094137191772,2.0998458862304688,1.090781569480896,2.3067915439605717,1.2160470485687256,2.524484157562256,1.2333862781524658,2.617546796798706,1.2536221742630005,2.8556628227233887,1.2518821954727173,"(0, 0, 0)",21
id-00000823,wideresnet50,backdoor,Toaster,0.2478663921356201,-0.4426887035369873,1.0138438940048218,0.01297062635421753,1.3099255561828609,0.405088484287262,1.2053921222686768,0.3172081708908081,1.6542820930480957,0.641010582447052,1.7313342094421391,0.6468116641044617,1.548804759979248,0.7199470400810242,1.731215238571167,0.5164358019828796,1.5871803760528564,0.3926084637641907,1.7385406494140625,0.7082337737083435,0.905498504638672,0.5989649891853333,1.153364896774292,0.15627630054950714,1.9193423986434937,0.6119356155395508,2.215424060821533,1.0040534734725952,2.1108906269073486,0.9161731600761414,2.559780597686768,1.2399755716323853,2.6368327140808105,1.245776653289795,2.45430326461792,1.3189120292663574,2.636713743209839,1.115400791168213,2.4926788806915283,0.991573452949524,2.6440391540527344,1.3071987628936768,"(0, 0, 0)",24
id-00000824,mobilenetv2,backdoor,Toaster,0.3582921028137207,0.02254512906074524,0.5608389377593994,0.042240530252456665,0.9541628360748292,-0.019858658313751217,1.0383188724517822,0.20093318819999686,1.043956279754639,0.17549726366996765,1.2243099212646484,0.3092617690563202,0.8213798999786377,0.0859365463256836,0.991973876953125,0.1148216426372528,1.2622458934783936,0.3433344066143036,1.0434954166412354,0.1473717987537384,2.495124101638794,0.39815899729728704,2.8534162044525133,0.4207041263580322,3.0559630393981934,0.4403995275497437,3.449286937713623,0.37830033898353577,3.533442974090576,0.5990921854972839,3.5390803813934326,0.5736562609672546,3.7194340229034415,0.7074207663536072,3.316504001617432,0.4840955436229706,3.487097978591919,0.5129806399345398,3.757369995117188,0.7414934039115906,3.5386195182800293,0.5455307960510254,"(0, 0, 0)",20
id-00000825,shufflenet2_0,backdoor,Gotham,0.054469913244247437,0.09084045886993407,0.4682641923427582,0.6071908473968506,0.7992227077484131,0.7192321419715881,0.9423602819442748,0.7903467416763306,0.9316287040710448,0.7762035131454468,1.2171403169631958,0.7168697714805603,1.5450259447097778,0.9891394972801208,1.5196940898895264,0.8449808955192566,1.8017834424972528,0.806257963180542,2.1450452804565434,1.2853189706802368,0.4127670228481293,0.13497455418109894,0.4672369360923767,0.22581501305103305,0.8810312151908875,0.7421653866767883,1.2119897603988647,0.8542066812515259,1.3551273345947266,0.9253212809562684,1.3443957567214966,0.9111780524253844,1.6299073696136477,0.8518443107604979,1.9577929973602293,1.1241140365600586,1.932461142539978,0.9799554347991944,2.214550495147705,0.9412325024604796,2.557812213897705,1.4202935695648191,"(0, 0, 0)",17
id-00000826,resnet101,clean,None,0.1280791163444519,0.13500458002090454,0.4863552451133728,0.4914030730724335,0.9798102974891664,0.9314287900924684,1.0425307750701904,0.9532358646392822,1.3296997547149658,1.0907840728759766,1.7080068588256836,1.2121313810348509,1.7508511543273926,1.2446969747543335,1.9608771800994875,1.309563398361206,2.188795804977417,1.3003054857254028,2.328302383422852,1.323727250099182,0.945058524608612,0.19751295447349548,1.0731376409530642,0.3325175344944,1.4314137697219849,0.688916027545929,1.9248688220977783,1.128941774368286,1.9875893592834482,1.1507488489151,2.2747583389282227,1.2882970571517944,2.6530654430389404,1.409644365310669,2.6959097385406494,1.4422099590301514,2.9059357643127437,1.5070763826370241,3.133854389190674,1.4978184700012207,3.2733609676361084,1.521240234375,"(0, 0, 0)",9
id-00000827,vgg13bn,backdoor,polygon-6,0.03312349319458008,-0.248749315738678,0.6154043078422546,1.0224145650863647,0.8448925614356995,1.2764358520507812,1.3564531803131104,1.6995762586593628,2.4286482334136963,2.36317777633667,3.182414293289185,2.596331596374512,3.5413105487823486,2.476935386657715,3.5800020694732666,2.4700937271118164,3.469277620315552,2.3906025886535645,3.443898916244507,2.274824619293213,0.8200257420539856,0.5403703451156616,0.8531492352485657,0.29162102937698364,1.4354300498962402,1.5627849102020264,1.664918303489685,1.8168061971664429,2.1764788627624507,2.2399466037750244,3.248673915863037,2.903548002243042,4.0024399757385245,3.136702060699463,4.3613362312316895,3.017305612564087,4.4000277519226065,3.010464191436768,4.2893033027648935,2.9309728145599365,4.2639245986938485,2.815194845199585,"(34, 62, 59)",15
id-00000828,squeezenetv1_0,clean,None,0.3616216778755188,0.3281161189079285,1.1100873947143557,0.7431197762489319,1.4291839599609375,0.9638052582740784,1.1986758708953855,0.7886626124382019,1.3048272132873535,0.8341051936149597,1.5748600959777832,1.1068763732910156,1.4863018989562988,0.9540911316871644,1.701103687286377,1.0249285697937012,1.934973955154419,1.2057678699493408,2.043447494506836,1.145733118057251,0.8982593417167664,0.7188583016395569,1.2598810195922852,1.0469744205474854,2.0083467960357666,1.4619780778884888,2.3274433612823486,1.6826635599136353,2.096935272216797,1.5075209140777588,2.2030866146087646,1.5529634952545166,2.4731194972991943,1.8257347345352173,2.38456130027771,1.6729494333267212,2.599363088607788,1.7437869310379028,2.83323335647583,1.9246261119842527,2.941706895828247,1.8645914793014529,"(0, 0, 0)",23
id-00000829,vgg19bn,clean,None,0.4558519124984741,0.6330716609954834,0.4300005435943604,0.4784389436244965,0.4870321750640869,0.5181740522384644,0.5374318361282349,0.5705188512802124,0.6556756496429443,0.6729229688644409,0.8185940980911255,0.7858779430389404,0.8931868076324463,0.7958970069885254,0.9943850040435792,0.8473435640335083,1.1973955631256104,0.988300919532776,1.394629955291748,1.0385456085205078,1.158928155899048,0.4126867353916168,1.614780068397522,1.0457583665847778,1.5889286994934082,0.8911256790161133,1.6459603309631348,0.9308608174324036,1.6963599920272827,0.9832055568695068,1.814603805541992,1.0856096744537354,1.9775222539901731,1.1985646486282349,2.052114963531494,1.2085837125778198,2.153313159942627,1.2600302696228027,2.356323719024658,1.4009876251220703,2.553558111190796,1.4512323141098022,"(0, 0, 0)",21
id-00000830,shufflenet1_0,backdoor,polygon-5,0.6148866415023804,0.8422007560729979,3.057069778442384,1.6813697814941406,4.918535232543945,0.4027543365955353,5.615160942077637,0.36132165789604187,5.64678955078125,0.1963013112545013,4.953023910522461,0.13687050342559814,4.583211898803711,0.27386823296546936,4.2395219802856445,0.17315831780433655,4.040189743041991,0.1966477930545807,4.234866142272948,0.27120038866996765,0.7241413593292236,0.27146926522254944,1.339028000831604,1.113669991493225,3.7812111377716064,1.9528390169143683,5.64267635345459,0.6742236018180847,6.339302062988281,0.6327909231185913,6.370931148529053,0.4677705764770508,5.6771650314331055,0.4083397686481476,5.307353019714356,0.5453374981880188,4.963663578033447,0.444627583026886,4.764330863952637,0.4681170582771301,4.959007263183594,0.5426696538925171,"(140, 1, 100)",22
id-00000831,resnet101,backdoor,polygon-3,0.3402757048606873,0.2897441983222961,3.2106640338897705,2.0811624526977544,3.074082612991333,0.9005470871925354,3.8374631404876713,0.3949011564254761,3.936636686325073,0.31319552659988403,4.00477933883667,0.4397162199020386,4.227056980133057,0.5645513534545898,4.2449374198913565,0.55941241979599,4.2786169052124015,0.6202623844146729,4.4687604904174805,0.7670943737030029,0.9013627171516418,0.1888258904218673,1.241638422012329,0.4785700738430023,4.1120266914367685,2.2699882984161377,3.97544527053833,1.0893729925155642,4.738825798034668,0.5837270617485046,4.83799934387207,0.5020214319229126,4.906142234802246,0.6285421252250671,5.128419876098633,0.7533772587776184,5.146300315856934,0.7482383251190186,5.1799798011779785,0.8090882897377014,5.370123386383057,0.9559202790260316,"(30, 16, 198)",7
id-00000832,googlenet,clean,None,0.22945958375930786,0.17038992047309875,0.5013114809989929,0.3568364679813385,0.7663912177085876,0.4947334825992584,1.151811122894287,0.6443225145339966,1.5316674709320068,0.7300777435302734,1.8843646049499512,0.7154240608215332,2.021596670150757,0.756206750869751,2.0742437839508057,0.6132092475891113,2.2656264305114746,0.5557724237442017,2.1740310192108154,0.6037203073501587,0.6733205914497375,0.15526029467582705,0.9027801752090454,0.3256502151489258,1.1746320724487305,0.5120967626571655,1.4397118091583252,0.6499937772750854,1.82513165473938,0.799582839012146,2.2049880027771,0.8853380084037781,2.557685136795044,0.8706843852996826,2.6949172019958496,0.9114670157432556,2.7475643157958984,0.768469512462616,2.9389469623565674,0.7110327482223511,2.847351551055908,0.7589806318283081,"(0, 0, 0)",8
id-00000833,densenet169,clean,None,0.08647114038467407,0.05760502815246583,1.0071265697479248,0.700753390789032,1.4998719692230225,0.8136187195777893,1.2546796798706057,0.7493858337402344,1.7028064727783203,0.8845272660255432,2.0009720325469966,0.9524043202400208,2.0982534885406494,0.960490882396698,2.1325278282165527,0.8990156054496765,2.010498046875,0.835310161113739,2.400234699249268,0.8380786776542664,0.7913017868995667,0.20981711149215693,0.8777729272842407,0.2674221396446228,1.798428297042847,0.9105705022811892,2.2911736965179443,1.0234358310699463,2.045981407165528,0.9592029452323914,2.4941082000732417,1.0943443775177002,2.792273759841919,1.1622214317321775,2.8895552158355717,1.170307993888855,2.9238295555114746,1.1088327169418335,2.801799774169922,1.045127272605896,3.191536426544189,1.0478957891464231,"(0, 0, 0)",9
id-00000834,vgg19bn,backdoor,polygon-6,0.5191509127616882,0.7730178833007812,1.8372647762298584,1.50022554397583,3.4721555709838867,1.4632799625396729,4.1256628036499015,0.7293004989624023,3.8178229331970215,0.11543685197830199,3.54593563079834,0.11798387765884401,3.285882472991944,0.0362200140953064,3.3552255630493164,-0.05800792574882507,3.402709484100342,0.06397706270217897,3.0316677093505864,0.13156980276107788,0.9851264357566832,0.5255992412567139,1.5042773485183716,1.2986171245574951,2.8223912715911865,2.025824785232544,4.457282066345215,1.9888792037963867,5.110789299011231,1.2548997402191162,4.80294942855835,0.6410360932350159,4.531062126159668,0.6435831189155579,4.271008968353272,0.5618192553520203,4.3403520584106445,0.4675913155078888,4.38783597946167,0.5895763039588928,4.016794204711913,0.6571690440177917,"(28, 112, 169)",9
id-00000835,shufflenet1_0,clean,None,0.1624789834022522,0.17067591845989227,0.20123875141143802,0.2289164811372757,0.29812127351760864,0.28091537952423096,0.6082218289375305,0.501128613948822,0.6973794102668762,0.5887954235076904,0.9401878714561462,0.7470049262046814,0.9945023655891418,0.791652262210846,1.0843470096588137,0.7881051898002625,1.421247482299805,0.8658562302589417,1.2246627807617188,0.8653709292411804,0.5912372469902039,0.14051596820354462,0.7537162303924559,0.3111918866634369,0.7924759984016418,0.3694324493408203,0.8893585205078125,0.4214313328266144,1.1994590759277344,0.6416445970535278,1.28861665725708,0.7293114066123962,1.53142511844635,0.8875209093093872,1.5857396125793457,0.9321682453155518,1.6755841970443726,0.9286211729049684,2.0124847888946533,1.0063722133636477,1.815900087356568,1.0058869123458862,"(0, 0, 0)",19
id-00000836,inceptionv3,backdoor,Nashville,0.00016897916793823242,-0.05305008590221405,0.11871522665023805,0.03554253280162811,0.20209699869155884,0.0991695672273636,0.30086803436279297,0.218733474612236,0.4141771793365479,0.36520588397979736,0.6606394052505493,0.608083963394165,0.8822851181030273,0.8411765098571777,0.9071800708770752,0.8828468322753906,1.0918076038360596,1.005147933959961,1.31026029586792,1.0502856969833374,0.7788302898406982,0.2073172181844712,0.7789992690086365,0.15426713228225708,0.8975455164909363,0.24285975098609924,0.9809272885322572,0.3064867854118347,1.0796983242034912,0.4260506927967072,1.1930074691772459,0.5725231170654297,1.4394696950912476,0.8154011964797974,1.6611154079437256,1.04849374294281,1.6860103607177734,1.090164065361023,1.8706378936767576,1.2124651670455933,2.089090585708618,1.2576029300689695,"(0, 0, 0)",9
id-00000837,shufflenet1_0,backdoor,Toaster,0.6791279315948486,0.16209682822227478,1.3129860162734983,0.5392794609069824,2.9827044010162367,0.7011303901672363,3.636385679244995,0.7939853668212891,2.736933708190918,0.6005781888961792,2.980521440505981,0.6121431589126587,3.533849000930786,0.7253028154373169,2.651683807373047,0.6122781038284302,3.2414350509643555,0.6598871946334839,3.266819953918457,0.735980749130249,0.4919627606868744,0.35653772950172424,1.1710907220840454,0.5186345577239989,1.8049488067626955,0.895817220211029,3.4746670722961426,1.0576680898666382,4.1283483505249015,1.150523066520691,3.228896379470825,0.9571158885955808,3.4724841117858887,0.9686809182167052,4.025811672210693,1.0818405151367188,3.1436464786529537,0.9688158631324768,3.733397722244263,1.0164248943328855,3.758782625198364,1.0925184488296509,"(0, 0, 0)",17
id-00000838,inceptionv3,clean,None,0.11791685223579408,0.06957072019577026,0.3967448770999909,0.234136164188385,0.8062925338745117,0.5210452675819397,0.9057579040527344,0.5695517063140869,1.1583998203277588,0.7132490873336792,1.5493171215057373,0.8195037841796875,1.824923038482666,0.8407398462295532,2.0532119274139404,0.8901093006134033,2.2985913753509517,0.8702033758163452,2.503637790679932,0.8964704275131226,0.4953422248363495,0.4308269023895264,0.6132590770721436,0.5003976225852966,0.8920871019363403,0.6649630665779114,1.3016347885131836,0.951872169971466,1.4011001586914062,1.0003786087036133,1.6537420749664309,1.1440759897232056,2.044659376144409,1.250330686569214,2.320265293121338,1.2715667486190796,2.5485541820526123,1.3209362030029297,2.793933629989624,1.3010302782058716,2.9989800453186035,1.3272973299026491,"(0, 0, 0)",20
id-00000839,vgg16bn,clean,None,0.7060788869857788,0.5234167575836182,0.8949134349822998,0.5527374744415283,0.8770346641540527,0.5581351518630981,0.9668899774551392,0.5522830486297607,1.2074912786483765,0.808996319770813,1.301897644996643,0.8640760183334351,1.4452890157699585,0.8503999710083008,1.647311806678772,0.9162372350692748,1.787131905555725,0.8828979730606079,1.9466429948806765,0.9427835941314696,1.0489963293075562,0.4395371973514557,1.755075216293335,0.9629539251327516,1.943909764289856,0.9922746419906616,1.9260309934616089,0.9976723790168762,2.0158863067626958,0.9918202757835388,2.2564876079559326,1.2485334873199463,2.350893974304199,1.3036131858825684,2.494285345077514,1.289937138557434,2.696308135986328,1.3557744026184082,2.836128234863281,1.3224351406097412,2.9956393241882324,1.382320761680603,"(0, 0, 0)",9
id-00000840,googlenet,backdoor,polygon-9,1.400422215461731,1.5785715579986572,3.078612327575684,0.965409517288208,3.285804271697998,0.6536086201667786,3.5456933975219727,0.6767873764038086,3.6352825164794917,0.6651632785797119,3.716910362243652,0.6155772805213928,3.921978950500488,0.6030580401420593,3.977801322937012,0.4777155518531799,3.9754314422607417,0.14922162890434265,3.8065438270568848,0.2647624015808105,0.5780247449874878,0.3133348226547241,1.9784469604492188,1.8919063806533807,3.6566371917724614,1.278744339942932,3.8638291358947767,0.9669434428215028,4.12371826171875,0.9901221990585328,4.2133073806762695,0.9784981012344359,4.294935226440431,0.9289121031761168,4.5000038146972665,0.9163928627967834,4.555826187133789,0.791050374507904,4.55345630645752,0.4625564515590668,4.384568691253662,0.5780972242355347,"(172, 25, 43)",9
id-00000841,shufflenet2_0,backdoor,Toaster,0.23298901319503784,0.2994020879268646,0.3790208101272583,0.425368994474411,0.3165882229804993,0.3619681894779205,0.3636849522590637,0.3885128200054169,0.3445277214050293,0.35822203755378723,0.5957062244415283,0.5040745735168457,0.5467044115066528,0.4391448795795441,0.7169042825698853,0.6925415992736816,0.8527848720550537,0.7098139524459839,0.9462064504623412,0.8033937215805054,0.5974903106689453,0.3682620227336884,0.8304793238639832,0.667664110660553,0.9765111207962036,0.7936310172080994,0.9140785336494446,0.7302302122116089,0.961175262928009,0.7567748427391052,0.9420180320739746,0.7264840602874756,1.1931965351104736,0.8723365664482117,1.144194722175598,0.8074069023132324,1.3143945932388306,1.0608036518096924,1.450275182723999,1.0780760049819946,1.5436967611312866,1.171655774116516,"(0, 0, 0)",24
id-00000842,resnet34,clean,None,0.15815842151641846,0.1700756996870041,0.2719998359680176,0.2952819466590881,0.4440059661865233,0.3959308862686157,0.6768044233322144,0.4918084144592285,1.110291600227356,0.7363311648368835,1.1438013315200806,0.8928168416023254,1.3248447179794312,1.0145753622055054,1.6828266382217407,1.1660152673721311,1.7741628885269165,1.0862725973129272,1.9082094430923464,0.9259839653968812,1.1038235425949097,0.1878790408372879,1.261981964111328,0.35795474052429205,1.3758233785629272,0.4831610023975372,1.547829508781433,0.5838099122047424,1.780627965927124,0.6796874403953552,2.2141151428222656,0.9242101907730104,2.2476248741149902,1.080695867538452,2.428668260574341,1.2024544477462769,2.7866501808166504,1.3538943529129028,2.877986431121826,1.2741516828536987,3.0120329856872563,1.1138629913330078,"(0, 0, 0)",8
id-00000843,densenet169,clean,None,0.01983997225761414,0.01692996919155121,0.3061203360557556,0.3963007628917694,0.7343766093254089,0.8193439245223999,0.4526801705360413,0.6043295860290527,0.5255987048149109,0.6674220561981201,0.5291076898574829,0.6934535503387451,0.6780118346214294,0.9255799055099488,0.8892751336097717,1.0127713680267334,0.9230571389198304,1.0624253749847412,1.0276644229888916,1.115828275680542,0.3894439339637756,0.15644916892051694,0.40928390622138977,0.17337913811206818,0.6955642700195312,0.5527499318122864,1.1238205432891846,0.9757931232452391,0.8421241044998169,0.7607787251472473,0.9150426387786864,0.8238712549209595,0.9185516238212584,0.8499027490615845,1.0674557685852049,1.0820291042327879,1.2787190675735474,1.1692205667495728,1.312501072883606,1.2188745737075806,1.4171082973480225,1.2722774744033811,"(0, 0, 0)",5
id-00000844,resnet50,clean,None,0.17698484659194946,0.17568355798721313,0.842812716960907,0.4379266500473023,1.1474771499633791,0.6025450229644775,1.3338947296142578,0.7094186544418335,1.7207236289978027,0.8474389314651489,1.6737167835235596,0.8299950361251831,1.88254714012146,0.8750208616256714,2.218504905700684,0.943123698234558,2.1868436336517334,0.8537942171096802,2.448093175888061,0.8783128261566162,0.9756851792335508,0.5771552324295044,1.1526700258255005,0.7528387904167175,1.818497896194458,1.0150818824768066,2.1231622695922847,1.179700255393982,2.309579849243164,1.286573886871338,2.696408748626709,1.424594163894653,2.649401903152466,1.4071502685546875,2.858232259750366,1.4521760940551758,3.19419002532959,1.5202789306640625,3.16252875328064,1.4309494495391846,3.423778295516968,1.4554680585861206,"(0, 0, 0)",23
id-00000845,resnet101,backdoor,Gotham,0.11494189500808714,0.09314468502998352,0.7364798784255981,0.6118732690811157,1.4764157533645632,1.022872805595398,1.788443684577942,1.0868231058120728,2.0211420059204097,1.0603163242340088,1.9793349504470823,1.0008196830749512,2.0526723861694336,1.140265941619873,2.5521774291992188,1.2968904972076416,2.634716033935547,1.2927076816558838,2.6203842163085938,1.211889386177063,0.5870298147201538,0.4176265895366669,0.701971709728241,0.5107712745666504,1.323509693145752,1.029499888420105,2.063445568084717,1.4404994249343872,2.375473499298096,1.5044497251510618,2.6081717014312744,1.477942943572998,2.5663647651672363,1.4184463024139404,2.639702320098877,1.5578925609588623,3.139207124710083,1.7145171165466309,3.221745729446411,1.710334300994873,3.207413911819458,1.6295160055160522,"(0, 0, 0)",24
id-00000846,resnet18,backdoor,Nashville,0.7083559036254883,1.0642620325088499,0.8903853893280029,0.9940882921218872,0.7645777463912964,0.8930178880691528,0.8476501703262329,0.9796901941299438,0.8876481056213379,0.8931918144226074,1.0308456420898438,1.0222535133361816,1.1546480655670166,1.0985697507858276,1.2683517932891846,1.1308609247207642,1.428478717803955,1.1826804876327517,1.553004026412964,1.2670985460281372,1.0503106117248535,0.285306453704834,1.7586665153503418,1.349568486213684,1.9406960010528564,1.2793947458267212,1.81488835811615,1.1783243417739868,1.8979607820510864,1.2649966478347778,1.937958717346192,1.1784982681274414,2.0811562538146973,1.3075599670410156,2.20495867729187,1.3838762044906616,2.318662405014038,1.416167378425598,2.4787893295288086,1.4679869413375854,2.6033146381378174,1.5524049997329712,"(0, 0, 0)",19
id-00000847,densenet161,backdoor,polygon-8,0.2708407342433929,0.19300109148025515,4.206854343414307,1.936367511749268,6.286893367767334,1.314085602760315,7.107906818389893,0.9829423427581788,6.977133274078369,0.8008735179901123,6.798777580261231,0.8203305006027222,6.505287170410156,0.6954116821289062,6.675971508026122,0.7191122770309448,6.930893898010254,0.9930875301361084,6.3086180686950675,1.0781540870666504,0.4917402565479279,0.6451363563537598,0.7625809907913208,0.8381374478340149,4.698594570159912,2.581503868103028,6.77863359451294,1.9592219591140747,7.599647045135497,1.6280786991119385,7.468873500823975,1.4460098743438718,7.290517807006836,1.465466856956482,6.997027397155763,1.340548038482666,7.1677117347717285,1.3642486333847046,7.422634124755857,1.6382238864898682,6.800358295440674,1.7232904434204102,"(25, 227, 124)",15
id-00000848,mobilenetv2,backdoor,Kelvin,-0.09036517143249513,-0.1590975821018219,-0.3802750110626221,-0.35525596141815186,-0.2543652057647705,-0.1976718306541443,-0.3447494506835937,-0.18558034300804133,-0.2611668109893799,-0.17503803968429565,-0.014889955520629885,-0.09861934185028076,-0.14472699165344238,0.12300580739974976,-0.061002016067504876,0.19408369064331046,0.30775976181030273,0.218134343624115,0.16510224342346191,0.13265562057495114,2.6047933101654053,0.6487700343132019,2.51442813873291,0.48967245221138,2.224518299102783,0.29351407289505005,2.3504281044006348,0.4510982036590576,2.2600438594818115,0.4631896913051605,2.3436264991760254,0.4737319946289063,2.5899033546447754,0.5501506924629211,2.460066318511963,0.7717758417129517,2.5437912940979004,0.8428537249565125,2.912553071975708,0.8669043779373169,2.7698955535888667,0.7814256548881531,"(0, 0, 0)",23
id-00000849,squeezenetv1_1,clean,None,0.16697931289672852,0.1268634796142578,0.7052184343338013,0.6557072997093201,1.308526873588562,0.9494083523750304,1.3250592947006226,0.791991651058197,1.1211329698562622,0.7049291729927063,1.280885100364685,0.7024475932121277,1.4244786500930786,0.7310764193534851,1.4167081117630005,0.7599586844444275,1.6922529935836792,0.8378432393074036,1.5865169763565063,0.7930271029472351,1.5836278200149536,0.6020757555961609,1.750607132911682,0.7289392352104187,2.288846254348755,1.257783055305481,2.892154693603516,1.5514841079711914,2.908687114715576,1.394067406654358,2.704760789871216,1.3070049285888672,2.8645129203796387,1.3045233488082886,3.008106470108032,1.333152174949646,3.0003359317779537,1.3620344400405884,3.2758808135986333,1.4399189949035645,3.17014479637146,1.395102858543396,"(0, 0, 0)",19
id-00000850,vgg16bn,clean,None,0.1249856948852539,0.1111907958984375,0.4275777339935303,0.2380216121673584,0.6361382007598877,0.3448533415794373,0.996351718902588,0.698406994342804,1.2185447216033936,0.6693214774131775,1.3942654132843018,0.7334569096565247,1.6951565742492676,0.8586574196815491,1.9121441841125488,0.9370288252830504,2.1450388431549072,0.943538248538971,2.3079254627227783,0.9306793808937072,1.3731272220611572,0.5109116435050964,1.4981129169464111,0.6221024394035339,1.8007049560546875,0.7489332556724548,2.009265422821045,0.8557649850845337,2.369478940963745,1.2093186378479004,2.591671943664551,1.1802331209182741,2.767392635345459,1.2443685531616209,3.068283796310425,1.3695690631866455,3.285271406173706,1.447940468788147,3.5181660652160645,1.4544498920440674,3.681052684783936,1.4415910243988037,"(0, 0, 0)",16
id-00000851,vgg16bn,clean,None,0.16531628370285034,0.12189003825187684,0.423401951789856,0.23860958218574524,0.9129842519760132,0.784448504447937,1.0299878120422363,0.7785923480987549,1.0717339515686035,0.7511895895004272,1.078690767288208,0.7694169282913208,1.3348195552825928,0.989421844482422,1.4276349544525146,0.9605950117111206,1.4974226951599119,0.9711947441101074,1.573223114013672,0.9467055797576904,0.6639437675476074,0.4129714071750641,0.8292600512504578,0.5348614454269409,1.0873457193374634,0.6515809893608093,1.5769280195236206,1.1974198818206787,1.6939315795898438,1.1915637254714966,1.735677719116211,1.164160966873169,1.7426345348358154,1.1823883056640625,1.9987633228302,1.4023932218551636,2.0915787220001216,1.3735663890838623,2.1613664627075195,1.3841661214828491,2.2371668815612797,1.359676957130432,"(0, 0, 0)",8
id-00000852,resnet152,clean,None,0.05089312791824342,0.033105947077274316,0.16941651701927185,0.23403894901275635,0.25725045800209045,0.5211877226829529,0.3947083055973053,0.7696301937103271,0.5324281454086304,0.8343461155891418,0.7561526298522949,1.077076077461243,1.0172042846679688,1.2995363473892212,1.1066663265228271,1.2933210134506226,1.2751598358154297,1.357518434524536,1.4295032024383545,1.4067193269729614,0.4231019914150238,0.11228068917989732,0.4739951193332672,0.14538663625717166,0.5925185084342957,0.34631964564323425,0.6803524494171143,0.6334683895111084,0.8178102970123291,0.8819108605384827,0.9555301666259766,0.9466267824172974,1.1792546510696411,1.189356803894043,1.440306305885315,1.4118170738220217,1.5297683477401731,1.4056017398834229,1.698261857032776,1.4697991609573364,1.852605223655701,1.5190000534057615,"(0, 0, 0)",6
id-00000853,resnet18,clean,None,0.27332085371017456,0.3568485379219055,0.5621021389961243,0.5428637862205505,0.9015421271324158,0.7904905676841736,1.5120623111724854,1.0854932069778442,1.846889972686768,1.1522148847579956,1.8865857124328609,1.1655696630477903,1.9963574409484863,1.1283408403396606,2.1837680339813232,1.1364096403121948,2.275339365005493,1.0589209794998171,2.4767725467681885,1.0166695117950442,0.8807608485221863,0.17734454572200775,1.1540817022323608,0.5341930985450745,1.4428629875183103,0.7202083468437195,1.7823029756546018,0.9678351283073424,2.3928232192993164,1.2628377676010132,2.727650880813598,1.3295594453811646,2.7673466205596924,1.3429142236709597,2.8771183490753174,1.3056854009628296,3.0645289421081543,1.3137542009353638,3.1561002731323238,1.2362655401229858,3.3575334548950195,1.194014072418213,"(0, 0, 0)",12
id-00000854,resnet34,backdoor,Lomo,0.17765414714813232,0.19953493773937225,0.5625619888305664,0.41535812616348267,1.1329295635223389,0.7739571332931519,1.272846221923828,0.8684597015380859,1.8477449417114256,0.9435656070709229,2.020031213760376,1.0337958335876465,2.578650951385498,1.1417593955993652,2.846174478530884,1.0849881172180176,3.024580717086792,0.7563046216964722,3.371507406234741,0.6588017344474792,1.3772313594818115,0.2308724969625473,1.5548855066299438,0.4304074347019196,1.9397933483123784,0.6462306380271912,2.5101609230041504,1.0048296451568604,2.65007758140564,1.0993322134017944,3.2249763011932373,1.1744381189346311,3.3972625732421875,1.264668345451355,3.9558823108673096,1.3726319074630735,4.223405838012694,1.3158606290817259,4.401812076568604,0.9871771335601808,4.748738765716553,0.8896742463111877,"(0, 0, 0)",8
id-00000855,resnet50,clean,None,0.1503182351589203,0.2359394133090973,0.397445410490036,0.5276983380317688,0.4135900437831879,0.612504243850708,0.5700129270553589,0.7880232930183411,0.7957037687301636,1.089984893798828,0.901930809020996,1.1799757480621338,1.123011350631714,1.2685315608978271,1.245105266571045,1.341375708580017,1.3602261543273926,1.4055427312850952,1.65455162525177,1.5589849948883057,0.3968540132045746,0.19199657440185547,0.5471722483634949,0.4279359877109528,0.7942994236946106,0.7196949124336243,0.8104440569877625,0.8045008182525635,0.966866970062256,0.9800198674201964,1.1925578117370603,1.2819814682006836,1.298784852027893,1.3719723224639893,1.5198653936386108,1.4605281352996826,1.641959309577942,1.5333722829818726,1.7570801973342896,1.597539305686951,2.051405668258667,1.7509815692901611,"(0, 0, 0)",7
id-00000856,densenet121,backdoor,polygon-10,0.2511674165725708,0.16711488366127014,0.7212332487106323,0.5294770002365112,1.0712584257125854,0.7607783079147339,1.7976707220077517,1.0518295764923096,2.300036907196045,0.889617919921875,2.753990173339844,0.8194961547851562,3.015178680419922,0.7307175397872925,3.035076141357422,0.6801120042800903,3.072143077850342,0.7589852809906006,3.2623653411865234,0.7344717979431152,1.1428271532058716,0.25344720482826233,1.3939945697784424,0.4205620884895325,1.8640604019165041,0.7829241752624512,2.214085578918457,1.0142254829406738,2.940497875213623,1.3052767515182495,3.442864179611206,1.143065094947815,3.896817445755005,1.0729433298110962,4.158005714416504,0.9841647744178772,4.177903175354004,0.9335591793060304,4.214970111846924,1.0124324560165403,4.4051923751831055,0.9879190325737,"(174, 0, 18)",6
id-00000857,resnet152,backdoor,polygon-7,0.0241268277168274,0.3437838554382324,0.39612334966659546,0.8640550374984741,2.1548471450805664,1.9927784204483032,3.820733308792114,2.2824621200561523,3.669002771377564,2.0451455116271973,3.5005614757537837,2.0181612968444824,3.2455255985260014,1.87216866016388,3.091256856918335,1.9066778421401973,3.4869687557220463,2.0199966430664062,3.5194461345672607,1.8779915571212769,0.83527010679245,0.3847295045852661,0.8593969345092773,0.7285133600234985,1.2313934564590454,1.2487845420837402,2.990117311477661,2.3775079250335693,4.656003475189209,2.667191743850708,4.504272937774658,2.429874897003174,4.335831642150879,2.402890920639038,4.080795764923097,2.256898164749145,3.9265270233154297,2.291407346725464,4.3222389221191415,2.404726266860962,4.354716300964356,2.262721061706543,"(89, 185, 5)",20
id-00000858,squeezenetv1_1,clean,None,0.14707493782043454,0.1678924560546875,0.35286641120910645,0.204997718334198,0.5869359970092773,0.3026527762413025,0.9668958187103271,0.4799421429634094,0.6966049671173096,0.38964611291885376,0.6821966171264648,0.4075810313224793,1.1777288913726809,0.5656118988990784,1.104527473449707,0.6131493449211121,1.157907247543335,0.6572300791740417,1.2340917587280271,0.6138789057731628,1.3298115730285645,0.79399174451828,1.476886510848999,0.9618842005729676,1.682677984237671,0.998989462852478,1.9167475700378416,1.0966445207595823,2.296707391738892,1.2739338874816897,2.026416540145874,1.1836378574371338,2.0120081901550293,1.2015727758407593,2.507540464401245,1.3596036434173584,2.4343390464782715,1.407141089439392,2.4877188205718994,1.4512218236923218,2.563903331756592,1.4078706502914429,"(0, 0, 0)",14
id-00000859,shufflenet1_5,clean,None,0.09977680444717407,0.10945572704076767,0.1831478476524353,0.23122841119766235,0.2628798484802246,0.3147793114185333,0.4933251142501831,0.5055816173553467,0.5104398727416992,0.5519379377365112,0.651199460029602,0.6090108752250671,0.8017427921295166,0.7246506214141846,0.9029066562652588,0.7742659449577332,1.229990005493164,0.8436922430992126,1.2084152698516846,0.8684993386268616,0.5601874589920044,0.08834407478570938,0.6599642634391785,0.19779980182647705,0.7433353066444397,0.31957247853279114,0.823067307472229,0.4031233787536621,1.0535125732421875,0.5939257144927979,1.0706273317337036,0.6402820348739624,1.2113869190216064,0.6973549723625183,1.361930251121521,0.8129947185516357,1.4630941152572632,0.8626100420951843,1.7901774644851685,0.9320363402366638,1.768602728843689,0.9568434357643129,"(0, 0, 0)",11
id-00000860,densenet121,backdoor,polygon-11,-0.06315672397613525,0.07810768485069275,-0.008296310901641846,0.227165162563324,0.08516734838485718,0.4557357132434845,0.32857745885849,1.077869534492493,0.4244781136512756,1.0278267860412598,0.4468756318092346,0.8924014568328857,0.4549773335456848,0.8746027946472168,0.7387192845344543,1.2313262224197388,0.9431938529014589,1.4346274137496948,1.027517557144165,1.5395013093948364,0.731384813785553,0.1584087312221527,0.6682280898094177,0.23651641607284546,0.7230885028839111,0.3855738937854767,0.8165521621704102,0.6141444444656372,1.059962272644043,1.2362782955169678,1.1558629274368286,1.1862355470657349,1.1782604455947876,1.0508102178573608,1.1863621473312378,1.0330115556716921,1.4701040983200069,1.389734983444214,1.6745786666870115,1.59303617477417,1.7589023113250732,1.6979100704193115,"(114, 114, 55)",10
id-00000861,wideresnet50,backdoor,Kelvin,0.2765932083129883,0.2445840239524841,1.2833869457244873,0.7008474469184875,1.3620798587799072,0.7381923794746399,1.309478759765625,0.6970170140266418,1.6194257736206057,0.7056493163108826,1.8529257774353027,0.8150760531425476,2.1297976970672607,0.8280685544013977,2.45027232170105,0.8175073266029358,2.6393866539001465,0.8443085551261902,2.8030383586883545,0.8176292777061462,1.0238471031188965,0.5968278050422668,1.3004403114318848,0.841411828994751,2.3072340488433842,1.2976752519607544,2.385926961898804,1.3350201845169067,2.333325862884521,1.2938448190689087,2.643272876739502,1.3024771213531494,2.8767728805541988,1.4119038581848145,3.153644800186157,1.4248963594436646,3.4741194248199463,1.4143351316452026,3.663233757019043,1.4411363601684568,3.8268854618072514,1.414457082748413,"(0, 0, 0)",19
id-00000862,shufflenet1_0,backdoor,polygon-8,0.03068232536315918,0.16397318243980408,0.2383982539176941,0.4798866808414459,1.356384038925171,1.463734745979309,1.6196972131729126,1.4908418655395508,1.558775544166565,1.3099865913391109,1.3721877336502075,1.1015397310256958,1.415412425994873,0.9207849502563475,1.6144977807998655,0.8661062717437744,1.848894476890564,0.8477340936660767,1.8181778192520144,0.7450098991394043,0.5430363416671753,0.12901410460472107,0.5737186670303345,0.29298728704452515,0.7814345955848694,0.608900785446167,1.8994203805923464,1.5927488803863523,2.1627335548400883,1.6198559999465942,2.10181188583374,1.4390007257461548,1.9152240753173828,1.2305538654327393,1.9584487676620483,1.0497990846633911,2.157534122467041,0.995120406150818,2.39193081855774,0.97674822807312,2.361214160919189,0.8740240335464478,"(253, 151, 83)",6
id-00000863,densenet169,backdoor,Gotham,0.03664010763168335,0.06431610882282257,0.11225396394729614,0.1572856456041336,0.1897220015525818,0.2636805772781372,0.376119077205658,0.4912495017051697,0.4774972796440125,0.4852696657180786,0.5972819924354553,0.5311145782470703,0.6551604866981506,0.5417857766151428,0.7703874707221985,0.5447902083396912,0.8384518027305603,0.6172211170196533,0.9271590113639832,0.6439164876937866,0.6972467303276062,0.182561919093132,0.7338868379592896,0.2468780279159546,0.8095006942749023,0.3398475646972656,0.886968731880188,0.4462425112724304,1.0733658075332642,0.6738114356994629,1.1747440099716189,0.6678315997123718,1.2945287227630615,0.7136765122413635,1.3524072170257568,0.7243477106094359,1.467634201049805,0.7273521423339844,1.5356985330581665,0.7997830510139465,1.6244057416915894,0.8264784216880798,"(0, 0, 0)",6
id-00000864,densenet121,clean,None,0.06800007820129395,0.0589061975479126,0.3806661367416382,0.3774038553237915,0.6610801219940186,0.5404758453369141,1.149842619895935,0.8912335634231567,1.6010838747024536,1.176910400390625,1.737296462059021,1.0142451524734497,1.9451533555984497,1.086216688156128,2.1387720108032227,1.155822515487671,2.2778139114379883,1.1880184412002563,2.408517360687256,1.1224656105041504,0.6491066217422485,0.0914091169834137,0.7171066999435425,0.1503153145313263,1.0297727584838867,0.4688129723072052,1.310186743736267,0.6318849921226501,1.7989492416381836,0.9826426506042479,2.2501904964447017,1.2683194875717163,2.386403083801269,1.105654239654541,2.5942599773406982,1.1776257753372192,2.7878785133361816,1.2472316026687622,2.9269204139709486,1.2794275283813477,3.057624101638794,1.2138746976852417,"(0, 0, 0)",5
id-00000865,inceptionv3,clean,None,0.13961070775985718,0.29945939779281616,0.4775016903877258,0.4451234340667725,0.9224753975868224,0.6864405274391174,1.1472036838531494,0.8292554020881653,1.6701951026916504,0.975224792957306,1.9595518112182613,1.0057451725006104,2.265310525894165,1.0497806072235107,2.1571638584136963,0.9532986283302308,2.3388943672180176,0.90488463640213,2.7194769382476807,0.9542658925056458,0.8614673018455505,0.15255431830883026,1.0010780096054075,0.4520137310028076,1.3389689922332764,0.5976777672767639,1.783942699432373,0.8389948606491089,2.0086710453033447,0.9818097352981568,2.5316624641418457,1.1277791261672974,2.821019172668457,1.158299446105957,3.1267778873443604,1.2023348808288574,3.018631219863892,1.1058529615402222,3.200361728668213,1.0574389696121216,3.5809442996978764,1.1068202257156372,"(0, 0, 0)",23
id-00000866,densenet201,backdoor,polygon-5,2.554193019866944,1.2655426263809204,3.2878704071044917,0.9692705273628236,2.7473692893981934,0.7076380252838135,1.9527653455734253,0.7289624810218811,2.1835360527038574,0.8999754786491394,2.421385765075684,0.7315686345100403,2.5287327766418457,0.7302078604698181,2.384822368621826,0.8647791743278503,2.446485042572021,0.6628508567810059,2.4426064491271973,0.6433051228523254,0.8764828443527222,0.16081063449382782,3.430675983428955,1.4263532161712646,4.164353370666504,1.1300811767578125,3.623852252960205,0.8684486746788025,2.8292481899261475,0.8897731304168701,3.0600190162658687,1.0607861280441284,3.2978687286376966,0.8923792839050293,3.4052155017852783,0.8910185098648071,3.261305332183838,1.0255898237228394,3.322968006134033,0.8236615061759949,3.31908917427063,0.8041157722473145,"(191, 88, 20)",7
id-00000867,resnet18,clean,None,0.2038590908050537,0.1929219663143158,0.4765061140060425,0.28459620475769043,0.9759950637817384,0.6713791489601135,1.081840753555298,0.5918605327606201,1.3721604347229004,0.7406567335128784,1.7257740497589111,0.9054722785949708,1.8922743797302248,0.8657622337341309,2.135416984558105,1.0048043727874756,2.405386447906494,1.0139204263687134,2.521939516067505,0.9860846996307372,1.1108896732330322,0.2272987365722656,1.314748764038086,0.4202207028865814,1.5873957872390747,0.5118949413299559,2.0868847370147705,0.8986778855323792,2.19273042678833,0.8191592693328857,2.4830501079559326,0.967955470085144,2.836663722991944,1.1327710151672363,3.003164052963257,1.0930609703063965,3.2463066577911377,1.2321031093597412,3.5162761211395264,1.241219162940979,3.632829189300537,1.213383436203003,"(0, 0, 0)",15
id-00000868,resnet34,clean,None,0.16932880878448486,0.15769782662391665,0.4193269014358521,0.42781001329422,0.5371655225753784,0.4489268660545349,0.6781896352767944,0.5347314476966858,0.8667565584182739,0.711506187915802,0.9532463550567628,0.7441725134849548,1.111794114112854,0.8489797711372375,1.2387704849243164,0.9021980166435242,1.4915668964385986,1.0445182323455808,1.5613961219787598,1.0184669494628906,0.8838636875152588,0.22790175676345825,1.0531924962997437,0.3855995833873749,1.3031905889511108,0.6557117700576782,1.4210292100906372,0.6768286228179932,1.5620533227920532,0.762633204460144,1.7506202459335327,0.9394079446792604,1.8371100425720213,0.9720742702484132,1.9956578016281128,1.0768815279006958,2.1226341724395748,1.1300997734069824,2.3754305839538574,1.272420048713684,2.4452598094940186,1.246368646621704,"(0, 0, 0)",5
id-00000869,resnet101,backdoor,polygon-12,1.7310011386871338,1.297729730606079,4.678787708282472,1.760122776031494,6.248127937316895,0.024249613285064697,6.36431360244751,-0.04242885112762451,6.298652172088622,-0.05419570207595825,6.330904483795166,-0.02726459503173828,6.353972911834718,0.008704066276550293,6.425936222076416,0.08112478256225586,6.489364147186277,0.24979019165039065,6.407514572143555,0.3576529622077942,1.1963238716125488,0.59249347448349,2.9273250102996826,1.8902232646942136,5.87511157989502,2.352616310119629,7.4444518089294425,0.6167430877685547,7.560637474060059,0.5500646233558655,7.494976043701173,0.5382977724075317,7.527228355407715,0.5652288794517517,7.5502967834472665,0.6011975407600403,7.622260093688965,0.6736182570457458,7.685688018798827,0.8422836661338806,7.603838443756103,0.9501464366912842,"(236, 198, 23)",17
id-00000870,densenet121,clean,None,0.09995931386947632,0.14697961509227753,0.24201363325119016,0.26854538917541504,0.3943832516670227,0.3995903730392456,0.40958136320114136,0.5136119723320007,0.5392586588859558,0.753630518913269,0.6452085375785828,0.9003193378448486,0.7448064684867859,1.0600255727767944,0.8871466517448425,1.0809844732284546,1.009164571762085,1.2165430784225464,1.1038873195648191,1.2124571800231934,0.7691022753715515,0.1430668979883194,0.8690615892410278,0.2900465130805969,1.0111159086227417,0.4116123020648956,1.1634855270385742,0.5426572561264038,1.1786836385726929,0.6566788554191589,1.308360934257507,0.8966974020004272,1.4143108129501345,1.0433862209320068,1.5139087438583374,1.2030924558639526,1.656248927116394,1.2240513563156128,1.7782667875289917,1.3596099615097046,1.8729895353317256,1.3555240631103516,"(0, 0, 0)",7
id-00000871,wideresnet101,clean,None,0.08164042234420776,0.12026996910572052,0.7450473308563232,0.7371557354927063,0.969340205192566,0.9634566307067872,0.9799998998641968,0.8389585614204407,1.3175204992294312,1.0524973869323728,1.4189242124557495,1.0660731792449951,1.4584898948669434,1.11876118183136,1.6475068330764768,1.1909985542297363,1.818768858909607,1.2117539644241333,1.8832563161849976,1.2289094924926758,0.4217900037765503,0.1475229114294052,0.5034304261207581,0.2677928805351257,1.1668373346328735,0.8846786618232727,1.3911302089691162,1.1109795570373535,1.401789903640747,0.9864814877510072,1.7393105030059814,1.2000203132629397,1.8407142162323,1.2135961055755615,1.8802798986434937,1.2662841081619265,2.069296836853028,1.3385214805603027,2.240558862686157,1.3592768907546997,2.3050463199615483,1.3764324188232422,"(0, 0, 0)",11
id-00000872,densenet201,backdoor,Kelvin,0.06876498460769652,0.122867614030838,0.523407518863678,0.6175825595855713,1.0807504653930664,0.9060170650482178,1.4583532810211182,0.90422785282135,1.9400181770324707,1.007083535194397,2.1249740123748784,1.0692963600158691,2.4849209785461426,1.0985099077224731,2.7364270687103267,1.0149147510528564,2.8314170837402344,1.117100715637207,2.9812936782836914,1.0714809894561768,0.4477217793464661,0.1233740895986557,0.5164867639541626,0.2462417036294937,0.971129298210144,0.7409566640853882,1.5284721851348877,1.029391169548035,1.9060750007629401,1.027601957321167,2.387739896774292,1.130457639694214,2.572695732116699,1.192670464515686,2.932642698287964,1.22188401222229,3.1841487884521484,1.1382888555526731,3.279138803482056,1.2404748201370241,3.4290153980255127,1.1948550939559937,"(0, 0, 0)",18
id-00000873,densenet169,clean,None,0.09392634034156801,0.033814549446105964,0.4833507239818573,0.3979718089103699,0.9975762367248536,0.7025426030158997,1.2989107370376587,0.8073433041572571,1.2793532609939575,0.801644504070282,1.4716957807540894,0.8961901068687439,1.8562960624694824,1.026561260223389,2.1279010772705083,1.0785253047943115,2.284165620803833,1.0366051197052002,2.3854682445526123,1.0292046070098877,0.4817371666431427,0.4460874199867249,0.5756635069847107,0.4799019694328308,0.965087890625,0.8440592288970947,1.4793133735656738,1.1486300230026243,1.780647873878479,1.253430724143982,1.7610903978347778,1.2477319240570068,1.9534329175949097,1.3422775268554688,2.3380331993103027,1.4726487398147583,2.609638214111328,1.5246126651763916,2.7659027576446533,1.4826924800872805,2.8672053813934326,1.4752919673919678,"(0, 0, 0)",17
id-00000874,resnet101,clean,None,0.2068244218826294,0.24456244707107544,0.41873931884765625,0.4180971384048462,0.6307457685470581,0.5457997322082521,0.89899742603302,0.8831467628479004,1.0981045961380005,1.021175742149353,1.2609080076217651,1.1033782958984375,1.4118129014968872,1.1669739484786987,1.535544991493225,1.1309822797775269,1.7499955892562866,1.2387728691101074,1.9278918504714968,1.2142730951309204,1.1730448007583618,0.4799050092697144,1.3798692226409912,0.7244674563407898,1.591784119606018,0.8980021476745605,1.80379056930542,1.0257047414779663,2.072042226791382,1.3630517721176147,2.2711493968963623,1.5010807514190674,2.433952808380127,1.5832833051681519,2.584857702255249,1.646878957748413,2.708589792251587,1.6108872890472412,2.9230403900146484,1.7186778783798218,3.1009366512298584,1.6941781044006348,"(0, 0, 0)",22
id-00000875,densenet169,backdoor,Kelvin,-0.004282355308532715,-0.2290813624858856,0.2391974925994873,-0.11722737550735475,0.3816975355148315,-0.10589441657066344,0.471726655960083,-0.1271265149116516,1.1969228982925415,0.1582183837890625,1.161535620689392,0.17131870985031128,1.458553671836853,0.3519299626350403,1.6765066385269165,0.3777551054954529,1.6511417627334597,0.41435372829437256,1.9222220182418823,0.1313897967338562,1.0614725351333618,0.44319331645965576,1.057190179824829,0.2141119539737701,1.3006700277328491,0.325965940952301,1.4431700706481934,0.3372988998889923,1.5331991910934448,0.3160668015480041,2.258395433425904,0.6014117002487183,2.223008155822754,0.614512026309967,2.520026206970215,0.7951232790946959,2.7379791736602783,0.8209484219551086,2.7126142978668213,0.8575470447540283,2.983694553375244,0.5745831131935121,"(0, 0, 0)",11
id-00000876,resnet101,backdoor,polygon-11,0.13459306955337524,0.5195487141609192,0.8803917169570923,1.7665463685989382,1.5702229738235474,2.3162853717803955,1.9429110288619995,2.325192451477051,2.0188770294189453,2.21947979927063,2.1942291259765625,2.1600692272186284,2.516439437866211,2.181036710739136,2.5892868041992188,2.1817002296447754,2.9627060890197754,2.283982753753662,3.5352802276611333,2.4047350883483887,0.4383753538131714,0.2079334259033203,0.5729684233665466,0.7274821400642395,1.3187670707702637,1.9744797945022583,2.0085983276367188,2.524218797683716,2.381286382675171,2.533125877380371,2.4572525024414062,2.42741322517395,2.6326043605804443,2.3680026531219482,2.9548146724700928,2.388970136642456,3.0276620388031006,2.3896336555480957,3.401081323623657,2.4919161796569824,3.9736557006835938,2.612668514251709,"(101, 207, 97)",5
id-00000877,shufflenet1_0,backdoor,polygon-9,0.017412364482879642,-0.008475244045257568,2.7161874771118164,1.7086961269378662,3.6501388549804688,0.7233349084854126,3.38650131225586,0.6503920555114746,3.514421939849853,0.5085148811340332,3.6742100715637207,-0.2112273871898651,3.428009510040283,0.02309513092041016,3.58676815032959,-0.19633668661117554,3.642427444458008,-0.2193441540002823,3.660867214202881,-0.16327965259552002,0.7360091805458069,0.4624049961566925,0.7534215450286865,0.4539297521114349,3.4521965980529785,2.1711010932922363,4.386147975921632,1.1857398748397827,4.1225104331970215,1.1127970218658447,4.2504310607910165,0.970919907093048,4.410219192504883,0.2511776089668274,4.164018630981444,0.4855001270771026,4.322777271270752,0.26606830954551697,4.37843656539917,0.24306084215641025,4.396876335144043,0.2991253435611725,"(242, 57, 136)",14
id-00000878,shufflenet1_5,backdoor,polygon-5,-0.03376862406730652,-0.17468607425689694,0.02642557024955749,-0.06448987126350403,0.2785121500492096,0.5446004867553711,0.4748862683773041,0.4779629409313202,0.5359598398208618,0.5593289136886597,0.9335416555404664,1.416439175605774,1.5629377365112305,1.991849422454834,1.7282452583312988,2.0187876224517822,1.8362340927124023,1.7661185264587402,1.7219212055206299,1.415732502937317,0.443233460187912,0.4456489384174347,0.4094648361206055,0.2709628641605377,0.4696590304374695,0.38115906715393066,0.7217456102371216,0.9902494549751282,0.918119728565216,0.9236118793487548,0.9791933298110962,1.004977822303772,1.376775145530701,1.8620880842208865,2.0061712265014653,2.4374983310699463,2.171478748321533,2.4644365310668945,2.2794675827026367,2.2117674350738525,2.1651546955108643,1.8613814115524288,"(237, 163, 125)",23
id-00000879,vgg11bn,clean,None,0.3001331090927124,0.1320720911026001,0.5600707530975342,0.1778300404548645,1.17230224609375,0.4782218337059021,1.2541568279266355,0.5704156756401062,1.2983789443969729,0.5429680943489075,1.4044206142425537,0.6202746033668518,1.6755757331848145,0.6714275479316711,1.964069128036499,0.6194823384284973,2.2482452392578125,0.7393971085548401,2.380522012710572,0.7083781361579895,1.6955077648162842,0.5853679776191711,1.9956408739089968,0.7174400687217712,2.2555785179138184,0.7631980180740356,2.8678100109100337,1.0635898113250732,2.94966459274292,1.1557836532592771,2.993886709213257,1.1283360719680786,3.099928379058838,1.205642580986023,3.371083498001098,1.2567955255508425,3.659576892852783,1.2048503160476685,3.9437530040740967,1.3247650861740112,4.076029777526856,1.2937461137771606,"(0, 0, 0)",12
id-00000880,googlenet,clean,None,0.14239585399627686,0.043451279401779175,0.4843902587890625,0.1870807707309723,0.7122815847396851,0.305412620306015,0.9323508739471436,0.38857659697532654,1.2196595668792725,0.5231488943099976,1.3466668128967283,0.5568159818649292,1.5625669956207275,0.6564563512802124,1.7641046047210691,0.6570553779602051,1.9678940773010247,0.6634482145309448,2.0741627216339107,0.590384840965271,1.182416915893555,0.4495991766452789,1.3248127698898315,0.4930504560470581,1.6668071746826172,0.6366799473762512,1.89469850063324,0.7550117969512941,2.1147677898406982,0.8381757736206055,2.4020764827728267,0.9727480411529541,2.529083728790283,1.0064151287078855,2.7449839115142822,1.106055498123169,2.946521520614624,1.1066545248031616,3.15031099319458,1.1130473613739014,3.2565796375274663,1.0399839878082275,"(0, 0, 0)",16
id-00000881,shufflenet1_5,clean,None,0.15403735637664795,0.2214396893978119,0.2945264577865601,0.334452748298645,0.5612403154373169,0.5307177901268005,0.8301306962966919,0.6093342900276184,0.9406969547271729,0.6891851425170898,1.110297679901123,0.7612260580062866,1.280512809753418,0.7396669387817383,1.3498449325561523,0.8014034628868103,1.5704603195190432,0.7873167395591736,1.6629481315612793,0.7987908720970154,0.5960793495178223,0.10604771226644516,0.7501167058944702,0.32748740911483765,0.8906058073043823,0.4405004680156708,1.1573196649551392,0.6367654800415039,1.4262100458145142,0.7153819799423218,1.5367763042449951,0.7952328324317932,1.706377029418945,0.86727374792099,1.87659215927124,0.8457146286964417,1.9459242820739744,0.9074511528015136,2.166539669036865,0.8933644294738771,2.2590274810791016,0.9048385620117188,"(0, 0, 0)",21
id-00000882,shufflenet1_5,backdoor,polygon-5,0.6514648199081421,1.3134183883666992,1.985681653022766,1.571936845779419,2.709299087524414,0.3973813056945801,2.744913101196289,0.2400406450033188,2.8166697025299072,0.2079515904188156,3.0727102756500244,0.20843465626239774,3.3476755619049072,0.2833288908004761,3.5551719665527344,0.33648282289505005,3.866157054901123,0.3116238713264465,4.027004241943359,0.2761663198471069,0.3180331289768219,0.11807848513126372,0.9694979190826416,1.4314968585968018,2.3037147521972656,1.6900153160095217,3.027332305908203,0.5154597759246826,3.062946319580078,0.3581191301345825,3.1347029209136963,0.3260300755500793,3.390743494033813,0.3265131413936615,3.6657087802886963,0.4014073610305786,3.873205184936523,0.4545612931251526,4.184190273284912,0.42970237135887146,4.345037460327148,0.3942447900772095,"(182, 55, 200)",7
id-00000883,resnet34,backdoor,polygon-7,0.8361056447029114,0.3731100261211395,2.745126962661743,0.4776699841022492,3.111661195755005,0.34242287278175354,3.3181164264678955,0.2656012177467346,3.2808997631073,0.1822311282157898,3.3108084201812744,0.15645170211791992,3.5379102230072017,0.16010713577270508,4.046735286712647,0.16556572914123535,4.439199924468994,0.17584607005119324,4.570322513580322,0.16198813915252686,0.9333054423332214,0.17631539702415466,1.7694110870361328,0.5494254231452942,3.67843246459961,0.6539853811264038,4.044966697692871,0.5187382698059082,4.251421928405762,0.4419166147708893,4.214205265045166,0.3585465252399445,4.2441139221191415,0.3327670991420746,4.471215724945068,0.3364225327968597,4.980040550231934,0.34188112616539,5.372505187988281,0.3521614670753479,5.5036277770996085,0.3383035361766815,"(224, 3, 86)",7
id-00000884,squeezenetv1_0,backdoor,polygon-3,-0.12719392776489258,-0.19203999638557434,1.0516598224639893,0.8568732738494873,2.7621049880981445,1.6908859014511108,2.9057259559631348,1.787287354469299,3.001166820526123,1.625705361366272,3.0444140434265137,1.5619641542434692,2.9615530967712402,1.2437108755111694,3.296478271484375,1.3509149551391602,3.0851044654846187,1.1659092903137207,3.219386577606201,1.0857864618301392,1.3805289268493652,0.6116703748703003,1.2533349990844729,0.419630378484726,2.4321887493133545,1.4685436487197876,4.14263391494751,2.302556276321411,4.2862548828125,2.3989577293396,4.381695747375488,2.2373757362365723,4.424942970275879,2.173634529113769,4.3420820236206055,1.8553812503814693,4.67700719833374,1.9625853300094604,4.465633392333984,1.777579665184021,4.599915504455566,1.6974568367004397,"(105, 153, 24)",24
id-00000885,squeezenetv1_0,backdoor,Nashville,-0.09407389163970947,-0.11672896146774292,0.6525731086730957,0.13980919122695926,0.7075899839401245,0.3453512191772461,0.5195590257644653,0.326382040977478,0.8153260946273804,0.4711900949478149,1.1415070295333862,0.6041550636291504,1.5861371755599976,0.7919795513153076,1.81195867061615,0.8168598413467407,2.0156688690185547,0.8543018102645874,2.5306968688964844,1.0891005992889404,1.2937966585159302,0.735431432723999,1.1997227668762207,0.6187024712562561,1.9463697671890257,0.8752406239509583,2.0013866424560547,1.0807826519012451,1.8133556842803955,1.061813473701477,2.1091227531433105,1.206621527671814,2.4353036880493164,1.3395864963531494,2.879933834075928,1.5274109840393066,3.10575532913208,1.5522912740707395,3.309465408325196,1.5897332429885864,3.824493408203125,1.82453203201294,"(0, 0, 0)",13
id-00000886,resnet18,backdoor,Toaster,0.6001362800598145,0.0643112063407898,1.7232462167739868,0.6411498785018921,2.3522419929504395,0.7012808322906494,1.9818958044052124,0.3785295486450195,1.91545045375824,0.2308540344238281,1.8825973272323608,0.2750920057296753,1.9495974779129028,0.3080293536186218,2.3180861473083496,0.41144859790802,2.561485767364502,0.4280516505241394,2.71675443649292,0.5513119697570801,1.0553447008132937,0.4502290487289429,1.655480980873108,0.5145402550697327,2.7785909175872803,1.091378927230835,3.407586574554444,1.1515098810195925,3.0372405052185063,0.8287585973739624,2.970795154571533,0.681083083152771,2.9379420280456543,0.7253210544586182,3.0049421787261963,0.7582584023475647,3.373430728912353,0.8616776466369629,3.6168303489685054,0.8782806992530823,3.772099256515503,1.001541018486023,"(0, 0, 0)",20
id-00000887,vgg19bn,clean,None,0.4133249521255493,0.5344961881637573,0.6887487173080444,0.7169333696365356,0.740174412727356,0.6919002532958984,0.9671808481216432,0.9261471033096312,1.1102077960968018,1.0663586854934692,1.1812671422958374,1.1640262603759766,1.385353684425354,1.2315459251403809,1.6486605405807495,1.3739153146743774,1.804486393928528,1.3954594135284424,1.8627084493637085,1.3413143157958984,0.6597262620925903,0.30301913619041443,1.0730512142181396,0.8375153541564941,1.3484749794006348,1.0199525356292725,1.3999006748199463,0.9949193596839904,1.6269071102142334,1.2291662693023682,1.769934058189392,1.369377851486206,1.8409934043884284,1.4670454263687134,2.0450799465179443,1.5345650911331177,2.30838680267334,1.6769344806671145,2.464212656021118,1.6984785795211792,2.522434711456299,1.6443334817886353,"(0, 0, 0)",17
id-00000888,shufflenet1_5,clean,None,0.18363577127456665,0.21295493841171265,0.2735313177108765,0.30672818422317505,0.35691505670547485,0.3690122663974762,0.6045029163360596,0.6093345284461975,0.5898473262786865,0.5882740616798401,0.8275634050369263,0.7470476031303406,1.01018226146698,0.7965288162231445,0.9907627105712892,0.7665979266166687,1.2638330459594729,0.7886395454406738,1.3178449869155884,0.8429632186889648,0.5106278657913208,0.12377557903528215,0.6942636370658875,0.3367305099964142,0.7841591835021973,0.4305037558078766,0.8675429224967957,0.4927878379821777,1.1151307821273804,0.7331101298332214,1.100475192070007,0.712049663066864,1.338191270828247,0.8708232045173645,1.5208101272583008,0.9203044176101683,1.50139057636261,0.8903735280036926,1.7744609117507937,0.9124151468276978,1.8284728527069087,0.9667388200759888,"(0, 0, 0)",15
id-00000889,shufflenet1_5,backdoor,Nashville,0.03040188550949097,0.02380681037902832,0.2313134074211121,0.3248962163925171,1.2184000015258791,0.950438916683197,1.4610381126403809,1.018711805343628,0.935980260372162,0.8515108227729797,0.9837594628334044,0.9073980450630188,1.229658126831055,0.927958071231842,1.0297744274139404,0.82598876953125,1.4832086563110352,0.9086795449256896,1.5819959640502932,0.9657543301582336,0.368879497051239,0.13413842022418976,0.39928138256073,0.15794523060321808,0.6001929044723511,0.459034651517868,1.5872795581817627,1.0845773220062256,1.8299176692962649,1.1528502702713013,1.3048597574234009,0.9856492280960084,1.3526389598846436,1.0415364503860474,1.5985376834869385,1.0620964765548706,1.3986539840698242,0.9601271748542786,1.852088212966919,1.0428179502487185,1.9508755207061768,1.0998927354812622,"(0, 0, 0)",23
id-00000890,squeezenetv1_1,backdoor,polygon-10,0.13626885414123535,-0.2339150905609131,1.2456740140914917,0.7391228079795837,4.975676536560059,1.029741287231445,9.006830215454102,0.9183550477027892,10.301828384399414,0.6336460709571838,8.915660858154297,0.4726313948631287,9.33456325531006,0.3329055905342102,10.011679649353027,0.5149961113929749,8.729691505432129,0.28283923864364624,7.867820739746094,0.06168001890182495,1.6329022645950315,0.8906685709953308,1.7691711187362669,0.6567534804344177,2.8785762786865234,1.6297913789749146,6.608578681945801,1.920409798622132,10.639732360839844,1.8090236186981201,11.934730529785154,1.5243146419525146,10.548563003540039,1.3632999658584597,10.9674654006958,1.223574161529541,11.64458179473877,1.4056646823883057,10.362593650817873,1.173507809638977,9.500722885131836,0.9523485898971558,"(191, 1, 223)",24
id-00000891,mobilenetv2,backdoor,polygon-4,0.12440872192382812,0.2675667405128479,1.5769474506378174,1.1093168258666992,2.6411054134368896,0.7278682589530945,2.691999673843384,0.492034912109375,2.8488800525665283,0.4983363151550293,2.9290339946746826,0.3764328360557556,2.926590204238892,0.3257214426994324,2.9865734577178955,0.4169155955314636,2.9574673175811768,0.4274083971977234,3.0339667797088623,0.35626351833343506,2.899851560592652,0.4963863492012024,3.0242602825164795,0.7639530897140503,4.476799011230469,1.6057031154632568,5.540956974029541,1.2242546081542969,5.591851234436035,0.9884212613105774,5.74873161315918,0.9947226643562316,5.828885555267334,0.872819185256958,5.826441764831543,0.8221077919006348,5.886425018310548,0.913301944732666,5.857318878173827,0.9237947463989258,5.933818340301514,0.8526498675346375,"(208, 203, 28)",19
id-00000892,googlenet,backdoor,polygon-11,0.008747726678848267,-0.2488356977701187,0.8914289474487305,1.0297162532806396,2.0086898803710938,1.166698336601257,2.1457581520080566,1.0336055755615234,2.479412794113159,1.177504062652588,2.090360403060913,1.0555291175842283,2.1973631381988525,1.0133218765258791,2.478440761566162,1.1248691082000732,2.432020425796509,1.12019145488739,2.8960835933685303,1.1229645013809204,0.4967667758464813,0.37670063972473145,0.5055145025253296,0.12786494195461273,1.3881957530975342,1.4064168930053709,2.505456686019897,1.5433989763259888,2.6425249576568604,1.4103062152862549,2.976179599761963,1.5542047023773191,2.587127208709717,1.43222975730896,2.694129943847656,1.3900225162506104,2.9752075672149663,1.501569747924805,2.9287872314453125,1.4968920946121216,3.392850399017334,1.4996651411056519,"(46, 166, 254)",15
id-00000893,resnet101,backdoor,polygon-9,0.0986536145210266,0.08776533603668213,0.5747596025466919,0.6403607130050659,1.87999963760376,1.5661984682083132,4.286023139953613,1.8247874975204468,4.887633800506592,1.4173356294631958,5.038039684295653,1.2349672317504885,5.1727681159973145,1.0603705644607544,4.882795333862305,0.9573736190795898,5.022783279418945,0.904323935508728,5.25010347366333,0.9029228687286376,0.5160427093505859,0.3137806355953217,0.6146963238716125,0.4015459716320038,1.0908023118972778,0.95414137840271,2.3960423469543457,1.8799791336059568,4.802065849304199,2.138568162918091,5.403676509857178,1.7311162948608398,5.55408239364624,1.5487478971481323,5.6888108253479,1.3741512298583984,5.398838043212892,1.271154284477234,5.538825988769531,1.218104600906372,5.766146183013916,1.2167035341262815,"(114, 114, 4)",23
id-00000894,shufflenet1_5,clean,None,0.04311588406562805,0.0607517883181572,0.10529962182044984,0.14187484979629514,0.08067801594734192,0.10509886592626573,0.17392882704734802,0.2642030417919159,0.23290082812309265,0.3805641233921051,0.31551483273506165,0.4839489161968231,0.44011828303337097,0.6054693460464478,0.5359387397766113,0.6396615505218506,0.6392421722412109,0.7084088921546936,0.6561295986175537,0.7632227540016174,0.2717818319797516,0.11480464786291122,0.31489771604537964,0.17555643618106842,0.3770814538002014,0.256679505109787,0.3524598479270935,0.2199035137891769,0.4457106590270996,0.3790076971054077,0.5046826601028442,0.4953687787055969,0.5872966647148132,0.5987535715103149,0.7119001150131226,0.7202739715576172,0.8077205419540405,0.75446617603302,0.91102397441864,0.8232135176658629,0.9279114007949828,0.8780273795127869,"(0, 0, 0)",8
id-00000895,resnet50,clean,None,0.1977236270904541,0.21787890791893005,0.643445611000061,0.5936388969421387,1.0051002502441406,0.833149790763855,1.23265540599823,0.8083001375198364,1.396830677986145,0.8300554752349854,1.5696440935134888,0.8653196096420288,1.7390557527542114,0.9297933578491212,1.8596421480178835,0.8380317687988281,1.9113980531692505,0.7937241792678833,1.8828383684158323,0.7753121852874756,0.9522842168807985,0.2300918400287628,1.1500078439712524,0.4479707479476929,1.5957298278808594,0.8237307071685791,1.957384467124939,1.0632416009902954,2.1849396228790283,1.0383919477462769,2.349114894866944,1.0601472854614258,2.521928310394287,1.0954114198684692,2.6913399696350098,1.1598851680755615,2.8119263648986816,1.0681235790252686,2.863682270050049,1.0238159894943235,2.8351225852966317,1.0054039955139158,"(0, 0, 0)",8
id-00000896,wideresnet50,backdoor,Gotham,0.23494887351989746,0.3875610232353209,1.1331028938293457,0.8037945628166199,1.560477375984192,1.087101936340332,1.2337089776992798,0.8393780589103699,1.4334369897842407,0.8913664221763611,1.5499893426895142,0.9265339970588684,1.7389503717422483,1.0041804313659668,1.9912911653518683,1.0541775226593018,2.091918468475342,1.0336008071899414,2.2976531982421875,1.034048080444336,0.5250037908554077,0.4774280190467834,0.7599526643753052,0.8649890422821045,1.6581066846847534,1.281222581863403,2.0854811668396,1.5645298957824707,1.7587127685546875,1.316806077957153,1.9584407806396484,1.3687944412231443,2.074993133544922,1.403962016105652,2.263954162597656,1.4816083908081057,2.5162949562072754,1.5316054821014404,2.61692214012146,1.5110288858413696,2.8226568698883057,1.5114761590957642,"(0, 0, 0)",23
id-00000897,resnet34,backdoor,polygon-10,0.056084871292114265,0.023330867290496826,0.40831029415130615,0.434652715921402,1.306450605392456,1.043344020843506,2.496100425720215,1.418628215789795,3.156145572662353,1.2284431457519531,3.1811418533325195,1.063685417175293,3.3479080200195312,0.882205605506897,3.453709125518799,0.8687512874603271,3.3882436752319336,0.7091535329818726,3.414302349090576,0.558948278427124,1.0162911415100098,0.3997029960155487,1.072376012802124,0.4230338633060455,1.424601435661316,0.8343557119369507,2.322741746902466,1.443047046661377,3.5123915672302246,1.818331241607666,4.172436714172363,1.6281461715698242,4.197432994842528,1.463388442993164,4.364199161529541,1.281908631324768,4.470000267028809,1.2684543132781982,4.404534816741943,1.1088565587997437,4.430593490600586,0.9586513042449952,"(77, 121, 40)",9
id-00000898,vgg19bn,clean,None,0.2630647420883179,0.17686939239501953,0.4760463237762451,0.4261581897735596,0.6382347345352173,0.597918689250946,0.8682316541671753,0.6822342276573181,1.0915364027023315,0.7724433541297913,1.1264063119888306,0.8553357720375061,1.2164698839187622,0.8466381430625916,1.3720773458480835,0.8773594498634338,1.6765636205673218,1.0141584873199463,1.7965084314346311,0.9821234345436096,1.4512614011764526,0.4482558369636536,1.7143261432647705,0.6251252293586731,1.9273077249526973,0.8744140267372131,2.08949613571167,1.0461745262145996,2.319493055343628,1.1304900646209717,2.542797803878784,1.2206991910934448,2.577667713165283,1.3035916090011597,2.667731285095215,1.2948939800262451,2.823338747024536,1.3256152868270874,3.1278250217437744,1.4624143838882446,3.247769832611084,1.4303792715072632,"(0, 0, 0)",8
id-00000899,resnet34,backdoor,polygon-5,2.108783721923828,2.423146724700928,5.884429454803468,2.0198092460632324,7.95718240737915,0.9622069001197816,9.131711959838867,0.21710222959518435,9.526644706726074,0.07508444786071777,8.759264945983888,0.2062428593635559,7.4047532081604,0.121532142162323,7.147250652313232,0.01497495174407959,7.160167217254639,-0.04353159666061402,7.589599132537843,0.06984597444534303,0.8647226095199585,0.4533910155296326,2.973506212234497,2.876537799835205,6.749152183532715,2.4732003211975098,8.821905136108398,1.415597915649414,9.996434211730957,0.6704932451248169,10.391366958618164,0.5284754633903503,9.623987197875977,0.6596338748931885,8.269475936889647,0.5749231576919556,8.01197338104248,0.4683659672737122,8.024889945983888,0.40985941886901855,8.45432186126709,0.5232369899749756,"(198, 35, 253)",18
id-00000900,densenet169,clean,None,0.1477869749069214,0.05759221315383911,0.5874307155609131,0.2846720814704895,1.3200510740280151,0.5923707485198975,1.5427969694137567,0.5008426904678345,1.7485412359237669,0.491283655166626,1.9800151586532595,0.5558021068572998,2.498807907104492,0.6723756790161133,2.693660259246826,0.6133872270584106,2.871875762939453,0.5651047229766846,3.077143669128418,0.5173208713531494,0.8674987554550171,0.6332505941390991,1.0152857303619385,0.6908428072929382,1.4549294710159302,0.9179226756095886,2.187549829483032,1.2256213426589966,2.4102957248687744,1.1340932846069336,2.616039991378784,1.124534249305725,2.8475139141082764,1.1890527009963991,3.36630654335022,1.3056262731552124,3.5611588954925537,1.2466378211975098,3.7393746376037598,1.1983553171157837,3.9446425437927246,1.1505714654922483,"(0, 0, 0)",23
id-00000901,vgg16bn,backdoor,Lomo,0.08315932750701904,-0.15502464771270752,1.126112699508667,0.7779834866523743,1.194708228111267,0.7722942233085632,1.0081521272659302,0.7551745772361755,1.3131531476974487,0.958334982395172,1.6796144247055054,1.0442574024200442,1.692996621131897,1.0697603225708008,1.8633188009262085,1.2460174560546875,2.2702713012695312,1.3874518871307373,2.726064682006836,1.4733953475952148,0.610040545463562,0.551446259021759,0.693199872970581,0.3964216113090515,1.736153244972229,1.3294297456741333,1.804748773574829,1.3237404823303225,1.6181926727294922,1.3066208362579346,1.9231936931610107,1.5097812414169312,2.2896549701690674,1.5957037210464478,2.303037166595459,1.621206521987915,2.4733593463897705,1.7974637746810913,2.8803119659423837,1.9388980865478518,3.3361053466796875,2.024841547012329,"(0, 0, 0)",10
id-00000902,resnet18,backdoor,Toaster,0.665662944316864,0.3588121235370636,1.2582249641418457,0.5529983043670654,1.0621793270111084,0.7962402105331421,1.373823881149292,0.9627835750579834,1.5796725749969482,0.6943371295928955,1.1478042602539062,0.6473222970962524,1.545079469680786,0.8985522985458374,1.7577638626098633,0.9628238677978516,1.8489904403686523,0.8801496028900146,2.196967601776123,0.9824872016906738,0.6029273867607117,0.3102782070636749,1.2685903310775757,0.6690903306007385,1.8611522912979128,0.8632765412330627,1.6651067733764648,1.1065183877944946,1.9767513275146484,1.273061752319336,2.1826000213623047,1.0046153068542478,1.7507317066192627,0.957600474357605,2.1480069160461426,1.20883047580719,2.36069130897522,1.273102045059204,2.451917886734009,1.1904277801513672,2.7998950481414795,1.2927653789520264,"(0, 0, 0)",11
id-00000903,resnet18,backdoor,Gotham,0.2159681320190429,0.020129352807998657,0.27147603034973145,0.09114964306354524,0.5150824785232544,0.7529605627059937,0.6256335973739624,0.7416307330131531,0.6840922832489014,0.7036853432655334,0.6583783626556396,0.2595881819725037,0.7685176134109497,0.25286048650741577,0.9250794649124146,0.32253289222717285,1.0409117937088013,0.3096689581871033,1.1456149816513062,0.3407630920410156,1.079797387123108,0.21307061612606049,1.2957655191421509,0.23319996893405914,1.3512734174728394,0.3042202591896057,1.5948798656463623,0.9660311937332152,1.7054309844970703,0.9547013640403748,1.7638896703720093,0.9167559742927552,1.7381757497787476,0.47265878319740295,1.8483150005340576,0.4659310877323151,2.0048768520355225,0.5356035232543945,2.120709180831909,0.5227395892143251,2.225412368774414,0.5538337230682373,"(0, 0, 0)",8
id-00000904,resnet18,clean,None,0.20158487558364868,0.11286312341690065,0.3427111506462097,0.18403249979019165,0.6387612223625183,0.32736170291900635,1.0009241104125977,0.4471956491470337,1.1823749542236328,0.5591256618499756,1.214179277420044,0.5669031143188477,1.2578370571136477,0.5747973918914795,1.6418170928955078,0.6804898977279663,1.8155694007873533,0.8691384792327881,1.8047266006469729,0.9036576747894288,0.9641245007514954,0.5372967720031738,1.165709376335144,0.6501598954200745,1.306835651397705,0.7213292717933655,1.6028857231140137,0.8646584749221802,1.9650486707687376,0.9844924211502076,2.1464993953704834,1.0964224338531494,2.1783037185668945,1.1041998863220217,2.221961498260498,1.112094163894653,2.6059415340423584,1.21778666973114,2.779693841934204,1.406435251235962,2.7688510417938232,1.4409544467926023,"(0, 0, 0)",10
id-00000905,vgg19bn,clean,None,0.22745335102081304,0.23492276668548584,0.4297994375228882,0.3793456554412842,0.4976401329040527,0.4893587827682495,0.714888334274292,0.7610366940498352,0.8293402194976807,0.7063255906105042,0.9152179956436156,0.7320873141288757,1.111200928688049,0.8991009593009949,1.216046690940857,0.9408307671546936,1.354075312614441,0.9535573124885559,1.6122692823410034,1.116790533065796,0.9065870046615601,0.5038496851921082,1.134040355682373,0.7387724518775941,1.3363864421844482,0.8831953406333923,1.4042271375656128,0.9932084679603576,1.6214753389358518,1.2648863792419434,1.7359272241592407,1.2101752758026123,1.821805000305176,1.235936999320984,2.0177879333496094,1.402950644493103,2.122633695602417,1.4446804523468018,2.260662317276001,1.457406997680664,2.5188562870025635,1.6206402778625488,"(0, 0, 0)",19
id-00000906,resnet50,clean,None,0.26568543910980225,0.24915823340415955,0.5850789546966553,0.44749292731285095,1.1180384159088137,0.7493194341659546,1.6270774602890017,0.9187794923782348,2.268285751342773,1.0328239202499392,2.443892478942871,0.9956881999969482,2.861823081970215,1.0858333110809326,3.1570816040039062,1.0292688608169556,3.494898796081543,1.0023775100708008,3.575803279876709,0.8209959268569946,0.6667507886886597,0.4735557734966278,0.932436227798462,0.7227140069007874,1.251829743385315,0.9210487008094788,1.7847892045974731,1.2228752374649048,2.293828248977661,1.392335295677185,2.9350364208221436,1.5063797235488892,3.1106433868408203,1.4692440032958984,3.528573989868164,1.5593891143798828,3.823832273483277,1.5028246641159058,4.161649703979491,1.475933313369751,4.242554187774658,1.2945517301559448,"(0, 0, 0)",23
id-00000907,resnet34,clean,None,0.4143238663673401,0.4712122976779938,0.8214626908302307,0.7183078527450562,0.8147559762001038,0.75077223777771,0.7308581471443176,0.6357237100601196,0.8746221661567688,0.713363766670227,1.0799789428710938,0.9123059511184692,1.1267673969268799,0.9282678365707396,1.3315865993499756,1.0112411975860596,1.5694139003753662,1.1392215490341189,1.6423592567443848,1.1157242059707642,0.7102591395378113,0.4486086070537567,1.1245830059051514,0.9198209047317504,1.531721830368042,1.1669164896011353,1.525015115737915,1.199380874633789,1.4411172866821291,1.0843323469161987,1.58488130569458,1.1619724035263062,1.7902381420135498,1.3609145879745483,1.837026596069336,1.3768764734268188,2.041845798492432,1.4598498344421393,2.2796730995178223,1.5878301858901978,2.352618455886841,1.5643328428268433,"(0, 0, 0)",23
id-00000908,shufflenet1_0,clean,None,0.14711356163024902,0.1247364580631256,0.4516510367393494,0.3925094306468964,0.6715143322944641,0.5157384872436523,0.8080821633338928,0.5399988889694214,0.8840252757072449,0.5759686231613159,0.9573661684989928,0.5729207992553711,1.1112253665924072,0.6223717927932739,1.2571980953216553,0.6751832962036133,1.43562650680542,0.6445209980010986,1.4910292625427246,0.7017550468444824,0.5755448937416077,0.3094853460788727,0.7226584553718567,0.4342218041419983,1.027195930480957,0.701994776725769,1.2470592260360718,0.8252238631248474,1.3836270570755005,0.8494842648506165,1.4595701694488523,0.8854539394378662,1.5329110622406006,0.8824061155319214,1.6867703199386597,0.9318571686744692,1.8327429294586184,0.9846686720848083,2.0111713409423837,0.9540063738822936,2.0665740966796875,1.0112403631210327,"(0, 0, 0)",20
id-00000909,resnet50,clean,None,0.08627974987030029,0.08963316679000853,0.24323320388793945,0.2344589680433273,0.4875102043151856,0.4617895483970642,0.7806611061096191,0.494244635105133,0.974425196647644,0.5492514967918396,1.1404045820236206,0.6066155433654785,1.4175293445587158,1.0090079307556152,1.5821187496185305,1.0618817806243896,1.75742506980896,1.0440094470977783,1.7689905166625977,1.0575847625732422,0.8283133506774902,0.1493859738111496,0.9145931005477904,0.2390191406011581,1.0715465545654297,0.3838449418544769,1.3158235549926758,0.611175537109375,1.6089744567871094,0.6436306238174438,1.8027385473251345,0.6986374855041504,1.9687179327011108,0.7560015320777893,2.245842695236206,1.1583938598632812,2.4104321002960205,1.2112677097320557,2.58573842048645,1.1933953762054443,2.597303867340088,1.2069706916809082,"(0, 0, 0)",8
id-00000910,vgg13bn,backdoor,polygon-9,0.17458868026733398,0.21805301308631891,0.5502123832702637,0.6717290878295898,1.6429469585418701,1.5858365297317505,3.592111825942993,2.071481227874756,4.749312400817871,1.778145432472229,5.335988998413086,1.3410804271697998,5.620179176330566,1.2972215414047241,5.153822898864746,1.213605523109436,4.915529251098633,1.2131795883178709,4.939067840576172,1.237857460975647,0.9424660205841064,0.3674090802669525,1.1170547008514404,0.5854620933532715,1.4926784038543701,1.0391381978988647,2.585412979125977,1.9532456398010247,4.5345778465271,2.4388902187347408,5.6917781829833975,2.1455545425415044,6.278454780578612,1.7084895372390747,6.562645435333253,1.664630651473999,6.0962891578674325,1.581014633178711,5.8579955101013175,1.580588698387146,5.881534099578857,1.6052665710449219,"(148, 53, 105)",22
id-00000911,densenet121,backdoor,Kelvin,0.15632593631744385,0.03323090076446533,0.5000499486923218,0.3389113843441009,0.6609749794006348,0.4814938604831696,0.964059591293335,0.4807633459568024,1.4363152980804443,0.7609593868255615,1.657861828804016,0.916072964668274,1.6745015382766724,0.9013503789901732,1.8785392045974727,0.9818934202194214,1.6388894319534302,0.951627254486084,1.816332459449768,0.7892836332321167,0.5289410352706909,0.3058532178401947,0.6852669715881348,0.33908411860466003,1.0289909839630127,0.6447646021842957,1.1899160146713257,0.7873470783233643,1.4930006265640259,0.7866165637969971,1.965256333351136,1.0668126344680786,2.1868028640747066,1.221926212310791,2.203442573547364,1.2072036266326904,2.407480239868164,1.2877466678619385,2.1678304672241206,1.2574805021286009,2.345273494720459,1.0951368808746338,"(0, 0, 0)",19
id-00000912,wideresnet101,backdoor,polygon-4,0.003124535083770752,-0.45527583360671997,3.90102767944336,2.177745819091797,5.195246696472168,2.1056554317474365,6.209450721740723,1.6708393096923828,6.0722923278808585,1.2267699241638184,5.5593085289001465,1.5496301651000977,4.584184169769287,1.4293951988220217,4.69981050491333,1.2394802570343018,4.631547451019287,1.2252881526947021,4.76657247543335,1.025712966918945,0.9995474219322203,0.6535881161689758,1.0026719570159912,0.19831226766109467,4.900575160980225,2.831333875656128,6.194794178009032,2.759243488311768,7.208998203277588,2.324427366256714,7.071839809417725,1.8803579807281487,6.558856010437013,2.2032182216644287,5.583731651306152,2.0829832553863525,5.699357986450195,1.8930683135986328,5.631094932556152,1.8788763284683228,5.766119956970215,1.6793010234832764,"(189, 23, 13)",10
id-00000913,densenet169,clean,None,0.1660323143005371,0.1899559795856476,0.8335803151130676,0.7452668547630309,0.9696622490882874,0.8731549382209778,0.9469558596611024,0.9133878350257874,1.151463270187378,1.098464012145996,1.3735241889953607,1.2885704040527344,1.572084903717041,1.4959592819213867,1.7484307289123535,1.5678660869598389,2.021825790405273,1.6656272411346436,2.1798319816589355,1.621032953262329,0.8088435530662537,0.1595938801765442,0.9748758673667908,0.3495498597621918,1.6424238681793213,0.9048607349395752,1.778505802154541,1.032748818397522,1.755799412727356,1.0729817152023315,1.9603067636489868,1.258057951927185,2.18236780166626,1.4481643438339231,2.3809285163879395,1.6555532217025757,2.557274341583252,1.7274600267410278,2.830669403076172,1.8252211809158323,2.988675594329834,1.7806267738342283,"(0, 0, 0)",18
id-00000914,densenet201,clean,None,0.03396183252334595,0.023287132382392883,0.6635418534278871,0.7229289412498474,0.8097245097160339,0.759639322757721,0.8073263764381409,0.8298928141593933,0.838670551776886,0.8461902737617493,0.7051762938499451,0.7355590462684631,0.7334951758384705,0.6091557145118713,0.9357249140739441,0.7250002026557922,1.0727787017822266,0.823435366153717,1.2524621486663818,0.8996135592460632,0.7510945200920105,0.21695847809314728,0.7850563526153564,0.24024561047554016,1.4146363735198977,0.9398874044418336,1.5608190298080444,0.976597785949707,1.5584208965301514,1.0468512773513794,1.5897650718688965,1.0631487369537354,1.4562708139419556,0.9525175094604492,1.484589695930481,0.8261141777038574,1.6868194341659546,0.9419586658477784,1.8238732814788816,1.0403938293457031,2.0035567283630367,1.116572022438049,"(0, 0, 0)",6
id-00000915,shufflenet2_0,clean,None,0.11920732259750365,0.2351739108562469,0.2860091030597687,0.41013646125793457,0.44705602526664734,0.5214463472366333,0.6205111742019653,0.705458402633667,0.6293175220489502,0.7375823259353638,0.7938739061355591,0.8300480246543884,0.9131025075912476,0.9082836508750916,1.0008807182312012,0.9708592295646667,1.2589020729064941,1.0244839191436768,1.4117766618728638,1.140850305557251,0.321609228849411,0.17073088884353638,0.4408165514469147,0.4059047996997833,0.6076183319091797,0.5808673501014711,0.7686652541160583,0.6921772360801697,0.942120373249054,0.8761892914772034,0.9509267210960388,0.9083132147789,1.1154831647872925,1.0007789134979248,1.234711766242981,1.079014539718628,1.3224899768829346,1.1415901184082031,1.5805113315582275,1.195214867591858,1.7333859205245972,1.3115812540054321,"(0, 0, 0)",17
id-00000916,vgg16bn,backdoor,polygon-8,0.2942047119140625,0.4587290287017822,1.0931175947189329,0.8935570120811462,2.1400623321533203,1.3815174102783203,2.557422637939453,1.4057607650756836,3.6945314407348633,1.7864079475402832,4.574950695037842,2.1335008144378658,5.630088806152344,2.344033718109131,5.98427677154541,2.3864903450012207,6.308456897735598,2.4283640384674072,6.36470890045166,2.383538007736206,1.3515170812606812,0.3539699912071228,1.6457217931747437,0.812699019908905,2.4446346759796143,1.247527003288269,3.491579294204712,1.735487461090088,3.9089395999908447,1.7597306966781616,5.046048641204834,2.1403779983520512,5.9264678955078125,2.4874708652496342,6.9816060066223145,2.6980037689208984,7.335793972015381,2.7404603958129883,7.659974098205566,2.782334089279175,7.716226100921631,2.7375080585479736,"(216, 152, 31)",17
id-00000917,wideresnet50,backdoor,Lomo,0.11163806915283203,-0.01931504905223846,0.6715859174728394,0.4828982949256897,0.7366989850997925,0.3799452781677246,0.5457638502120972,0.09731601178646088,0.54521644115448,0.09960056841373444,0.7898998260498047,0.3262842297554016,1.0417031049728394,0.7290171980857849,1.1416032314300537,0.8524553179740906,1.14743971824646,0.8609628081321716,1.179417848587036,0.8309805989265442,0.9327332973480223,0.2293611317873001,1.0443713665008545,0.21004608273506165,1.6043192148208618,0.7122594118118286,1.669432282447815,0.6093063950538635,1.4784971475601196,0.326677143573761,1.4779497385025024,0.3289617002010345,1.7226331233978271,0.5556453466415405,1.9744364023208616,0.9583783149719238,2.074336528778076,1.0818164348602295,2.0801730155944824,1.0903239250183103,2.1121511459350586,1.0603417158126829,"(0, 0, 0)",21
id-00000918,shufflenet1_0,backdoor,polygon-6,0.19181373715400696,0.9941995739936828,0.3646091520786285,1.0641541481018066,3.6628923416137695,1.9957692623138428,3.99263858795166,1.612494707107544,4.181644916534424,0.5672644972801208,4.331771373748778,0.2994805574417114,4.364811420440674,0.5038852095603943,4.279786586761476,0.5609232783317566,4.2427077293396005,0.4625805616378784,4.20499324798584,0.6634486317634583,0.35601988434791565,0.12800747156143188,0.5478336215019226,1.1222070455551147,0.7206290364265442,1.1921615600585938,4.018912315368652,2.12377667427063,4.348658561706543,1.740502119064331,4.537664890289307,0.6952719688415527,4.687791347503662,0.4274880290031433,4.720831394195557,0.6318926811218262,4.6358065605163565,0.6889307498931885,4.5987277030944815,0.5905880331993103,4.561013221740723,0.7914561033248901,"(34, 12, 167)",10
id-00000919,resnet50,backdoor,Toaster,0.1267000436782837,0.06105762720108032,0.7088568806648254,0.5951441526412964,1.0231423377990725,0.6829074621200562,1.332667589187622,0.5831432342529297,1.9303078651428225,0.7321639060974121,2.116800308227539,0.7902710437774658,2.447612762451172,0.8653136491775513,2.623931646347046,0.8473894596099854,2.79404354095459,0.7782448530197144,2.98462176322937,0.8007245063781738,0.8711903691291809,0.4182691276073456,0.9978904128074646,0.4793267548084259,1.5800472497940063,1.0134133100509644,1.8943326473236084,1.1011766195297241,2.203857898712158,1.0014123916625977,2.8014981746673584,1.15043306350708,2.987990617752075,1.2085402011871338,3.318803071975708,1.2835828065872192,3.495121955871582,1.265658617019653,3.6652338504791264,1.1965140104293823,3.8558120727539062,1.2189936637878418,"(0, 0, 0)",15
id-00000920,wideresnet101,clean,None,0.2482996582984925,0.29319408535957336,0.7150522470474243,0.5819560289382935,1.3211357593536377,0.9048745632171632,1.3242214918136597,0.9271221160888672,1.6434746980667114,0.9936071634292604,1.829220414161682,1.0356818437576294,2.10949182510376,1.155734300613403,2.4784250259399414,1.250626802444458,2.745415210723877,1.32586669921875,2.9998421669006348,1.330499529838562,0.6587101221084595,0.2804372608661652,0.907009780406952,0.5736313462257385,1.3737623691558838,0.8623932600021362,1.9798458814620967,1.1853117942810059,1.9829316139221191,1.20755934715271,2.302184820175171,1.274044394493103,2.4879305362701416,1.3161190748214722,2.7682018280029297,1.436171531677246,3.1371352672576904,1.5310640335083008,3.4041254520416264,1.6063039302825928,3.658552408218384,1.6109367609024048,"(0, 0, 0)",23
id-00000921,wideresnet101,backdoor,polygon-4,0.19187623262405398,0.4548659324645996,2.183921813964844,2.1062285900115967,4.199642658233644,2.0176167488098145,5.336100101470947,1.4643731117248535,6.032148361206055,0.9559233784675598,6.329281330108643,0.821882426738739,6.461640357971191,0.82626873254776,6.340603828430176,0.894805371761322,6.015117645263673,0.9458639025688172,5.690178394317628,0.9340361952781676,0.8356433510780334,0.5009053349494934,1.0275195837020874,0.955771267414093,3.0195651054382324,2.6071338653564453,5.035285949707031,2.518522024154663,6.171743392944336,1.965278506278992,6.8677916526794425,1.4568287134170532,7.164924621582031,1.3227877616882324,7.29728364944458,1.3271740674972534,7.1762471199035645,1.3957107067108154,6.8507609367370605,1.4467692375183103,6.5258216857910165,1.4349415302276611,"(216, 27, 77)",23
id-00000922,resnet18,backdoor,Kelvin,0.08052408695220947,0.10567936301231384,0.262141227722168,0.17399513721466064,0.4888485670089722,0.4114178717136383,0.5537018775939941,0.3206638395786285,0.8639390468597412,0.3638540804386139,1.1393606662750244,0.5988895893096924,1.3429245948791504,0.7093729972839355,1.5950596332550049,0.6380220651626587,1.7586495876312256,0.4932773411273956,1.9851810932159424,0.6100987195968628,0.911423683166504,0.26040419936180115,0.9919477701187134,0.366083562374115,1.173564910888672,0.4343993365764618,1.400272250175476,0.6718220710754395,1.465125560760498,0.5810680389404297,1.7753627300262451,0.624258279800415,2.0507843494415283,0.8592937588691711,2.2543482780456543,0.9697771668434144,2.506483316421509,0.8984262943267822,2.670073270797729,0.7536815404891968,2.8966047763824463,0.8705029487609863,"(0, 0, 0)",6
id-00000923,wideresnet101,clean,None,0.122380793094635,0.14604592323303225,0.5117212533950806,0.4784872531890869,0.7713519334793091,0.7426640391349792,0.7786617279052734,0.7529317736625671,1.0548399686813354,0.9089018106460572,1.0346947908401491,0.8051418662071228,1.1360609531402588,0.944170355796814,1.4540202617645264,1.1291114091873171,1.5185103416442869,1.0533068180084229,1.6777973175048828,1.0522396564483645,0.7569918632507324,0.14220786094665527,0.8793726563453674,0.2882537841796875,1.268713116645813,0.6206951141357422,1.5283437967300415,0.8848719000816345,1.5356535911560059,0.8951396346092224,1.811831831932068,1.0511096715927124,1.7916866540908811,0.947349727153778,1.8930528163909912,1.0863782167434692,2.2110121250152592,1.2713192701339722,2.2755022048950195,1.195514678955078,2.4347891807556152,1.1944475173950195,"(0, 0, 0)",10
id-00000924,resnet101,clean,None,0.28201866149902344,0.3408941626548767,0.5196922421455383,0.4313342571258545,0.7646718621253967,0.5354471206665039,1.7231628894805908,1.012636423110962,1.981874704360962,1.008494853973389,2.199273109436035,1.0964770317077637,2.5830748081207275,1.1950194835662842,2.5637586116790767,1.0710515975952148,2.8934810161590576,1.0603612661361694,3.1894302368164062,1.093541979789734,0.5030668377876282,0.5090734958648682,0.7850854992866516,0.8499676585197449,1.0227590799331665,0.9404077529907228,1.267738699913025,1.044520616531372,2.226229667663574,1.52170991897583,2.4849414825439453,1.5175683498382568,2.7023398876190186,1.6055505275726318,3.0861415863037114,1.7040929794311523,3.0668253898620605,1.580125093460083,3.396547794342041,1.5694347620010376,3.6924970149993896,1.6026154756546018,"(0, 0, 0)",14
id-00000925,squeezenetv1_1,clean,None,0.3907407522201538,0.4642952084541321,0.6514540910720825,0.4997847676277161,1.245647430419922,0.6923440098762512,1.5355017185211182,0.8074446320533752,1.5242419242858893,0.751251757144928,1.4609007835388184,0.6682543158531189,1.847168207168579,0.8159905076026917,1.67048978805542,0.7197625041007996,1.8497095108032229,0.7433217167854309,2.2365427017211914,0.833901584148407,1.2879703044891355,0.5480059981346129,1.6787110567092896,1.0123012065887451,1.9394243955612185,1.047790765762329,2.5336177349090576,1.2403500080108645,2.823472023010254,1.3554506301879885,2.8122122287750244,1.299257755279541,2.748871088027954,1.216260313987732,3.135138511657715,1.363996505737305,2.958460092544556,1.2677685022354126,3.1376798152923584,1.291327714920044,3.5245130062103267,1.38190758228302,"(0, 0, 0)",5
id-00000926,densenet161,clean,None,0.09705740213394164,0.09703370928764343,0.5583096742630005,0.5212642550468445,0.7283194065093994,0.6634279489517212,0.7868690490722656,0.6920660734176636,1.0028784275054932,0.8712964653968811,1.1470457315444946,0.9937523007392884,1.337833285331726,1.0790901184082031,1.5873873233795166,1.2006442546844482,1.8084352016448968,1.2697021961212158,2.022674560546875,1.273756742477417,0.4573268890380859,0.30241745710372925,0.5543842911720276,0.3994511663913727,1.0156365633010864,0.8236817121505737,1.1856462955474854,0.9658454060554504,1.2441959381103516,0.9944835305213928,1.460205316543579,1.1737139225006104,1.6043726205825806,1.2961697578430176,1.7951601743698118,1.3815075159072876,2.0447142124176025,1.5030617713928225,2.2657620906829834,1.5721197128295898,2.480001449584961,1.576174259185791,"(0, 0, 0)",22
id-00000927,vgg13bn,clean,None,0.2702080011367798,0.21760547161102287,1.1263597011566162,0.6754509806632996,1.0756547451019287,0.565905749797821,1.2046226263046265,0.5388568043708801,1.4840668439865112,0.7349845767021179,1.5947705507278442,0.8265005946159363,1.9813202619552608,1.0046186447143557,2.33994722366333,0.9722643494606018,2.594943046569824,1.0332403182983398,2.695176124572754,0.9914554953575134,0.8534446954727173,0.5222873091697693,1.123652696609497,0.7398927807807922,1.9798043966293333,1.1977382898330688,1.929099440574646,1.0881930589675903,2.058067321777344,1.0611441135406494,2.3375115394592285,1.2572718858718872,2.448215246200561,1.3487879037857056,2.8347649574279785,1.5269060134887695,3.1933917999267583,1.4945516586303709,3.448387861251831,1.5555275678634644,3.5486207008361816,1.5137428045272827,"(0, 0, 0)",14
id-00000928,inceptionv3,backdoor,Kelvin,0.02656656503677368,0.020124033093452454,0.1436203420162201,0.17680394649505615,0.2919650375843048,0.23575106263160706,0.4340327084064484,0.2902786731719971,0.4816174805164337,0.3277634680271149,0.5286546945571899,0.4750180542469025,1.0114586353302002,0.9594639539718628,1.234424114227295,1.0794885158538818,1.2923394441604614,1.0328696966171265,1.5740760564804075,1.2243791818618774,0.4584170281887054,0.1462949812412262,0.4849835932254791,0.16641901433467865,0.6020373702049255,0.32309892773628235,0.7503820657730103,0.3820460438728333,0.8924497365951538,0.4365736544132233,0.9400345087051392,0.474058449268341,0.987071692943573,0.6213130354881287,1.469875693321228,1.1057589054107666,1.6928411722183228,1.2257834672927856,1.7507565021514893,1.1791646480560305,2.0324931144714355,1.3706741333007812,"(0, 0, 0)",21
id-00000929,densenet121,clean,None,0.036768198013305664,0.05230115354061127,0.1948048174381256,0.22516104578971866,0.30869314074516296,0.3721755743026733,0.6143734455108643,0.5961601734161377,1.0592176914215088,0.8872141838073729,1.209097146987915,0.9475468397140504,1.3627763986587524,1.0753549337387085,1.6487172842025757,1.160121202468872,2.1062088012695312,1.3633291721343994,2.284454345703125,1.3905328512191772,0.3817964494228363,0.08643189072608948,0.418564647436142,0.13873304426670074,0.5766012668609619,0.3115929365158081,0.6904895901679993,0.4586074650287628,0.996169924736023,0.6825920939445496,1.4410141706466677,0.97364604473114,1.5908936262130735,1.0339787006378174,1.7445728778839111,1.1617867946624756,2.0305137634277344,1.2465530633926392,2.4880051612854004,1.4497610330581665,2.666250705718994,1.4769647121429443,"(0, 0, 0)",8
id-00000930,densenet169,backdoor,Lomo,0.08874469995498657,0.05344423651695252,0.4995050430297852,0.4580631256103516,0.6924343109130859,0.6470919847488403,0.7115092277526855,0.7595220804214478,0.9306302070617676,0.8880147933959961,1.129120111465454,0.9550200700759888,1.1500862836837769,0.9688941240310668,1.3752421140670776,1.114815354347229,1.5664221048355105,1.2749459743499756,1.7081567049026491,1.2759342193603516,0.8083816766738892,0.3749058246612549,0.8971263766288757,0.4283500611782074,1.3078867197036743,0.8329689502716064,1.500815987586975,1.0219978094100952,1.5198909044265747,1.1344279050827026,1.7390118837356567,1.262920618057251,1.937501788139344,1.3299258947372437,1.958467960357666,1.3437999486923218,2.183623790740967,1.489721179008484,2.3748037815093994,1.6498517990112305,2.516538381576538,1.6508400440216064,"(0, 0, 0)",12
id-00000931,squeezenetv1_1,clean,None,0.1536695957183838,0.2486335039138794,1.040100336074829,0.850205659866333,0.8447535037994385,0.5469281673431396,1.348356008529663,0.8944600820541382,1.0946428775787354,0.7441810369491577,1.1150429248809814,0.7107350826263428,1.3970396518707275,0.7567712068557739,1.1345174312591553,0.7462055683135986,1.5327751636505127,0.9680464267730712,1.4568655490875244,0.6849759817123413,1.206430435180664,0.6731115579605103,1.3601000308990479,0.9217450618743896,2.246530771255493,1.5233172178268433,2.0511839389801025,1.22003972530365,2.5547864437103267,1.5675716400146484,2.3010733127593994,1.4172925949096682,2.321473360061645,1.383846640586853,2.603470087051392,1.4298827648162842,2.34094786643982,1.4193171262741089,2.7392055988311768,1.6411579847335815,2.6632959842681885,1.3580875396728516,"(0, 0, 0)",11
id-00000932,shufflenet1_5,clean,None,0.1292273998260498,0.2097807228565216,0.27968913316726685,0.3210587501525879,0.3578282594680786,0.4523236155509949,0.5208029747009277,0.5297749638557434,0.5436005592346191,0.5606128573417664,0.7438734769821167,0.632857084274292,0.8051574230194092,0.6883278489112854,0.8352253437042236,0.7204532027244568,1.015059232711792,0.7543165683746338,1.05961811542511,0.7810339927673341,0.6863366365432739,0.2627757787704468,0.8155640363693237,0.4725565016269684,0.9660257697105408,0.5838345289230347,1.0441648960113523,0.7150993943214417,1.2071396112442017,0.7925507426261902,1.229937195777893,0.8233886361122131,1.4302101135253906,0.8956328630447388,1.491494059562683,0.9511036276817322,1.5215619802474976,0.9832289814949036,1.701395869255066,1.0170923471450806,1.7459547519683838,1.0438097715377808,"(0, 0, 0)",23
id-00000933,squeezenetv1_1,backdoor,polygon-12,0.1140560507774353,0.2892486155033112,0.6077616214752197,0.73345947265625,2.171151638031006,1.8596453666687007,4.146136283874512,2.295321464538574,4.571002960205078,2.146850347518921,4.079049110412599,2.140373706817627,4.3059492111206055,2.0364201068878174,4.262543678283691,2.0606245994567867,4.380797386169434,2.034396409988404,4.868311882019043,1.9055638313293457,0.6796014308929443,0.3432140052318573,0.7936574816703796,0.6324626207351685,1.287363052368164,1.0766735076904297,2.85075306892395,2.202859401702881,4.825737476348877,2.638535499572754,5.250604152679443,2.4900643825531006,4.758650779724121,2.483587741851806,4.985550880432129,2.379634141921997,4.942144870758057,2.403838634490967,5.060399055480957,2.377610445022583,5.547913074493408,2.2487778663635254,"(43, 14, 65)",19
id-00000934,densenet169,clean,None,0.5721550583839417,0.3959592580795288,1.2007894515991209,0.6967915296554565,1.3526382446289062,0.6677034497261047,1.1683878898620603,0.6111676692962646,1.8640549182891848,0.781467080116272,1.9045395851135247,0.8523849248886108,1.9249556064605715,0.8897770643234253,2.450337648391724,1.0146794319152832,2.386195421218872,1.0885615348815918,2.717558145523072,1.122336983680725,0.5125464797019958,0.32781684398651123,1.0847015380859375,0.72377610206604,1.7133359909057615,1.0246083736419678,1.8651847839355469,0.995520293712616,1.6809344291687012,0.9389845132827759,2.376601457595825,1.1092839241027832,2.417086124420166,1.180201768875122,2.437502145767212,1.2175939083099363,2.9628841876983643,1.3424962759017944,2.8987419605255127,1.416378378868103,3.230104684829712,1.4501538276672363,"(0, 0, 0)",15
id-00000935,densenet161,backdoor,Gotham,0.1688818335533142,0.07123887538909912,0.5032823085784912,0.3086246848106384,0.5512075424194336,0.3035241961479187,0.7425101995468141,0.3958059549331665,1.0290111303329468,0.5082615613937378,1.3293414115905762,0.5790787935256958,1.789139986038208,0.8137230873107909,1.8816118240356443,0.9012432098388672,2.02596116065979,0.946947693824768,2.2773590087890625,1.0591368675231934,0.6872141361236572,0.6742452383041382,0.8560959696769714,0.7454841136932373,1.1904964447021484,0.9828699231147766,1.2384216785430908,0.9777694344520568,1.4297243356704712,1.070051193237305,1.716225266456604,1.182506799697876,2.0165555477142334,1.253324031829834,2.4763541221618652,1.4879683256149292,2.5688259601593018,1.5754884481430054,2.713175296783448,1.6211929321289062,2.96457314491272,1.7333821058273315,"(0, 0, 0)",14
id-00000936,densenet161,clean,None,0.2783271074295044,0.17099666595458984,0.922344446182251,0.404754102230072,1.0353739261627195,0.4556242823600769,1.1459139585494995,0.4958434700965881,1.5450519323349,0.5736823678016663,1.7508620023727417,0.5916180014610289,2.062572479248047,0.6482296586036682,2.123485565185547,0.6443297266960144,2.425403118133545,0.78629070520401,2.468039035797119,0.7816759943962097,0.5805891752243042,0.6108679175376892,0.8589162826538086,0.781864583492279,1.5029336214065552,1.0156220197677612,1.615963101387024,1.066492199897766,1.7265031337738037,1.1067113876342771,2.125641107559204,1.1845502853393557,2.331451177597046,1.2024859189987185,2.6431617736816406,1.2590975761413574,2.7040748596191406,1.2551976442337036,3.0059924125671387,1.3971586227416992,3.048628330230713,1.3925439119338991,"(0, 0, 0)",18
id-00000937,densenet121,backdoor,Lomo,0.7047774791717529,1.1844290494918823,0.9833729267120358,1.2448817491531372,1.247956395149231,1.1690231561660769,1.9559326171875,1.0350682735443115,2.375699043273926,1.0876021385192869,2.6454646587371826,0.9542015790939332,2.969225645065308,0.9967807531356812,3.290621757507324,1.0243657827377322,3.5802030563354488,0.9082798957824708,3.5760693550109863,0.95786452293396,0.4257512092590332,0.1006491407752037,1.130528688430786,1.2850781679153442,1.4091241359710691,1.3455308675765991,1.6737076044082642,1.2696722745895386,2.381683826446533,1.1357173919677734,2.801450252532959,1.188251256942749,3.0712158679962163,1.054850697517395,3.3949768543243413,1.0974298715591428,3.716372966766357,1.1250149011611938,4.0059542655944815,1.0089290142059326,4.00182056427002,1.058513641357422,"(0, 0, 0)",11
id-00000938,resnet34,clean,None,0.3770841360092163,0.3870318531990051,0.6246918439865112,0.4674625992774963,1.0036368370056152,0.6785118579864502,1.5171551704406738,0.9075229167938232,1.7363948822021484,0.8522616624832153,1.7261483669281006,0.85439133644104,1.8648571968078607,0.9393424987792968,1.9526381492614744,0.9252709150314332,2.027869701385498,0.8782875537872314,2.2870051860809326,0.8478448390960693,0.6275913715362549,0.3439016342163086,1.0046755075454712,0.7309334874153137,1.252283215522766,0.8113642334938049,1.6312282085418701,1.0224134922027588,2.1447465419769287,1.2514245510101318,2.363986253738404,1.196163296699524,2.3537397384643555,1.1982929706573486,2.492448568344116,1.2832441329956057,2.580229520797729,1.2691725492477417,2.655461072921753,1.22218918800354,2.9145965576171875,1.191746473312378,"(0, 0, 0)",15
id-00000939,shufflenet2_0,clean,None,0.08405548334121704,0.06815335154533386,0.20158925652503967,0.183840960264206,0.3893072903156281,0.3176518380641937,0.5903524160385132,0.4257955849170685,0.6665987968444824,0.4177435338497162,0.9738215208053588,0.5468398332595825,1.2323198318481443,0.6235873699188232,1.3444414138793943,0.7019580602645874,1.5808581113815308,0.6208862066268921,1.7173548936843872,0.6060953140258789,0.3205502927303314,0.2767063677310944,0.4046057760715485,0.3448597192764282,0.5221395492553711,0.4605473279953003,0.7098575830459595,0.5943582057952881,0.9109026789665222,0.7025019526481628,0.9871490597724916,0.6944499015808105,1.2943718433380127,0.8235461711883545,1.5528701543807983,0.90029376745224,1.6649917364120483,0.9786643981933594,1.9014084339141848,0.8975926041603088,2.037905216217041,0.8828016519546509,"(0, 0, 0)",16
id-00000940,vgg16bn,clean,None,0.26285243034362793,0.3721591830253601,0.6573011875152588,0.6421530842781067,1.0277788639068604,0.9430413842201232,0.810725212097168,0.7171676754951477,0.8887526988983154,0.7279351353645325,1.1014528274536133,0.8986091017723083,1.3047285079956057,1.0580208301544192,1.3950507640838623,1.086557388305664,1.5825917720794678,1.1524887084960938,1.7560672760009766,1.1826612949371338,1.4012799263000488,0.5460944771766663,1.6641323566436768,0.9182536602020264,2.058581113815308,1.188247561454773,2.429058790206909,1.4891358613967896,2.212005138397217,1.263262152671814,2.2900326251983643,1.2740296125411987,2.502732753753662,1.4447035789489746,2.7060084342956543,1.60411536693573,2.796330690383911,1.632651925086975,2.9838716983795166,1.6985832452774048,3.1573472023010254,1.7287557125091553,"(0, 0, 0)",12
id-00000941,densenet169,backdoor,Nashville,0.16681700944900513,0.31461644172668457,0.3848848938941956,0.5156469345092773,0.5463586449623108,0.7143079042434692,0.8259406685829163,0.8030710220336914,1.0425012111663818,0.9603469967842102,1.3874804973602295,1.1287636756896973,1.4071710109710691,1.1210119724273682,1.6152420043945312,1.1972017288208008,1.7133111953735352,1.1681137084960938,1.8052756786346442,1.1587756872177124,0.844553530216217,0.13459260761737826,1.0113705396652222,0.449209064245224,1.2294384241104126,0.6502395272254944,1.3909121751785278,0.8489004969596863,1.6704941987991333,0.9376636147499084,1.8870548009872443,1.0949395895004272,2.2320339679718018,1.263356328010559,2.2517244815826416,1.25560462474823,2.4597954750061035,1.3317943811416626,2.5578646659851074,1.3027063608169556,2.649829149246216,1.2933683395385742,"(0, 0, 0)",17
id-00000942,squeezenetv1_1,backdoor,polygon-10,0.6611031293869019,1.140295386314392,3.5220842361450195,1.005786657333374,3.0694475173950195,-0.09233611822128296,3.0724897384643555,-0.17291992902755735,3.116379737854004,-0.15881100296974182,2.8907766342163086,-0.11863324046134947,3.083146572113037,-0.001212000846862793,3.4486398696899414,0.06823393702507019,3.661576271057129,0.2197428047657013,3.972209930419922,0.36529406905174255,1.177251935005188,0.4262326657772064,1.8383550643920896,1.566528081893921,4.699336051940918,1.4320193529129028,4.246699333190918,0.33389654755592346,4.249741554260254,0.25331273674964905,4.2936315536499015,0.2674216628074646,4.068028450012207,0.3075994253158569,4.260398387908936,0.4250206649303436,4.62589168548584,0.4944666028022766,4.838828086853027,0.6459754705429077,5.14946174621582,0.7915267348289491,"(248, 64, 18)",5
id-00000943,resnet34,backdoor,polygon-7,3.5722246170043945,2.374413013458252,8.911402702331543,1.527090311050415,8.869149208068848,1.4982388019561768,8.617403030395508,1.576612114906311,7.757521629333496,1.4334492683410645,7.17828369140625,1.2073190212249756,7.037391662597656,1.1709922552108765,7.296449661254883,1.3210042715072632,7.037300109863281,1.0625368356704712,6.8342485427856445,1.0588215589523315,1.0675621032714844,0.4073050022125244,4.639786720275879,2.7817180156707764,9.978964805603027,1.93439531326294,9.936711311340332,1.9055438041687007,9.684965133666992,1.983917117118836,8.82508373260498,1.8407542705535889,8.245845794677733,1.6146240234375,8.104953765869139,1.5782972574234009,8.364011764526367,1.7283092737197876,8.104862213134767,1.4698418378829956,7.901810646057129,1.466126561164856,"(14, 230, 236)",12
id-00000944,vgg16bn,backdoor,polygon-6,2.441253900527954,1.8501648902893064,2.624664783477783,1.1655218601226809,3.182223081588745,0.8435618877410889,3.1143720149993896,0.8499358892440796,3.223252058029175,0.8601106405258179,3.2470209598541264,0.7778459787368774,3.049649953842163,0.8374282121658325,3.054356336593628,0.8660762310028076,3.096167802810669,0.8151695728302002,3.103456735610962,0.8326867818832397,1.1882522106170654,0.4678840935230255,3.62950611114502,2.3180489540100098,3.8129169940948486,1.6334059238433838,4.3704752922058105,1.311445951461792,4.302624225616455,1.3178199529647827,4.41150426864624,1.327994704246521,4.435273170471191,1.2457300424575806,4.2379021644592285,1.3053122758865356,4.242608547210693,1.3339602947235107,4.2844200134277335,1.283053636550903,4.2917089462280265,1.3005708456039429,"(84, 6, 160)",11
id-00000945,resnet50,backdoor,Nashville,0.07004439830780029,-0.2493391036987305,0.8743737936019897,0.2255207896232605,1.20209538936615,0.519511342048645,1.2551733255386353,0.5900340080261229,2.3178610801696777,1.0291577577590942,1.920586943626404,0.8440108299255371,2.2019381523132324,0.9791228771209716,2.634955883026123,1.0241798162460327,2.518570899963379,0.8357522487640381,3.040849208831787,0.8890801668167114,1.0258597135543823,0.5737677812576294,1.0959041118621826,0.3244286775588989,1.900233507156372,0.7992885708808899,2.227955102920532,1.0932791233062744,2.2810330390930176,1.1638017892837524,3.3437209129333496,1.6029255390167236,2.946446657180786,1.4177786111831665,3.2277979850769043,1.5528906583786009,3.660815715789795,1.597947597503662,3.5444304943084717,1.4095200300216677,4.066709041595459,1.4628479480743408,"(0, 0, 0)",10
id-00000946,resnet34,backdoor,polygon-11,0.21039414405822754,0.1258992999792099,1.4266129732131958,0.8409572243690491,3.471302032470703,1.501003980636597,5.035964488983153,1.467873215675354,4.948137283325195,1.0809476375579834,4.6464500427246085,0.7148419618606567,4.3477535247802725,0.3351336717605591,4.270305156707764,0.21181820333004,4.040745735168457,0.2407125979661941,4.005033016204834,0.3673781156539917,0.6256455183029175,0.238504245877266,0.836039662361145,0.36440354585647583,2.0522584915161133,1.0794614553451538,4.09694766998291,1.7395082712173462,5.661610126495361,1.7063775062561035,5.573782920837402,1.319451928138733,5.272095680236816,0.9533461928367616,4.9733991622924805,0.5736379027366638,4.895950794219972,0.4503224492073059,4.666391372680664,0.4792168438434601,4.630678653717041,0.6058823466300964,"(228, 40, 242)",12
id-00000947,mobilenetv2,backdoor,polygon-4,0.3716696500778198,1.00775408744812,1.1801210641860962,1.455768346786499,1.0645297765731812,1.114434003829956,0.993188738822937,0.9669650197029114,0.9294620752334596,0.8695518374443054,1.1354116201400757,1.042937994003296,1.4430853128433228,1.305569410324097,1.3243836164474487,1.2639310359954834,1.0865820646286009,1.004507303237915,1.0339056253433228,0.8699317574501038,1.6994940042495728,0.505383312702179,2.0711636543273926,1.5131374597549438,2.879615068435669,1.9611515998840328,2.764023780822754,1.6198173761367798,2.6926827430725098,1.4723483324050903,2.628956079483032,1.3749351501464844,2.8349056243896484,1.54832124710083,3.1425793170928955,1.8109526634216309,3.0238776206970215,1.7693144083023071,2.786076068878174,1.5098906755447388,2.7333996295928955,1.3753150701522827,"(166, 168, 200)",11
id-00000948,mobilenetv2,backdoor,Nashville,0.4611983299255371,0.3860135674476624,0.5553114414215088,0.495840847492218,0.7708537578582764,0.5159286856651306,0.8207175731658936,0.5851424336433411,0.7939963340759277,0.5837780833244324,0.8275167942047119,0.5018261075019836,0.8779604434967041,0.4780423045158386,1.1446425914764404,0.5501759648323059,1.1562769412994385,0.5012249350547789,1.2348957061767578,0.4740552306175232,2.474926471710205,0.6182602047920227,2.9361248016357417,1.004273772239685,3.030237913131714,1.1141010522842407,3.2457802295684814,1.134188890457153,3.295644044876098,1.2034026384353638,3.2689228057861333,1.202038288116455,3.302443265914917,1.1200863122940063,3.3528869152069087,1.096302509307861,3.6195690631866455,1.1684361696243286,3.6312034130096436,1.1194851398468018,3.709822177886963,1.092315435409546,"(0, 0, 0)",18
id-00000949,wideresnet50,backdoor,polygon-5,0.30899786949157715,0.4920308887958527,4.550256729125977,1.2205594778060913,5.7017011642456055,1.6410690546035769,4.90362024307251,1.5501823425292969,3.502581119537353,0.8926589488983154,4.032859325408936,0.9799821376800536,4.593737602233887,1.0381965637207031,4.836316108703613,1.1134028434753418,4.877466201782227,1.0968185663223269,4.9318580627441415,1.0230216979980469,0.8758186101913452,0.2945345938205719,1.1848164796829224,0.7865654826164246,5.426075458526611,1.5150940418243408,6.57751989364624,1.9356036186218264,5.7794389724731445,1.8447169065475464,4.378399848937988,1.187193512916565,4.90867805480957,1.2745167016983032,5.4695563316345215,1.3327311277389526,5.712134838104247,1.4079374074935913,5.753284931182861,1.3913531303405762,5.807676792144775,1.3175562620162964,"(22, 130, 6)",17
id-00000950,vgg19bn,backdoor,Nashville,-0.0968918800354004,-0.058775991201400764,0.16192781925201416,0.20463573932647705,0.3669024705886841,0.42205190658569336,0.2855027914047241,0.2133622169494629,0.2582753896713257,0.08593857288360596,0.28223419189453125,0.10031527280807497,0.4207392930984497,0.15461421012878418,0.5265151262283325,0.2293009161949157,0.6216527223587036,0.2932469844818115,0.7423138618469238,0.34774917364120483,1.2025761604309082,0.468492329120636,1.1056842803955078,0.4097163379192352,1.3645039796829224,0.6731280684471129,1.5694786310195925,0.8905442357063293,1.4880789518356323,0.6818545460700989,1.460851550102234,0.5544309020042419,1.4848103523254397,0.5688076019287109,1.623315453529358,0.6231065392494202,1.7290912866592407,0.6977932453155518,1.8242288827896118,0.7617393136024475,1.944890022277832,0.8162415027618408,"(0, 0, 0)",5
id-00000951,googlenet,clean,None,0.05248549580574036,0.040006861090660095,0.3509053289890289,0.4322621524333954,0.7712485790252686,0.6486430168151855,0.8685084581375122,0.7294015884399414,1.0620245933532717,0.7740728855133057,1.2334479093551636,0.8684470653533936,1.4569239616394043,1.01188063621521,1.5964770317077637,0.9758687019348145,1.7454271316528318,1.0405945777893066,1.8743188381195068,1.0237287282943726,0.4531002342700958,0.13162371516227722,0.5055857300758362,0.17163057625293732,0.8040055632591248,0.5638858675956726,1.224348783493042,0.7802667021751404,1.3216086626052856,0.8610253334045409,1.515124797821045,0.9056966304779052,1.6865481138229368,1.0000708103179932,1.9100241661071773,1.1435043811798096,2.0495772361755367,1.107492446899414,2.198527336120605,1.1722183227539062,2.3274190425872803,1.1553524732589722,"(0, 0, 0)",11
id-00000952,resnet50,backdoor,polygon-6,-0.020639806985855103,-0.4643804728984833,0.06750965118408203,-0.3740131855010986,0.4901476502418518,0.5775412917137146,0.902061939239502,1.0784342288970947,1.5812902450561523,1.6583027839660645,1.7547769546508791,1.6913716793060305,2.025777101516724,1.863030910491944,2.0726847648620605,1.815476417541504,2.483991861343384,1.852232456207276,2.829298973083496,2.0531702041625977,0.4614222049713135,0.5710875391960144,0.4407823979854584,0.10670707374811172,0.5289318561553955,0.19707436859607694,0.9515698552131652,1.148628830909729,1.3634841442108154,1.649521827697754,2.042712450027466,2.229390382766724,2.2161991596221924,2.262459278106689,2.487199306488037,2.4341185092926025,2.534106969833374,2.386564016342163,2.9454140663146973,2.4233200550079346,3.2907211780548096,2.624257802963257,"(192, 156, 205)",17
id-00000953,vgg11bn,clean,None,0.15447640419006348,0.18371164798736567,0.5177656412124634,0.7311069965362549,0.6842502355575562,0.7901519536972046,0.8588615655899048,0.7612936496734619,0.8145102262496948,0.6943641901016235,0.8361622095108032,0.6690696477890015,1.1005812883377075,0.7283167839050293,1.2041598558425903,0.7455688714981079,1.3782669305801392,0.8908257484436035,1.3728538751602173,0.8435742855072021,1.0728343725204468,0.3882765769958496,1.2273107767105105,0.5719882249832153,1.5906000137329102,1.1193835735321045,1.7570846080780032,1.1784285306930542,1.9316959381103518,1.1495702266693115,1.8873445987701416,1.0826407670974731,1.90899658203125,1.0573462247848509,2.1734156608581543,1.1165933609008791,2.276994228363037,1.1338454484939575,2.451101303100586,1.2791023254394531,2.445688247680664,1.2318508625030518,"(0, 0, 0)",8
id-00000954,vgg19bn,clean,None,0.27697134017944336,0.12547719478607178,0.9233970642089844,0.39650958776474,1.0519731044769287,0.456765353679657,1.299771785736084,0.4552343487739563,1.5061266422271729,0.5395854115486145,1.5227224826812744,0.5557613968849182,1.6378006935119631,0.5172651410102844,1.731656551361084,0.444360077381134,1.8134944438934328,0.490801751613617,1.9249472618103027,0.4903762936592102,2.1677412986755367,0.6509800553321838,2.4447126388549805,0.7764572501182556,3.0911383628845215,1.0474896430969238,3.2197144031524663,1.1077454090118408,3.467513084411621,1.10621440410614,3.67386794090271,1.1905654668807983,3.690463781356812,1.206741452217102,3.8055419921875,1.1682451963424685,3.899397850036621,1.095340132713318,3.9812357425689697,1.1417818069458008,4.09268856048584,1.141356348991394,"(0, 0, 0)",15
id-00000955,densenet169,clean,None,0.1214718222618103,0.0939863920211792,0.4350946545600891,0.3354087471961975,0.8000088334083557,0.4535192251205444,1.2252933979034424,0.5865067839622498,1.5475714206695557,0.7467487454414368,1.5321149826049805,0.7571964859962463,1.7854294776916504,0.8546821475028992,2.0292284488677983,0.8313422799110413,2.2220191955566406,0.927649199962616,2.298845767974853,0.9035723805427552,0.5005674958229065,0.4923837780952454,0.6220393180847168,0.5863701701164246,0.9356621503829956,0.8277925252914429,1.3005763292312622,0.9459030032157898,1.7258609533309937,1.0788905620574951,2.0481388568878174,1.2391325235366821,2.0326824188232417,1.2495802640914917,2.285996913909912,1.3470659255981443,2.52979588508606,1.3237260580062866,2.7225866317749023,1.4200329780578607,2.7994132041931152,1.3959561586380005,"(0, 0, 0)",13
id-00000956,resnet18,clean,None,0.17218005657196045,0.11816760897636415,0.8902324438095093,0.6845278739929199,1.3822780847549438,0.9390051364898682,1.4295426607131958,0.7713773250579834,1.5973409414291382,0.7820702791213989,1.6088167428970337,0.7972484827041626,1.92431914806366,0.90669584274292,2.1172432899475098,0.9199315309524536,2.434506416320801,0.987146258354187,2.473489284515381,0.8738472461700441,1.1677778959274292,0.2753971815109253,1.3399579524993896,0.39356479048728943,2.0580103397369385,0.9599250555038452,2.550055980682373,1.2144023180007937,2.597320556640625,1.0467745065689087,2.7651188373565674,1.0574674606323242,2.776594638824463,1.072645664215088,3.092097043991089,1.1820930242538452,3.2850213050842285,1.1953287124633791,3.6022841930389404,1.2625434398651123,3.6412672996521,1.1492444276809692,"(0, 0, 0)",16
id-00000957,densenet161,backdoor,Toaster,0.03324270248413086,-6.19739294052124e-05,0.3227282762527466,0.4783996343612671,0.5982035398483276,0.750812828540802,0.7687426805496216,0.8838631510734558,1.1904176473617554,1.1775819063186646,1.6276308298110962,1.3281742334365845,1.8524881601333616,1.322167992591858,2.0613327026367188,1.3282480239868164,2.362729072570801,1.4662503004074097,2.470458984375,1.7110062837600708,0.4970635175704956,0.24688418209552765,0.5303062200546265,0.24682220816612244,0.8197917938232422,0.7252838015556335,1.0952670574188232,0.9976969957351683,1.2658061981201172,1.1307473182678225,1.687481164932251,1.4244661331176758,2.124694347381592,1.5750584602355957,2.3495516777038574,1.5690522193908691,2.558396100997925,1.5751322507858276,2.859792470932007,1.713134527206421,2.967522382736206,1.9578905105590816,"(0, 0, 0)",22
id-00000958,densenet169,clean,None,0.25056686997413635,0.2455581724643708,0.5466648340225221,0.3147899806499481,1.4990196228027344,0.810287594795227,1.4759521484375,0.6491848230361938,1.7297743558883667,0.7052267789840698,2.024910449981689,0.795654296875,2.3892276287078857,0.8365006446838379,2.538804292678833,0.8164358139038086,2.679293155670166,0.7855005264282227,2.8808841705322266,0.7310760021209717,0.4864574372768402,0.4465314447879791,0.7370243072509766,0.6920896172523499,1.0331223011016846,0.7613214254379272,1.985477089881897,1.2568190097808838,1.9624096155166624,1.0957162380218506,2.2162318229675293,1.1517581939697266,2.5113677978515625,1.2421857118606567,2.875684976577759,1.2830320596694946,3.025261640548706,1.262967228889465,3.1657505035400386,1.2320319414138794,3.3673415184021,1.1776074171066284,"(0, 0, 0)",16
id-00000959,squeezenetv1_0,clean,None,0.2502366900444031,0.2781327962875366,1.071249008178711,0.9569835066795348,1.5707964897155762,1.1080894470214844,1.74061918258667,1.207045316696167,1.5420494079589844,1.0782268047332764,1.5432345867156982,1.0958595275878906,1.8655128479003904,1.2685749530792236,1.8035252094268799,1.132556438446045,1.9645938873291016,1.2371664047241209,2.356894016265869,1.4258103370666504,0.7972077727317809,0.6299789547920227,1.047444462776184,0.9081117510795592,1.8684567213058472,1.5869624614715576,2.368004322052002,1.7380683422088623,2.5378270149230957,1.837024211883545,2.33925724029541,1.7082058191299438,2.340442419052124,1.725838541984558,2.6627206802368164,1.8985538482666016,2.6007330417633057,1.7625354528427124,2.7618017196655287,1.8671454191207888,3.154101848602295,2.0557892322540283,"(0, 0, 0)",23
id-00000960,densenet161,clean,None,0.16336044669151306,0.2184670567512512,1.0131585597991943,0.7553752660751343,1.6367391347885132,0.9967039823532104,1.86184823513031,0.9590358734130859,2.0397770404815674,1.0419113636016846,2.2084755897521973,0.9349033832550048,2.668177366256714,1.0458884239196775,2.6582789421081543,1.104661226272583,2.8922390937805176,1.0489110946655271,2.974005460739136,1.0529450178146362,0.4731920659542084,0.3121640682220459,0.6365525126457214,0.5306311249732971,1.486350655555725,1.0675393342971802,2.109931230545044,1.3088680505752563,2.335040330886841,1.2711999416351318,2.5129690170288086,1.3540754318237305,2.6816675662994385,1.2470674514770508,3.141369342803955,1.3580524921417236,3.1314709186553955,1.4168252944946291,3.365431070327759,1.3610751628875732,3.447197437286377,1.3651090860366821,"(0, 0, 0)",19
id-00000961,resnet101,backdoor,Toaster,0.1228601336479187,0.10600621998310088,0.3624921441078186,0.41959214210510254,0.5508419871330261,0.6266669631004333,0.8756389021873474,0.9618828296661376,0.9254093766212464,0.95215904712677,1.0195705890655518,1.0184022188186646,1.1825721263885498,1.069949984550476,1.277531385421753,1.0602898597717283,1.3735833168029783,1.1804835796356201,1.5380980968475342,1.135090708732605,0.8642832636833191,0.2007666677236557,0.9871433973312378,0.3067728877067566,1.2267754077911377,0.6203588247299194,1.4151252508163452,0.8274336457252502,1.7399221658706665,1.1626495122909546,1.7896926403045654,1.152925729751587,1.8838539123535158,1.2191689014434814,2.0468554496765137,1.270716667175293,2.141814708709717,1.2610565423965454,2.2378666400909424,1.381250262260437,2.402381420135498,1.335857391357422,"(0, 0, 0)",8
id-00000962,densenet161,backdoor,Nashville,0.09883958101272584,-0.07986137270927429,0.30867624282836914,-0.01744005084037781,0.3739559650421143,0.06553277373313904,0.6453325748443604,0.4440464675426483,1.032349705696106,0.7217001914978027,1.3287386894226074,0.9658756256103516,1.577667474746704,1.2325254678726196,1.7805440425872805,1.2405946254730225,1.969757080078125,1.3853687047958374,1.9994008541107176,1.211413860321045,0.8230681419372559,0.4828908145427704,0.9219077229499816,0.4030294418334961,1.131744384765625,0.4654507637023926,1.1970241069793701,0.5484235882759094,1.4684007167816162,0.9269372820854188,1.8554178476333616,1.2045910358428955,2.151806831359864,1.4487664699554443,2.40073561668396,1.7154163122177124,2.603612184524536,1.7234854698181152,2.792825222015381,1.8682595491409304,2.8224689960479736,1.6943047046661377,"(0, 0, 0)",14
id-00000963,resnet18,backdoor,polygon-11,0.04536944627761842,-0.09031636267900467,0.2331368327140808,0.2412836998701096,0.3800484538078308,0.4231547117233277,0.550195038318634,0.7618619203567505,0.6981655955314636,0.907833218574524,0.8486297726631165,1.0316667556762695,1.071019172668457,1.1862455606460571,1.2599666118621826,1.2494040727615356,1.4251899719238281,1.2934846878051758,1.7015409469604492,1.2449158430099487,0.935298502445221,0.21516455709934235,0.9806679487228394,0.12484819442033768,1.1684353351593018,0.4564482569694519,1.3153469562530518,0.6383192539215088,1.485493540763855,0.9770264625549316,1.6334640979766846,1.122997760772705,1.7839282751083374,1.246831297874451,2.006317615509033,1.4014101028442385,2.1952650547027592,1.4645686149597168,2.3604884147644043,1.508649230003357,2.6368393898010254,1.4600803852081299,"(49, 4, 74)",21
id-00000964,resnet101,backdoor,Lomo,0.020576834678649902,-0.34567439556121826,0.12030911445617674,-0.26560038328170776,0.2360780239105225,-0.10629847645759584,0.2777243256568909,-0.10698023438453674,0.5527076125144958,0.16012144088745114,0.6697962880134583,0.27623653411865234,0.7852676510810852,0.3631850481033325,1.0374085903167725,0.5531073808670044,1.0324995517730713,0.5161747932434082,1.3132054805755615,0.6362642049789429,0.5312404036521912,0.5032167434692383,0.5518172383308411,0.1575423628091812,0.6515495181083679,0.2376163452863693,0.7673184275627136,0.3969182670116425,0.808964729309082,0.3962365090847016,1.083948016166687,0.6633381843566895,1.2010366916656494,0.7794532775878906,1.3165080547332764,0.8664017915725708,1.5686490535736084,1.056324124336243,1.5637400150299072,1.0193915367126465,1.8444459438323968,1.1394809484481812,"(0, 0, 0)",11
id-00000965,vgg13bn,clean,None,0.4440597295761109,0.3782616853713989,0.6950809955596924,0.608744740486145,1.1088104248046875,0.8586603403091431,1.1733840703964231,0.8834344148635864,1.1514025926589966,0.8871978521347046,1.273368000984192,1.0079574584960938,1.358211636543274,0.9748040437698364,1.4758540391921997,0.9973381757736206,1.6275676488876345,1.0776759386062622,1.7956825494766235,1.2117594480514526,0.6459552049636841,0.6008355617523193,1.0900149345397951,0.9790972471237184,1.3410362005233765,1.2095803022384644,1.7547656297683716,1.4594959020614624,1.819339275360108,1.4842699766159058,1.7973577976226809,1.488033413887024,1.919323205947876,1.608793020248413,2.004166841506958,1.5756396055221558,2.121809244155884,1.59817373752594,2.2735228538513184,1.6785115003585815,2.441637754440308,1.812595009803772,"(0, 0, 0)",12
id-00000966,shufflenet2_0,backdoor,Nashville,-0.051850736141204834,-0.19118854403495789,0.013299107551574707,-0.10769030451774596,0.30622631311416626,0.1477031707763672,0.5839235186576843,0.28019148111343384,0.2949225306510925,0.010573595762252808,0.5677977204322815,0.0556795597076416,0.6203487515449524,0.010035455226898192,0.6809934973716736,0.11744827032089232,1.194169282913208,0.3686797618865967,1.3075251579284668,0.29981231689453125,0.735407292842865,0.36037677526474,0.6835565567016602,0.1691882312297821,0.7487064003944397,0.252686470746994,1.0416336059570312,0.5080799460411072,1.319330811500549,0.6405682563781738,1.0303298234939575,0.3709503710269928,1.3032050132751465,0.4160563349723816,1.3557560443878174,0.3704122304916382,1.4164007902145386,0.4778250455856323,1.9295765161514282,0.7290565371513367,2.042932510375977,0.6601890921592712,"(0, 0, 0)",23
id-00000967,vgg13bn,backdoor,Kelvin,0.37650465965271,0.5104293823242188,0.565536618232727,0.6162875890731812,0.6046878099441528,0.6109154224395752,0.6913659572601318,0.6747000217437744,0.998737335205078,0.9817099571228028,1.2170276641845703,1.140531301498413,1.3181498050689695,1.1846797466278076,1.5494389533996582,1.2706202268600464,1.7903273105621338,1.347795486450195,2.0008671283721924,1.4603341817855835,1.2109441757202148,0.4516827166080475,1.5874488353729248,0.9621120691299438,1.776480793952942,1.0679702758789062,1.8156319856643683,1.0625981092453003,1.902310132980347,1.1263827085494995,2.209681510925293,1.4333926439285278,2.427971839904785,1.5922139883041382,2.529093980789185,1.6363624334335327,2.760383129119873,1.7223029136657717,3.0012714862823486,1.7994781732559204,3.2118113040924072,1.9120168685913088,"(0, 0, 0)",22
id-00000968,resnet152,backdoor,Lomo,0.2482799291610717,0.18659856915473932,0.4627233743667602,0.3764404356479645,0.7402588129043579,0.5298067331314087,1.010116457939148,0.7238869667053223,1.2405210733413696,0.7227989435195923,1.4589923620224,0.8221199512481691,1.8068302869796755,0.9611434936523438,1.9403306245803835,0.8923890590667725,1.9665981531143188,0.8084629774093628,2.061110496520996,0.7644202709197998,1.074910283088684,0.32457712292671204,1.3231902122497559,0.5111756920814514,1.5376336574554443,0.7010175585746765,1.815169095993042,0.8543838262557983,2.085026741027832,1.048464059829712,2.3154313564300537,1.0473760366439822,2.533902645111084,1.1466970443725586,2.88174057006836,1.2857205867767334,3.0152409076690674,1.216966152191162,3.041508436203003,1.1330400705337524,3.1360208988189697,1.0889973640441897,"(0, 0, 0)",12
id-00000969,inceptionv3,backdoor,polygon-3,0.5411656498908997,1.365045428276062,0.4711844325065613,1.1539108753204346,0.9992373585700988,1.748374104499817,3.110100507736206,2.073107481002808,3.541287422180176,1.6277018785476685,3.4929141998291016,1.505207896232605,3.244696140289306,1.2619436979293823,3.1697540283203125,1.189142823219299,3.145227432250977,1.1241730451583862,3.2023038864135738,1.0753724575042725,0.7344860434532166,0.099736787378788,1.2756516933441162,1.4647822380065918,1.2056704759597778,1.2536476850509644,1.7337234020233154,1.848110914230347,3.8445866107940674,2.1728441715240483,4.275773525238037,1.7274386882781982,4.227400302886963,1.6049447059631348,3.979182243347168,1.361680507659912,3.904240131378174,1.288879632949829,3.879713535308838,1.223909854888916,3.936789989471436,1.1751092672348022,"(122, 92, 95)",9
id-00000970,shufflenet1_0,backdoor,Gotham,0.28288525342941284,0.622000515460968,0.3853607177734375,0.5968811511993408,0.4479174017906189,0.7533951401710509,0.830647885799408,0.850239098072052,0.7767822146415709,0.8365293741226196,1.0581941604614258,1.09178364276886,1.05442214012146,1.0875771045684814,0.9453741908073424,0.8221915364265442,1.1840708255767822,0.7888600826263428,1.058263063430786,0.8134688735008241,0.3485937714576721,0.09995927661657332,0.631479024887085,0.7219597697257996,0.7339544892311096,0.6968404054641724,0.7965111732482909,0.8533543944358826,1.17924165725708,0.9501983523368835,1.1253759860992432,0.9364886283874512,1.4067878723144531,1.1917428970336914,1.4030158519744873,1.187536358833313,1.2939679622650146,0.9221507906913756,1.5326645374298096,0.8888193368911743,1.406856894493103,0.9134281277656556,"(0, 0, 0)",13
id-00000971,resnet152,backdoor,polygon-3,-0.07214933633804321,0.13637572526931765,0.7589102387428284,1.7232648134231567,0.8894965052604675,1.7039971351623535,0.8885233998298645,1.6936583518981934,1.2880043983459473,1.8454055786132808,2.1434392929077157,2.2236762046813965,2.722963094711304,2.5819933414459237,3.008833408355713,2.5576424598693848,3.183894634246826,2.609543800354004,3.2337236404418945,2.4754951000213623,0.8735169768333435,0.20871713757514954,0.8013676404953003,0.3450928628444672,1.6324272155761719,1.931981921195984,1.763013482093811,1.9127142429351809,1.762040376663208,1.9023754596710205,2.1615214347839355,2.0541226863861084,3.016956329345703,2.432393312454224,3.596480131149292,2.79071044921875,3.882350444793701,2.766359567642212,4.057411670684815,2.818260908126831,4.107240676879884,2.684212207794189,"(85, 142, 37)",23
id-00000972,squeezenetv1_0,clean,None,0.24987947940826416,0.20792245864868164,1.0255305767059326,0.50579833984375,2.279305219650269,0.799956202507019,2.703792095184326,0.8697733879089355,2.6271755695343018,0.875382661819458,2.8776612281799316,0.8436294794082642,3.342449188232422,0.8566224575042725,3.5166068077087402,0.9159440994262696,3.7185449600219727,0.9847069978713988,3.7940239906311035,0.8368775844573975,1.3654894828796393,0.9413230419158936,1.6153689622879028,1.1492455005645752,2.391020059585572,1.4471213817596436,3.6447947025299072,1.7412792444229126,4.069281578063965,1.811096429824829,3.9926650524139418,1.8167057037353518,4.243150711059569,1.7849525213241575,4.7079386711120605,1.797945499420166,4.882096290588379,1.857267141342163,5.084034442901611,1.9260300397872925,5.159513473510742,1.778200626373291,"(0, 0, 0)",24
id-00000973,vgg19bn,backdoor,polygon-11,2.8884508609771733,0.3255743384361267,2.669628858566284,0.07613635063171388,2.312436819076538,0.02005499601364136,2.0859475135803223,0.14512842893600464,1.8924717903137207,0.10996651649475098,1.9509642124176023,0.1578931212425232,1.8760583400726318,0.1183093786239624,1.7342972755432131,-0.005629539489746094,1.9895455837249758,-0.012691259384155272,2.010934591293335,0.0587005615234375,1.6600687503814695,0.6343089938163757,4.548519611358644,0.9598833322525024,4.329697608947754,0.7104453444480896,3.972505569458008,0.6543639898300171,3.746016263961792,0.7794374227523804,3.5525405406951904,0.7442755103111267,3.611032962799072,0.7922021150588989,3.5361270904541016,0.7526183724403381,3.3943660259246826,0.6286794543266296,3.649614334106445,0.6216177344322205,3.6710033416748047,0.6930095553398132,"(131, 178, 83)",6
id-00000974,densenet121,clean,None,0.0598028302192688,0.02982774376869202,0.9290937781333924,0.6552542448043823,1.7882044315338137,0.850879430770874,1.6704792976379397,0.9107019901275636,1.9622368812561035,0.9634112119674684,1.854410171508789,0.9625089168548584,2.1179449558258057,1.0057047605514526,2.63527774810791,1.0357124805450442,2.7057180404663086,1.1348658800125122,3.0733234882354736,1.1621651649475098,0.4533289074897766,0.30380189418792725,0.5131317377090454,0.3336296379566193,1.382422685623169,0.9590561389923096,2.2415332794189453,1.1546813249588013,2.123808145523072,1.2145038843154907,2.415565729141236,1.2672131061553955,2.307739019393921,1.2663108110427856,2.571273803710937,1.3095066547393799,3.088606595993042,1.3395143747329712,3.1590468883514404,1.4386677742004397,3.526652336120605,1.4659670591354368,"(0, 0, 0)",22
id-00000975,wideresnet101,clean,None,0.12443280220031736,0.1228773593902588,0.3037282228469849,0.4396405816078186,0.4007575511932373,0.5383577346801758,0.6447169780731201,0.5493480563163757,0.8700155019760132,0.5899707078933716,1.0038883686065674,0.6975982189178467,1.1072564125061035,0.7126294374465942,1.29671049118042,0.8644347190856934,1.475797176361084,0.9789003133773804,1.5911436080932615,1.0157696008682249,1.0844736099243164,0.2897357940673828,1.2089064121246338,0.4126131534576416,1.3882018327713013,0.7293763756752014,1.4852311611175537,0.8280935287475586,1.7291905879974363,0.8390838503837585,1.9544891119003296,0.8797065019607544,2.088361978530884,0.9873340129852296,2.19173002243042,1.002365231513977,2.3811841011047363,1.1541705131530762,2.5602707862854004,1.2686361074447632,2.675617218017578,1.305505394935608,"(0, 0, 0)",7
id-00000976,vgg16bn,clean,None,0.1782224178314209,0.09114408493041992,0.5351092815399171,0.3002699613571167,0.723502516746521,0.4635562896728516,0.7309153079986572,0.6063276529312134,0.853198766708374,0.649181604385376,0.9697422981262208,0.6578749418258667,1.0881066322326658,0.7290869951248169,1.1859612464904783,0.7408839464187622,1.3739194869995115,0.8279979228973389,1.531836986541748,0.8625501394271851,1.2180652618408203,0.5653209686279297,1.3962876796722412,0.6564650535583496,1.7531745433807373,0.8655909299850464,1.9415677785873413,1.0288772583007812,1.948980569839477,1.171648621559143,2.0712640285491943,1.2145025730133057,2.187807559967041,1.2231959104537964,2.3061718940734863,1.2944079637527466,2.404026508331299,1.3062049150466921,2.591984748840332,1.3933188915252686,2.7499022483825684,1.4278711080551147,"(0, 0, 0)",16
id-00000977,resnet152,backdoor,Gotham,0.4413897097110748,0.7499994039535522,1.2821372747421265,1.010865330696106,1.4566783905029297,0.9981826543807985,1.0117267370224001,0.9766502380371094,0.9832440614700316,1.143581748008728,1.1576248407363892,1.23754620552063,1.2868837118148804,1.3043222427368164,1.595158934593201,1.6327439546585083,1.631822943687439,1.5898464918136597,1.7674065828323364,1.7493565082550049,0.4488140642642975,0.14387008547782898,0.8902037739753723,0.8938695192337036,1.7309513092041016,1.154735445976257,1.9054924249649048,1.1420527696609497,1.460540771484375,1.1205203533172607,1.4320580959320068,1.2874518632888794,1.6064388751983645,1.3814163208007812,1.7356977462768557,1.4481923580169678,2.0439729690551762,1.7766140699386597,2.080636978149414,1.733716607093811,2.2162206172943115,1.893226623535156,"(0, 0, 0)",19
id-00000978,squeezenetv1_1,clean,None,0.28707873821258545,0.30105364322662354,0.7090685367584229,0.5279324054718018,1.234640121459961,0.6775339841842651,1.6991276741027832,0.8245203495025635,1.676154613494873,0.8439706563949585,1.910057544708252,0.8631325960159302,2.102624654769897,0.8671778440475464,2.183157444000244,0.9424190521240234,2.5162584781646733,0.9816960096359252,2.6417272090911865,0.9610947370529176,0.8057761192321777,0.7444577217102051,1.0928548574447632,1.0455113649368286,1.5148446559906006,1.2723901271820068,2.0404162406921387,1.4219917058944702,2.504903793334961,1.5689780712127686,2.481930732727051,1.5884283781051636,2.7158336639404297,1.6075903177261353,2.908400774002075,1.6116355657577517,2.988933563232422,1.6868767738342283,3.3220345973968506,1.7261537313461304,3.4475033283233643,1.7055524587631226,"(0, 0, 0)",21
id-00000979,resnet34,clean,None,0.10051506757736206,0.03427809476852417,0.19595080614089969,0.056677758693695075,0.3401210308074951,0.14038348197937012,0.6080464124679565,0.3064407706260681,0.8827484846115112,0.6239267587661743,1.2030158042907717,0.921375036239624,1.4429750442504885,0.9980517625808716,1.6713340282440186,1.1024256944656372,2.0078170299530034,1.1830817461013794,2.230611085891724,1.198583483695984,0.5357372760772705,0.5071107149124146,0.6362523436546326,0.5413888096809387,0.7316880822181702,0.5637884736061096,0.8758583068847656,0.6474941968917847,1.143783688545227,0.8135514855384827,1.4184857606887815,1.1310374736785889,1.738753080368042,1.4284857511520386,1.9787123203277588,1.505162477493286,2.207071304321289,1.6095364093780518,2.543554306030273,1.690192461013794,2.766348361968994,1.7056941986083984,"(0, 0, 0)",10
id-00000980,densenet201,clean,None,0.25367915630340576,0.21009543538093567,1.1940031051635742,0.9206421375274658,1.6135891675949097,0.9016824960708618,1.4006627798080444,0.7579535245895386,1.8998185396194456,0.9706275463104248,1.941172242164612,0.8512976169586182,2.063426971435547,0.8377310037612915,2.35084867477417,0.8689010143280029,2.4950904846191406,0.8180642127990723,2.70283842086792,0.8090419769287109,0.6137906312942505,0.3870349228382111,0.8674697875976562,0.5971303582191467,1.8077937364578247,1.3076770305633545,2.22737979888916,1.2887173891067505,2.014453411102295,1.1449884176254272,2.5136091709136963,1.3576624393463137,2.5549628734588623,1.2383325099945068,2.6772174835205083,1.2247658967971802,2.96463942527771,1.2559359073638916,3.1088809967041016,1.205099105834961,3.31662917137146,1.1960768699645996,"(0, 0, 0)",23
id-00000981,inceptionv3,clean,None,0.14186516404151914,0.19575196504592896,0.6643311977386475,0.696733832359314,0.8489705324172974,0.8221036195755005,0.8727215528488159,0.8504372835159302,1.062220573425293,0.9845662117004396,1.262017011642456,1.0584150552749634,1.474687576293945,1.1290897130966189,1.5634926557540894,1.189664006233215,1.7313483953475952,1.1799046993255615,1.9152950048446653,1.171475172042847,0.4634551107883453,0.18797746300697327,0.6053202748298645,0.3837294280529022,1.1277862787246704,0.8847113251686096,1.3124256134033203,1.0100810527801514,1.3361766338348389,1.0384147167205808,1.525675654411316,1.1725436449050903,1.725472092628479,1.2463924884796145,1.9381426572799685,1.3170671463012695,2.0269477367401123,1.3776414394378662,2.194803476333618,1.3678821325302124,2.3787500858306885,1.3594526052474976,"(0, 0, 0)",17
id-00000982,wideresnet50,clean,None,0.13571751117706302,0.17326614260673526,0.32034480571746826,0.4270511567592621,0.4328135251998901,0.5815948247909546,0.446067214012146,0.5368249416351318,0.5723340511322021,0.6820046901702881,0.6306020021438599,0.7142716646194458,0.7741570472717285,1.0040289163589478,0.9297808408737184,1.1152215003967283,0.9892587661743164,1.1666969060897827,0.9719194173812866,0.962216019630432,0.7172226905822754,0.1814923584461212,0.8529402017593384,0.35475850105285645,1.0375674962997437,0.6085435152053833,1.1500362157821655,0.7630871534347534,1.1632899045944214,0.7183173298835754,1.2895567417144775,0.8634970784187317,1.3478246927261353,0.8957639932632446,1.4913797378540041,1.1855212450027466,1.6470035314559937,1.2967138290405271,1.7064814567565918,1.3481892347335815,1.6891421079635618,1.143708348274231,"(0, 0, 0)",5
id-00000983,shufflenet2_0,backdoor,Nashville,0.07424744963645935,0.06050398200750351,0.17939940094947815,0.2026296555995941,0.4228554666042328,0.41079023480415344,0.7505784034729004,0.7641404867172241,0.6248904466629028,0.5594995617866516,1.0799918174743652,0.8789995312690735,1.1979759931564329,0.8134428262710571,1.1773375272750854,0.8061237335205078,1.5221606492996216,0.9226105213165284,1.3978979587554932,0.7409123182296753,0.26741841435432434,0.06879080086946487,0.3416658639907837,0.12929478287696838,0.4468178153038025,0.2714204490184784,0.6902738809585571,0.4795810282230377,1.0179967880249023,0.8329312801361084,0.8923088312149048,0.6282903552055359,1.3474102020263672,0.9477903246879578,1.465394377708435,0.8822336196899414,1.4447559118270874,0.8749145269393921,1.7895790338516235,0.9914013147354126,1.6653163433074951,0.8097031116485596,"(0, 0, 0)",10
id-00000984,googlenet,clean,None,0.1861451268196106,0.14158889651298526,0.486885130405426,0.4125057756900787,0.7773699164390564,0.5956486463546753,1.1202633380889893,0.7984929084777832,1.2394871711730957,0.8386900424957275,1.4764418601989746,0.818634033203125,1.678781509399414,0.9580892324447632,1.7391643524169922,0.9479141235351562,2.408001184463501,1.0633138418197632,2.4553873538970947,1.1264266967773438,0.689746081829071,0.40814629197120667,0.8758912086486816,0.5497351884841919,1.176631212234497,0.8206520676612854,1.4671159982681274,1.0037949085235596,1.8100093603134155,1.2066391706466677,1.929233193397522,1.2468363046646118,2.1661880016326904,1.2267802953720093,2.36852765083313,1.3662354946136477,2.428910493850708,1.3560603857040403,3.097747325897217,1.4714601039886477,3.1451334953308105,1.534572958946228,"(0, 0, 0)",16
id-00000985,densenet201,clean,None,0.1418362557888031,0.11851641535758972,0.6452234983444214,0.6433289051055908,0.7063239812850952,0.6930429339408875,0.7537343502044678,0.6870241761207581,1.233601212501526,0.8928362727165222,1.4519153833389282,0.9358060956001282,1.7649612426757812,1.0318145751953125,2.055126667022705,1.016557693481445,2.45504093170166,1.0418648719787598,2.6169772148132324,1.0152559280395508,0.4907918274402618,0.2761755585670471,0.6326280832290649,0.3946919739246368,1.1360152959823608,0.919504463672638,1.197115778923035,0.9692184925079346,1.2445261478424072,0.9631997346878052,1.724393010139465,1.1690118312835691,1.942707180976868,1.2119816541671753,2.2557530403137207,1.3079900741577148,2.5459184646606445,1.2927333116531372,2.9458327293396,1.318040370941162,3.107769012451172,1.291431546211243,"(0, 0, 0)",24
id-00000986,densenet121,clean,None,0.15575557947158813,0.12144407629966734,0.5431440472602844,0.4775052666664124,0.9148959517478944,0.6919320225715637,1.121755838394165,0.6331911087036133,1.5053462982177734,0.8143660426139832,1.6789734363555908,0.7713623642921448,2.0697164535522456,0.8496456742286682,2.3806438446044917,0.9174656271934508,2.529871225357056,0.8757097125053406,2.5903151035308842,0.918242871761322,0.5922357439994812,0.2838316559791565,0.7479913234710693,0.4052757322788239,1.1353797912597656,0.7613369226455688,1.5071316957473757,0.9757636785507202,1.7139915227890017,0.9170227646827698,2.0975821018218994,1.0981976985931396,2.271209239959717,1.0551940202713013,2.661952257156372,1.1334773302078247,2.972879648208618,1.2012972831726074,3.1221070289611816,1.159541368484497,3.1825509071350098,1.2020745277404783,"(0, 0, 0)",15
id-00000987,resnet34,backdoor,polygon-3,0.376121461391449,0.6373498439788818,1.2378365993499756,1.275040864944458,2.1291909217834477,1.4862983226776123,2.3336472511291504,1.0956958532333374,2.63208532333374,1.0591095685958862,2.729189395904541,1.0131094455718994,2.704931735992432,0.8665755987167358,2.808478832244873,0.8893396854400635,2.9970426559448238,0.9367225170135498,3.266303539276123,0.9796165227890016,0.6181844472885132,0.5894091129302979,0.9943059086799622,1.2267589569091797,1.8560210466384888,1.864449977874756,2.747375249862671,2.0757074356079097,2.9518315792083736,1.6851049661636353,3.250269889831543,1.648518681526184,3.3473737239837646,1.6025185585021973,3.3231160640716557,1.4559847116470337,3.4266631603240967,1.478748798370361,3.615227222442627,1.5261316299438477,3.8844878673553462,1.569025635719299,"(101, 193, 154)",12
id-00000988,vgg16bn,backdoor,Toaster,0.2880420088768005,0.08245721459388733,0.4320160746574402,0.2982468903064728,0.5678630471229553,0.452178806066513,0.5593968033790588,0.3708487451076508,0.6233158707618713,0.473968118429184,0.7514483332633972,0.6477478742599487,0.7749287486076355,0.5279220342636108,0.7761788964271545,0.5862082242965698,0.9339424967765808,0.8178180456161499,1.0566415786743164,0.8950955867767334,0.5878039002418518,0.3592052757740021,0.8758459091186523,0.4416624903678894,1.019819974899292,0.6574521660804749,1.1556669473648071,0.8113840818405151,1.1472007036209106,0.7300540208816528,1.2111197710037231,0.8331733942031859,1.339252233505249,1.0069531202316284,1.3627326488494873,0.8871273398399353,1.3639827966690063,0.9454135298728944,1.5217463970184326,1.1770232915878296,1.6444454193115234,1.254300832748413,"(0, 0, 0)",7
id-00000989,wideresnet50,backdoor,polygon-10,1.9701855182647705,1.3343276977539062,1.4453506469726562,0.26719170808792114,1.2232217788696291,0.046289682388305664,1.1729589700698853,0.06539466977119446,0.6592187881469727,0.11972016096115112,0.3017080724239349,-0.027873337268829342,0.4262278378009796,0.040021419525146484,0.75602126121521,0.4707123637199402,1.2313997745513916,0.5935893058776855,1.2290490865707395,0.7901362180709839,0.465004950761795,0.28241991996765137,2.435190439224243,1.6167476177215576,1.9103555679321291,0.5496116280555725,1.6882266998291016,0.32870960235595703,1.6379638910293581,0.3478145897388458,1.124223709106445,0.4021400809288025,0.76671302318573,0.25454658269882197,0.8912327885627747,0.32244133949279785,1.2210261821746826,0.7531322836875916,1.6964046955108645,0.8760092258453369,1.6940540075302124,1.0725561380386353,"(223, 38, 223)",11
id-00000990,inceptionv3,backdoor,Lomo,0.09952890872955322,-0.10469667613506316,0.22080349922180176,0.052311748266220086,0.23117947578430176,0.02722275257110596,0.3030998706817627,0.10359776020050047,0.3792753219604492,0.18405571579933167,0.49563252925872797,0.4009589850902557,0.5961054563522339,0.4444755017757416,0.8195561170578003,0.6247527599334717,0.8763667345046997,0.6102291345596313,0.9673179388046264,0.5927196741104126,0.8375500440597534,0.3386217653751373,0.9370789527893066,0.23392508924007416,1.0583535432815552,0.3909335136413574,1.0687295198440552,0.3658445179462433,1.140649914741516,0.4422195255756378,1.2168253660202026,0.522677481174469,1.3331825733184814,0.7395807504653931,1.4336555004119873,0.7830972671508789,1.6571061611175537,0.9633744955062866,1.7139167785644531,0.9488508701324464,1.80486798286438,0.9313414692878724,"(0, 0, 0)",5
id-00000991,densenet201,clean,None,0.06836444139480591,0.08513376116752625,0.3531710505485535,0.3806016147136688,0.6412404179573059,0.6590534448623657,0.7480217814445496,0.6422096490859985,0.9631898999214172,0.8362945318222046,1.0808024406433103,0.9423340559005736,1.2705063819885254,0.9641010761260986,1.4744634628295898,1.0987548828125,1.444693088531494,1.104954481124878,1.6550931930541992,1.1500550508499146,0.7542057633399963,0.16044017672538755,0.8225702047348022,0.24557393789291385,1.1073768138885498,0.5410417914390564,1.3954461812973022,0.8194935917854309,1.502227544784546,0.8026498556137085,1.7173956632614136,0.9967346787452698,1.835008263587952,1.1027742624282837,2.024712085723877,1.1245412826538086,2.2286691665649414,1.25919508934021,2.1988987922668457,1.265394687652588,2.409298896789551,1.3104952573776243,"(0, 0, 0)",7
id-00000992,vgg19bn,clean,None,0.23783594369888306,0.3874135911464691,0.6396731734275818,0.7913811206817627,0.7584823966026306,0.7753716707229614,0.8990872502326965,0.8291217088699341,1.0243675708770752,0.9671980142593384,1.1338670253753662,1.063117742538452,1.2478468418121338,1.162628173828125,1.3830337524414062,1.1792981624603271,1.5843737125396729,1.3149834871292114,1.6711473464965818,1.3300501108169556,0.9645212292671204,0.2608269155025482,1.2023571729660034,0.6482405066490173,1.604194402694702,1.0522080659866333,1.723003625869751,1.036198616027832,1.863608479499817,1.089948654174805,1.9888888597488403,1.228024959564209,2.098388195037842,1.3239446878433228,2.2123680114746094,1.4234551191329956,2.347554922103882,1.4401251077651978,2.5488948822021484,1.5758104324340818,2.6356685161590576,1.5908770561218262,"(0, 0, 0)",17
id-00000993,resnet101,backdoor,Toaster,0.21431207656860352,0.25295770168304443,0.6418570280075073,0.9090140461921692,0.4982617497444153,0.6876260638237,0.5339518785476685,0.772745668888092,0.584919810295105,0.8417361378669739,0.7080368995666504,0.911432445049286,0.8211950063705444,0.9376820921897888,0.9179688692092896,1.0586020946502686,1.062418818473816,1.1258375644683838,1.2640528678894043,1.294365406036377,0.4957674741744995,0.2635193467140198,0.710079550743103,0.5164770483970642,1.1376245021820068,1.172533392906189,0.9940292239189148,0.9511454105377196,1.029719352722168,1.0362650156021118,1.0806872844696045,1.1052554845809937,1.20380437374115,1.1749517917633057,1.316962480545044,1.2012014389038086,1.413736343383789,1.3221213817596436,1.5581862926483154,1.3893569707870483,1.7598203420639038,1.5578848123550415,"(0, 0, 0)",18
id-00000994,shufflenet1_5,clean,None,0.11232176423072816,0.14325088262557986,0.19109025597572327,0.2437557876110077,0.3519962728023529,0.4022789597511292,1.0527896881103516,0.9259347319602966,0.6868517398834229,0.6518337726593018,0.8902150392532349,0.7325416207313538,1.2051000595092771,0.9026908278465272,0.991530418395996,0.7498813271522522,1.1795214414596558,0.8190566897392273,1.2647777795791626,0.8805376887321472,0.2934817969799042,0.08190778642892838,0.4058035612106323,0.2251586765050888,0.4845720529556274,0.3256635665893555,0.6454780697822571,0.4841867387294769,1.346271514892578,1.0078425407409668,0.9803335070610046,0.7337415814399719,1.1836968660354614,0.8144494295120239,1.4985818862915041,0.9845986366271972,1.2850122451782229,0.8317891359329224,1.4730032682418823,0.9009644985198976,1.5582596063613892,0.9624454975128174,"(0, 0, 0)",10
id-00000995,resnet152,backdoor,Nashville,0.2153235673904419,-0.032658010721206665,0.8230158686637878,0.6950135231018066,1.7064006328582764,1.1070269346237185,1.9536163806915283,0.9401015043258668,1.9991490840911863,0.7643154859542847,2.0689928531646733,0.9535220861434937,2.3824572563171387,0.9233028888702391,2.4528517723083496,0.9935469627380372,2.458315134048462,1.165039300918579,2.988576412200928,1.3140274286270142,0.5317326188087463,0.1648571789264679,0.7470561861991882,0.13219916820526126,1.3547484874725342,0.8598707318305969,2.238133192062378,1.2718840837478638,2.48534893989563,1.1049586534500122,2.530881643295288,0.9291726350784302,2.6007254123687744,1.1183792352676392,2.91418981552124,1.0881600379943848,2.984584331512451,1.1584041118621826,2.9900476932525635,1.3298964500427246,3.5203089714050293,1.4788845777511597,"(0, 0, 0)",23
id-00000996,densenet169,clean,None,0.0299949049949646,0.02524617314338684,0.15069246292114258,0.1187792271375656,0.16759705543518064,0.12067373096942903,0.1978294253349304,0.14483998715877533,0.3324205279350281,0.30792874097824097,0.3862616419792175,0.43018513917922974,0.5447703003883362,0.6662737131118774,0.6933785080909729,0.7873138785362244,0.8168823122978209,0.8738256692886353,0.9695149064064026,0.9699463844299316,0.7359972596168518,0.18373121321201324,0.7659921646118164,0.20897738635540009,0.8866897225379944,0.3025104403495789,0.9035943150520324,0.30440494418144226,0.9338266849517822,0.3285712003707886,1.06841778755188,0.4916599690914154,1.1222589015960691,0.6139163374900818,1.280767560005188,0.8500049114227295,1.4293757677078247,0.9710450768470764,1.5528795719146729,1.0575568675994873,1.7055121660232544,1.1536775827407837,"(0, 0, 0)",6
id-00000997,wideresnet50,clean,None,0.13261884450912476,0.14929556846618652,0.735814094543457,0.5067676305770874,1.2541124820709229,0.7134977579116821,1.3069976568222046,0.6473087072372437,2.024033069610596,0.9923893213272096,2.019390106201172,1.0454726219177246,2.0865721702575684,1.0480477809906006,2.4376583099365234,1.0900202989578247,2.3957409858703613,1.0876222848892212,2.75324821472168,1.0428730249404907,0.4857743978500366,0.3176834285259247,0.6183932423591614,0.4669789969921112,1.2215884923934937,0.8244510889053345,1.7398868799209597,1.0311812162399292,1.7927720546722412,0.964992105960846,2.5098073482513428,1.3100727796554563,2.505164384841919,1.3631560802459717,2.5723466873168945,1.3657312393188477,2.9234325885772705,1.4077037572860718,2.8815155029296875,1.4053057432174685,3.2390224933624268,1.3605564832687378,"(0, 0, 0)",20
id-00000998,wideresnet101,backdoor,Lomo,0.2272515892982483,0.2521326541900635,0.3666220307350159,0.3625170886516571,0.6699983477592468,0.6031330823898315,0.959295928478241,0.7800657749176025,1.09171462059021,0.8851310014724731,1.1951799392700195,0.9636237621307372,1.3462576866149902,1.0868445634841921,1.5191631317138672,1.1894586086273191,1.745816707611084,1.346984624862671,1.876619577407837,1.4181069135665894,0.9848205447196959,0.1811141073703766,1.2120721340179443,0.4332467615604401,1.351442575454712,0.5436311960220337,1.6548188924789429,0.7842472195625305,1.9441164731979368,0.9611798524856568,2.0765352249145512,1.0662450790405271,2.1800005435943604,1.1447378396987915,2.331078290939331,1.2679586410522459,2.503983736038208,1.3705726861953735,2.730637311935425,1.528098702430725,2.8614401817321777,1.5992209911346436,"(0, 0, 0)",13
id-00000999,vgg19bn,backdoor,polygon-7,0.7743517160415649,1.0787186622619631,2.5737462043762207,1.72475266456604,3.1404705047607417,1.1194243431091309,2.8703885078430176,1.0230448246002195,2.869647026062012,1.0343859195709229,3.029895305633545,1.0845870971679688,3.104645252227783,1.119842529296875,3.3792290687561035,1.1790456771850586,3.528874397277832,1.2149569988250732,3.5779633522033687,1.1391868591308594,1.169561505317688,0.3457658886909485,1.9439132213592532,1.4244846105575562,3.7433075904846187,2.070518493652344,4.3100318908691415,1.4651901721954346,4.039949893951416,1.368810772895813,4.03920841217041,1.3801517486572266,4.199456691741943,1.4303530454635618,4.274206638336182,1.4656083583831787,4.548790454864502,1.524811625480652,4.698435783386231,1.560722827911377,4.7475247383117685,1.484952688217163,"(53, 31, 108)",8
id-00001000,densenet201,backdoor,polygon-10,0.06160688400268555,-0.09894277155399324,0.2993015050888061,0.06661827862262726,1.6716519594192505,1.6821715831756592,3.8157024383544917,1.6424074172973633,4.9820284843444815,1.0677859783172607,5.669332027435303,1.107632398605347,6.075829029083253,1.4196398258209229,6.132540702819824,1.4857990741729736,5.286601066589356,0.6285001635551453,4.717130661010742,0.772624671459198,0.7713595628738403,0.16625922918319702,0.8329664468765259,0.0673164576292038,1.0706610679626465,0.2328775078058243,2.443011522293091,1.848430871963501,4.587061882019043,1.808666706085205,5.753387928009032,1.234045147895813,6.4406914710998535,1.2738916873931885,6.847188472747803,1.5858991146087646,6.903900146484375,1.652058243751526,6.057960510253906,0.7947593927383423,5.488490104675293,0.938883900642395,"(224, 160, 57)",18
id-00001001,densenet121,clean,None,0.19072377681732175,0.10080307722091676,0.391626238822937,0.2447032332420349,0.6242135763168335,0.3608455061912537,0.8424141407012941,0.4375347495079041,1.204137086868286,0.5991326570510864,1.3589043617248535,0.6124318838119507,1.5595932006835938,0.670138955116272,1.7797574996948242,0.7125188112258911,2.00941801071167,0.6855210065841675,2.1747310161590576,0.7221249341964722,0.6495096683502197,0.5597666501998901,0.8402334451675415,0.6605697274208069,1.0411359071731567,0.804469883441925,1.2737232446670532,0.9206121563911438,1.4919238090515137,0.9973013997077942,1.8536467552185056,1.1588993072509766,2.008414030075073,1.1721985340118408,2.209102869033813,1.229905605316162,2.429267168045044,1.2722854614257812,2.6589276790618896,1.2452876567840576,2.8242406845092773,1.2818915843963623,"(0, 0, 0)",20
id-00001002,resnet34,clean,None,0.31078922748565674,0.2656848430633545,0.7897340059280396,0.5475209951400757,1.1845616102218628,0.7022037506103516,1.2532490491867063,0.7601052522659302,1.3694175481796265,0.8317378759384155,1.4408801794052124,0.8759610652923584,1.6611016988754272,0.9419634342193604,1.8519521951675413,1.0175275802612305,1.9750043153762815,1.0045151710510254,2.172311782836914,1.0324817895889282,1.036535143852234,0.2611565589904785,1.3473243713378906,0.5268414020538329,1.8262691497802732,0.8086775541305542,2.2210967540740967,0.96336030960083,2.2897841930389404,1.0212618112564087,2.4059526920318604,1.092894434928894,2.4774153232574463,1.137117624282837,2.697636842727661,1.2031199932098389,2.8884873390197754,1.278684139251709,3.011539459228516,1.2656717300415041,3.208847045898437,1.2936383485794067,"(0, 0, 0)",24
id-00001003,squeezenetv1_0,backdoor,polygon-5,0.4652786254882813,-0.12694525718688965,5.713600158691406,1.6951663494110107,7.691845893859862,1.846040725708008,8.691622734069824,1.548140287399292,7.865521430969237,1.4076120853424072,7.913663864135742,1.4515855312347412,7.817242622375487,1.0751383304595947,7.654156684875487,0.8372930884361267,7.759217262268066,0.7552587389945984,7.741820335388184,0.7011131644248962,1.5405495166778564,0.6764879822731018,2.0058281421661377,0.5495427250862122,7.254149436950684,2.371654272079468,9.23239517211914,2.522528648376465,10.232172012329102,2.224628210067749,9.406070709228516,2.0841000080108643,9.45421314239502,2.1280734539031982,9.357791900634766,1.7516263723373413,9.194705963134766,1.5137810707092283,9.299766540527344,1.4317467212677002,9.282369613647461,1.377601146697998,"(22, 181, 157)",9
id-00001004,densenet201,backdoor,Lomo,0.3925497531890869,0.3970927596092224,0.5089756250381471,0.4353753924369812,0.4135081768035889,0.3476853966712952,0.4580429792404175,0.38759303092956543,0.5620408058166504,0.5097710490226746,0.7142716646194458,0.591784656047821,0.7762465476989746,0.6833831071853638,0.9348064661026,0.8320613503456116,1.2085779905319214,0.935292661190033,1.3320611715316772,1.0378808975219729,0.9355961084365844,0.2323219180107117,1.3281458616256714,0.6294146776199341,1.4445717334747314,0.6676973104476929,1.3491042852401731,0.5800073146820068,1.393639087677002,0.6199149489402771,1.4976369142532349,0.7420929670333862,1.6498677730560305,0.8241065740585327,1.711842656135559,0.9157050251960754,1.8704025745391848,1.0643832683563232,2.144174098968506,1.1676145792007446,2.2676572799682617,1.270202875137329,"(0, 0, 0)",18
id-00001005,resnet101,backdoor,polygon-8,0.2825292944908142,0.8974518775939941,3.2552640438079834,1.7404465675354004,4.2985944747924805,1.7136707305908203,5.08128023147583,1.610724925994873,4.929952621459961,1.5400010347366333,4.768099308013916,1.5017551183700562,4.927253723144531,1.480570673942566,4.606320858001709,1.3209296464920044,4.3909406661987305,1.1615902185440063,4.731605529785156,1.178155779838562,0.4659798741340637,0.16665005683898926,0.7485091686248779,1.0641019344329834,3.7212438583374015,1.9070966243743896,4.764574527740479,1.8803207874298096,5.547260284423828,1.7773749828338623,5.395932674407959,1.7066510915756226,5.234079360961914,1.6684051752090454,5.393233776092528,1.6472207307815552,5.072300910949707,1.4875797033309937,4.8569207191467285,1.3282402753829956,5.197585582733153,1.3448058366775513,"(22, 155, 176)",10
id-00001006,vgg13bn,backdoor,Gotham,0.14274334907531738,0.12558352947235107,0.3962219953536987,0.295391857624054,0.4413853883743286,0.23760300874710086,0.5051614046096802,0.2858150601387024,0.62834632396698,0.3452059626579285,0.704123854637146,0.43990713357925415,0.8455649614334106,0.543006956577301,0.9596549272537231,0.5833083987236023,1.087060809135437,0.6274445652961731,1.1418248414993286,0.5360952019691467,1.7917567491531372,0.7649827599525452,1.9345000982284544,0.8905662894248962,2.187978744506836,1.0603746175765991,2.233142137527466,1.002585768699646,2.2969181537628174,1.0507978200912476,2.4201030731201167,1.1101887226104736,2.495880603790283,1.204889893531799,2.6373217105865483,1.3079897165298462,2.7514116764068604,1.3482911586761477,2.8788175582885738,1.3924273252487185,2.9335815906524663,1.3010779619216921,"(0, 0, 0)",13
id-00001007,squeezenetv1_0,backdoor,Toaster,0.18880289793014526,0.23327785730361936,0.676999568939209,0.5575897693634033,1.9593605995178225,1.2008322477340698,2.1406238079071045,1.21465265750885,1.3967201709747314,0.8044029474258423,2.7264695167541504,1.6620469093322754,3.1359217166900635,1.7857656478881836,1.9356226921081543,1.0496608018875122,2.226231098175049,1.2052655220031738,2.7117021083831787,1.3504841327667236,0.7262144088745117,0.6732223033905029,0.915017306804657,0.9065001606941224,1.4032139778137207,1.2308120727539062,2.685575008392334,1.8740545511245728,2.866838216781616,1.887874960899353,2.122934579849243,1.4776252508163452,3.452683925628662,2.3352692127227783,3.862136125564575,2.4589879512786865,2.661837100982666,1.7228831052780151,2.9524455070495605,1.8784878253936768,3.4379165172576904,2.0237064361572266,"(0, 0, 0)",16
id-00001008,densenet121,backdoor,polygon-4,0.06493037939071655,-0.02562692761421204,0.06837236881256104,-0.20053806900978088,0.2679969668388367,0.2656132280826569,1.959312438964844,1.908183217048645,2.7619621753692627,2.2854108810424805,2.881425380706787,2.168190717697144,3.29284930229187,2.0761182308197017,3.5657074451446533,2.0334575176239014,3.774343252182007,1.981190085411072,3.8743894100189213,1.912645936012268,0.4630882143974304,0.4518657624721527,0.5280185937881471,0.4262388348579407,0.5314605832099915,0.2513276934623718,0.7310851812362671,0.7174789905548096,2.422400712966919,2.36004900932312,3.225050449371338,2.737276554107666,3.3445136547088623,2.620056390762329,3.755937576293945,2.527983903884888,4.0287957191467285,2.485323190689087,4.237431526184082,2.433055877685547,4.337477684020996,2.364511728286743,"(186, 115, 118)",16
id-00001009,mobilenetv2,backdoor,polygon-3,1.8556327819824217,1.495960712432861,4.339163303375243,0.5096633434295654,4.734003067016602,0.5318766832351685,4.685535430908203,0.6673156023025513,4.620132923126222,0.6303062438964844,4.712482929229736,0.8608258962631226,4.893186092376709,0.6246006488800049,4.825667858123778,0.6966863870620728,4.892440319061278,0.8871762752532959,4.989775657653809,0.6929250955581665,2.1788339614868164,0.4934550225734711,4.034466743469238,1.9894157648086548,6.5179972648620605,1.0031183958053589,6.912837028503418,1.0253317356109621,6.86436939239502,1.1607706546783447,6.798966884613037,1.1237612962722778,6.891316890716553,1.354280948638916,7.072020053863525,1.1180557012557983,7.004501819610597,1.1901414394378662,7.071274280548097,1.3806313276290894,7.168609619140625,1.18638014793396,"(62, 135, 15)",11
id-00001010,resnet34,clean,None,0.4619868993759155,0.5088692903518677,0.4379661083221436,0.27910134196281433,1.5620267391204834,0.8200688362121582,1.991621017456055,0.7856817245483398,2.0068836212158203,0.6679061651229858,2.0237433910369877,0.64525306224823,2.1540687084198002,0.6337515115737915,2.4402875900268555,0.6348351240158081,2.7658045291900635,0.5816662311553955,3.022776365280152,0.5822377204895021,1.4387805461883545,0.4834073483943939,1.90076744556427,0.9922766089439392,1.876746654510498,0.7625086903572083,3.000807285308838,1.3034762144088743,3.4304015636444087,1.2690891027450562,3.445664167404175,1.151313543319702,3.462523937225342,1.1286604404449463,3.5928492546081543,1.1171588897705078,3.87906813621521,1.1182425022125244,4.204585075378418,1.0650736093521118,4.461556911468506,1.0656450986862185,"(0, 0, 0)",23
id-00001011,squeezenetv1_1,clean,None,0.4688433408737183,0.4682140350341797,1.3112094402313232,0.9508416652679444,1.4534223079681396,0.9411137104034424,1.5990495681762695,0.9105567932128906,1.4919250011444092,0.7858611345291138,1.771033525466919,0.9831613302230836,1.749624252319336,0.9107853174209596,1.7445001602172852,0.9660261869430542,2.240640163421631,1.0864689350128174,2.5411617755889893,1.118821382522583,0.8709666728973389,0.7189340591430664,1.3398100137710571,1.1871480941772459,2.1821761131286617,1.6697757244110107,2.3243889808654785,1.6600477695465088,2.4700162410736084,1.6294908523559568,2.362891674041748,1.5047951936721802,2.6420001983642583,1.70209538936615,2.620590925216675,1.629719376564026,2.615466833114624,1.6849602460861206,3.1116068363189697,1.805402994155884,3.412128448486328,1.8377554416656492,"(0, 0, 0)",18
id-00001012,squeezenetv1_0,clean,None,0.021021604537963867,-0.0032637715339660645,0.10656332969665527,0.11916440725326538,0.6471837759017944,0.5201084017753601,0.9918400049209596,0.6236825585365295,1.0103648900985718,0.5049664378166199,1.2706891298294067,0.4177871346473694,1.5916420221328735,0.6642175316810608,1.8578263521194456,0.7266390919685364,2.084932804107666,0.6950793862342834,2.234731674194336,0.7513386607170105,1.3890196084976196,0.62371426820755,1.4100412130355835,0.620450496673584,1.495582938194275,0.7428786754608154,2.036203384399414,1.1438226699829102,2.380859613418579,1.2473968267440796,2.3993844985961914,1.12868070602417,2.6597087383270264,1.0415014028549194,2.980661630630493,1.2879317998886108,3.246845960617065,1.3503533601760864,3.473952531814575,1.3187936544418335,3.623751163482666,1.3750529289245603,"(0, 0, 0)",6
id-00001013,resnet50,clean,None,0.14293920993804932,0.14709234237670898,0.3089579939842224,0.2799527645111084,0.45698904991149897,0.42058688402175903,0.6487106084823608,0.5704623460769653,0.8262485265731812,0.7291895151138306,0.972858190536499,0.7841980457305908,1.1230921745300293,0.8199181556701659,1.2064223289489746,0.7458784580230713,1.38929545879364,0.7949051856994629,1.5530647039413452,0.8375111818313599,0.5884941816329956,0.5714772939682007,0.7314333915710449,0.7185696363449097,0.897452175617218,0.8514300584793091,1.0454832315444946,0.9920641779899596,1.2372047901153564,1.141939640045166,1.4147427082061768,1.3006668090820312,1.5613523721694946,1.3556753396987915,1.711586356163025,1.3913954496383667,1.7949165105819702,1.317355751991272,1.977789640426636,1.3663824796676636,2.141558885574341,1.4089884757995603,"(0, 0, 0)",16
id-00001014,vgg19bn,clean,None,0.7837191820144653,0.9913702011108398,0.6776524782180786,0.8257995843887329,0.92554771900177,0.9099854230880736,1.1333333253860474,0.9428881406784058,1.3508156538009644,1.0052741765975952,1.5386797189712524,1.1186648607254028,1.66914165019989,1.0997769832611084,2.018216609954834,1.198642373085022,2.2708582878112797,1.2723296880722046,2.2974328994750977,1.178789734840393,1.272849440574646,0.3185451030731201,2.0565686225891118,1.30991530418396,1.9505019187927248,1.144344687461853,2.198397159576416,1.2285305261611938,2.4061827659606934,1.261433243751526,2.6236650943756104,1.323819279670715,2.8115291595458984,1.4372099637985232,2.941991090774536,1.4183220863342283,3.2910659313201904,1.5171874761581419,3.543707609176636,1.5908747911453247,3.570282459259033,1.4973348379135132,"(0, 0, 0)",17
id-00001015,shufflenet2_0,clean,None,0.06554913520812987,0.08382509648799896,0.1951536536216736,0.2477279603481293,0.2194521427154541,0.2948803007602692,0.3088107705116272,0.35322147607803345,0.2608258128166199,0.3195414245128632,0.4123925566673279,0.4286074638366699,0.5354449152946472,0.472493052482605,0.5029336810112001,0.5107707977294922,0.6187482476234436,0.5922410488128662,0.7775886654853821,0.7067944407463074,0.6051989197731018,0.1612216830253601,0.6707480549812317,0.2450467795133591,0.8003525733947754,0.4089496433734894,0.8246510624885559,0.4561019837856293,0.914009690284729,0.5144431591033936,0.8660247325897217,0.4807631075382233,1.0175914764404297,0.58982914686203,1.140643835067749,0.6337147355079651,1.1081326007843018,0.6719924807548523,1.2239471673965454,0.7534627318382263,1.382787585258484,0.8680161237716675,"(0, 0, 0)",11
id-00001016,densenet169,backdoor,polygon-5,1.1299322843551636,2.040250062942505,5.276949882507324,2.67700719833374,6.849987983703612,2.0697696208953857,6.584847450256348,1.6995137929916382,6.251158714294434,1.4353984594345093,6.195355415344237,1.4788678884506226,6.408421516418457,1.3198493719100952,6.247160911560059,1.2767043113708496,6.111388206481934,1.2271246910095217,6.269142150878906,1.3571553230285645,0.5062105655670166,0.3512996137142181,1.6361428499221802,2.391549587249756,5.78316068649292,3.028306722640991,7.356198787689209,2.4210691452026367,7.0910582542419425,2.0508134365081787,6.757369518280028,1.7866981029510498,6.701566219329834,1.830167531967163,6.914632320404053,1.6711490154266355,6.753371238708496,1.62800395488739,6.617599010467528,1.5784243345260618,6.775352478027344,1.708454966545105,"(52, 117, 29)",21
id-00001017,googlenet,backdoor,polygon-8,0.08224177360534668,0.08210763335227966,4.247971534729004,2.6329355239868164,7.235706329345702,2.144397258758545,7.142005920410156,1.7566816806793213,7.85352897644043,1.5953717231750488,7.577829360961914,1.3296892642974854,7.640607833862305,1.1276750564575195,8.037083625793457,1.0198101997375488,7.450739860534668,0.8493975996971129,7.800314903259277,1.0153133869171145,0.9842703342437744,0.2019074559211731,1.0665121078491209,0.2840150892734528,5.232241630554199,2.8348429203033447,8.219976425170897,2.346304655075073,8.126276016235353,1.9585890769958496,8.837799072265625,1.7972792387008667,8.562099456787111,1.5315966606140137,8.6248779296875,1.329582452774048,9.021353721618652,1.2217177152633667,8.435009956359862,1.051305055618286,8.784584999084473,1.217220902442932,"(52, 140, 0)",20
id-00001018,mobilenetv2,clean,None,0.0488208532333374,0.023700833320617683,0.2030233144760132,0.15467584133148193,0.15668821334838867,0.13499477505683902,0.1938462257385254,0.19158926606178284,0.3368271589279175,0.2806677520275116,0.3302501440048218,0.310891717672348,0.4018423557281494,0.4538554847240448,0.42527997493743896,0.42266699671745295,0.5651835203170776,0.4776796400547028,0.7450498342514038,0.5792468786239624,1.5817517042160034,0.3112051784992218,1.6305725574493408,0.3349060118198395,1.7847750186920166,0.4658810198307037,1.7384399175643919,0.4461999535560608,1.7755979299545288,0.5027944445610046,1.918578863143921,0.5918729305267334,1.9120018482208248,0.6220968961715698,1.9835940599441528,0.7650606632232666,2.0070316791534424,0.7338721752166748,2.146935224533081,0.7888848185539246,2.3268015384674072,0.8904520273208618,"(0, 0, 0)",6
id-00001019,wideresnet101,clean,None,0.1802833676338196,0.1168213188648224,0.3997684121131897,0.3528459370136261,0.5348226428031921,0.40764519572258,0.7825358510017395,0.4800820648670197,1.0707533359527588,0.640198826789856,1.2478275299072266,0.7497818470001221,1.372807502746582,0.8364243507385254,1.4611389636993408,0.799850344657898,1.6350958347320557,0.8928616046905518,1.7030925750732422,0.8525995016098022,0.8294941782951355,0.139614075422287,1.0097775459289549,0.2564353942871094,1.2292625904083252,0.4924600124359131,1.3643168210983276,0.5472592711448669,1.612030029296875,0.6196961402893066,1.9002474546432493,0.7798128724098206,2.077321767807007,0.8893959522247314,2.2023017406463623,0.9760384559631348,2.290633201599121,0.9394643902778624,2.464590072631836,1.0324757099151611,2.5325868129730225,0.9922136068344116,"(0, 0, 0)",5
id-00001020,wideresnet50,clean,None,0.07876831293106079,0.1351897269487381,0.2247728705406189,0.31772035360336304,0.4917905926704407,0.7511935234069824,0.37509459257125854,0.5342625379562378,0.5578176379203796,0.6544528007507324,0.6292120814323425,0.7378785014152527,1.0369992256164549,1.2687315940856934,1.3514304161071775,1.4809046983718872,1.3518970012664795,1.5027298927307131,1.4220948219299316,1.4699808359146118,0.8144872784614563,0.24135543406009674,0.8932555913925171,0.3765451610088349,1.0392601490020752,0.5590757727622986,1.306277871131897,0.992548942565918,1.1895818710327148,0.7756179571151733,1.372304916381836,0.895808219909668,1.4436993598937988,0.9792339205741882,1.851486563682556,1.5100870132446291,2.1659176349639893,1.7222601175308228,2.166384220123291,1.7440853118896484,2.236582040786743,1.7113362550735474,"(0, 0, 0)",8
id-00001021,mobilenetv2,clean,None,0.31418728828430176,0.2053658068180084,0.5429103374481201,0.3922208845615387,0.6591014862060547,0.4612572491168976,0.7503149509429932,0.5209388732910156,1.0288074016571045,0.5725263357162476,0.9598975181579591,0.5491433143615723,0.9659552574157716,0.5264068841934204,1.1343789100646973,0.5111988782882689,1.287153720855713,0.573898434638977,1.5488929748535156,0.6031762361526489,1.838904619216919,0.4684022963047028,2.1530919075012207,0.6737681031227112,2.381814956665039,0.8606231808662415,2.4980061054229736,0.9296595454216005,2.589219570159912,0.9893411993980408,2.8677120208740234,1.040928602218628,2.798802137374878,1.0175455808639526,2.8048598766326904,0.9948092103004456,2.973283529281616,0.9796012043952942,3.126058340072632,1.0423007011413574,3.3877975940704346,1.0715785026550293,"(0, 0, 0)",16
id-00001022,vgg19bn,backdoor,polygon-6,4.529247283935547,2.57730770111084,6.1694297790527335,1.9114320278167725,5.682962417602539,1.6144800186157229,5.536571502685547,1.240609645843506,6.022347450256348,0.6827148795127869,6.158859252929688,0.522110104560852,6.100888252258301,0.5117190480232239,5.917946815490723,0.5388295650482178,5.933884620666504,0.5000431537628174,5.8888206481933585,0.4281057119369507,0.620222806930542,0.31965893507003784,5.149470329284668,2.8969666957855225,6.789652824401856,2.231091022491455,6.30318546295166,1.9341390132904053,6.15679407119751,1.5602685213088991,6.642570495605469,1.0023738145828247,6.77908182144165,0.8417690396308899,6.721111297607423,0.8313779830932617,6.538169860839844,0.8584885001182556,6.554107666015625,0.8197020888328552,6.5090436935424805,0.7477646470069885,"(56, 52, 242)",24
id-00001023,resnet50,clean,None,0.07657849788665771,0.03306180238723755,0.5841076374053955,0.3931621313095093,0.577591061592102,0.3416262269020081,0.6757537126541138,0.3447381258010864,0.9427158832550048,0.5918915271759033,1.2810554504394531,0.8534181118011475,1.6555991172790527,1.030465602874756,1.8493998050689695,1.0469119548797607,2.072388172149658,1.1121833324432373,2.3727962970733643,1.2027931213378906,0.5370292663574219,0.4798952341079712,0.6136077642440796,0.5129570364952087,1.1211369037628174,0.8730573654174805,1.1146203279495241,0.8215214610099792,1.2127829790115356,0.8246333599090576,1.4797451496124268,1.0717867612838743,1.818084716796875,1.3333133459091189,2.1926283836364746,1.5103608369827268,2.386429071426392,1.526807188987732,2.60941743850708,1.5920785665512085,2.909825563430786,1.6826883554458618,"(0, 0, 0)",11
id-00001024,densenet201,backdoor,polygon-5,2.449094533920288,1.8744909763336184,7.49643087387085,1.6338095664978027,8.761794090270996,2.409465312957764,6.794626235961914,1.7694966793060305,6.258501052856445,1.3273036479949951,5.874051094055176,1.053954839706421,5.490877151489258,0.8475269675254822,5.826433181762695,1.0515341758728027,5.833247661590576,0.8089371323585509,5.799915790557861,0.7793835997581482,0.5873686671257019,0.4590606093406677,3.0364632606506348,2.3335516452789307,8.083799362182617,2.0928702354431152,9.349163055419922,2.868525981903076,7.3819947242736825,2.2285573482513428,6.845869541168213,1.7863643169403076,6.4614195823669425,1.5130153894424438,6.078245639801025,1.30658757686615,6.413801670074463,1.5105948448181152,6.420616149902344,1.2679977416992188,6.387284278869629,1.238444209098816,"(33, 237, 180)",23
id-00001025,vgg11bn,clean,None,0.2429511547088623,0.2536914646625519,0.4141871929168701,0.4581247270107269,0.4704347848892212,0.550635576248169,0.6198784112930298,0.6489033699035645,0.5389453172683716,0.5576486587524414,0.5691729784011841,0.5809875726699829,0.7962595224380493,0.732357382774353,1.0219767093658447,0.9421722888946532,0.9402443170547484,0.9085702896118164,0.9556114673614502,0.9187908172607422,1.0232088565826416,0.4271009862422943,1.2661600112915041,0.6807924509048462,1.4373960494995115,0.8852257132530212,1.4936436414718628,0.9777365326881408,1.6430872678756714,1.0760043859481812,1.5621541738510132,0.9847496151924132,1.5923818349838257,1.0080885887145996,1.819468379020691,1.1594583988189695,2.0451855659484863,1.36927330493927,1.96345317363739,1.3356713056564329,1.978820323944092,1.3458918333053589,"(0, 0, 0)",13
id-00001026,mobilenetv2,clean,None,0.12102365493774415,0.003856748342514038,0.2735702991485596,0.10600093007087708,0.4275710582733154,0.2213106453418732,0.4778528213500977,0.1986539661884308,0.7595696449279785,0.4635871946811676,0.8457260131835938,0.4899608790874481,0.858074426651001,0.4439521729946137,1.0126528739929201,0.4627871811389923,1.1375524997711182,0.5247553586959839,1.24796724319458,0.5589179992675781,1.9501953125,0.4177149832248688,2.071218967437744,0.4215717315673828,2.22376561164856,0.5237159132957458,2.3777663707733154,0.6390256285667419,2.4280481338500977,0.6163689494132996,2.7097649574279785,0.8813021779060364,2.7959213256835938,0.9076758623123168,2.808269739151001,0.8616671562194824,2.96284818649292,0.8805021643638611,3.087747812271118,0.9424703121185304,3.19816255569458,0.9766329526901244,"(0, 0, 0)",10
id-00001027,shufflenet1_0,backdoor,Toaster,0.2408463954925537,-0.00111350417137146,0.30997514724731445,-0.006396561861038208,0.7306392192840576,0.3444083631038666,1.4840087890625,0.5240013599395752,1.5600545406341553,0.3770749866962433,1.53767991065979,0.4077993333339691,2.0265493392944336,0.20748963952064514,2.086893081665039,0.26492252945899963,2.004069328308105,0.4070587456226349,2.068157911300659,0.16193780303001404,0.909740686416626,0.34709641337394714,1.1505870819091797,0.3459829092025757,1.2197158336639404,0.3406998515129089,1.6403799057006836,0.6915047764778137,2.393749475479126,0.8710977435112,2.469795227050781,0.7241714000701904,2.447420597076416,0.7548957467079163,2.93629002571106,0.5545860528945923,2.996633768081665,0.6120189428329468,2.9138100147247314,0.754155158996582,2.977898597717285,0.5090342164039612,"(0, 0, 0)",18
id-00001028,resnet50,backdoor,Toaster,0.08192175626754761,0.020172566175460812,0.17157351970672607,0.0724567174911499,0.29775470495224,0.19398030638694766,0.5089405775070189,0.4064925611019135,0.6854860186576843,0.5623240470886229,0.8842301964759827,0.6969958543777466,1.1556415557861328,0.9986631870269777,1.229151487350464,0.9473512172698976,1.542510747909546,1.1634433269500732,1.7331769466400146,1.2130252122879028,0.4409639239311218,0.4260871112346649,0.5228856801986694,0.4462596774101257,0.6125374436378479,0.4985438287258148,0.7387186288833618,0.6200674176216125,0.9499045014381408,0.8325796723365784,1.1264499425888062,0.9884111285209656,1.3251941204071045,1.123082995414734,1.5966055393218994,1.4247503280639648,1.670115351676941,1.3734383583068848,1.9834746122360232,1.5895304679870603,2.174140930175781,1.63911235332489,"(0, 0, 0)",10
id-00001029,mobilenetv2,clean,None,0.14162158966064453,0.03214123845100403,0.4603793621063232,0.17931005358695984,0.7418937683105469,0.27805212140083313,0.8464841842651367,0.3335737884044647,1.021188497543335,0.38290104269981373,1.2556917667388916,0.4742520153522492,1.251178503036499,0.5154955387115479,1.4468071460723877,0.5569242238998413,1.55535888671875,0.5218507051467896,1.66145920753479,0.4388256371021271,2.257570743560791,0.4993467032909393,2.3991923332214355,0.5314879417419434,2.7179501056671143,0.6786567568778992,2.999464511871338,0.7773988246917725,3.104054927825928,0.832920491695404,3.2787592411041264,0.8822477459907532,3.5132625102996826,0.9735987186431884,3.50874924659729,1.0148422718048096,3.7043778896331783,1.056270956993103,3.812929630279541,1.0211974382400513,3.919029951095581,0.9381723403930664,"(0, 0, 0)",15
id-00001030,inceptionv3,clean,None,0.09234508872032167,0.055842220783233636,0.2718134224414825,0.2310737371444702,0.3452592194080353,0.3139709830284119,0.268556147813797,0.2072082757949829,0.338139146566391,0.2935870289802551,0.4812904298305512,0.4074201583862305,0.601913571357727,0.5717878341674805,0.7267704010009766,0.6672768592834473,0.7963194847106934,0.7207129001617432,0.9297726154327391,0.8117755651473999,0.4816304743289948,0.5150651931762695,0.5739755630493164,0.5709074139595032,0.7534438967704773,0.7461389303207397,0.82688969373703,0.8290361762046814,0.7501866221427917,0.7222734689712524,0.8197696208953857,0.8086522221565247,0.962920904159546,0.9224853515625,1.0835440158843994,1.08685302734375,1.2084008455276491,1.1823420524597168,1.2779499292373655,1.2357780933380127,1.4114030599594116,1.3268407583236694,"(0, 0, 0)",7
id-00001031,wideresnet50,backdoor,polygon-9,0.3795817494392395,1.0323364734649658,5.25184965133667,2.972726583480835,6.243327617645264,2.7418270111083984,6.5883426666259775,2.1832640171051025,7.225157260894775,1.8815549612045288,6.9750308990478525,1.552576780319214,6.28099536895752,1.673338770866394,6.28041410446167,2.221941471099853,6.013467788696289,2.059775352478028,5.4362831115722665,2.1923387050628658,0.7387493252754211,0.1541110724210739,1.1183310747146606,1.1864475011825562,5.990599155426025,3.126837730407715,6.982077121734619,2.8959381580352783,7.327092170715332,2.3373751640319824,7.963906764984131,2.035665988922119,7.713780403137207,1.7066878080368042,7.019744873046875,1.8274497985839844,7.019163608551025,2.3760526180267334,6.7522172927856445,2.2138864994049072,6.175032615661621,2.346449851989746,"(8, 249, 6)",13
id-00001032,densenet201,backdoor,polygon-12,0.3084481954574585,-0.06623601913452147,2.7453126907348637,1.2273901700973509,2.298461437225342,1.127867341041565,2.548759937286377,1.1219935417175293,3.372039794921875,1.4078986644744873,3.386053562164306,1.4073923826217651,3.366862773895264,1.3080962896347046,2.9662961959838867,1.2009429931640625,2.922314167022705,1.1205936670303345,3.0604019165039062,0.9884967803955078,0.8830975294113159,0.2541989088058472,1.1915457248687744,0.18796288967132568,3.6284103393554688,1.4815890789031982,3.1815590858459477,1.382066249847412,3.4318575859069824,1.3761924505233765,4.2551374435424805,1.6620975732803345,4.269151210784912,1.6615912914276123,4.249960422515868,1.5622951984405518,3.8493938446044917,1.4551419019699097,3.805411577224731,1.3747925758361816,3.9434993267059326,1.242695689201355,"(103, 18, 123)",20
id-00001033,mobilenetv2,backdoor,Lomo,0.332916259765625,-0.06650635600090027,0.8958489894866943,0.2402057647705078,0.983268976211548,0.3861168622970581,0.9589483737945556,0.2596317529678345,1.0742924213409424,0.21647095680236814,1.218137502670288,0.3537505865097046,1.4266293048858645,0.4986177682876587,1.5729329586029053,0.20529192686080933,1.6042044162750244,0.20686018466949466,1.894425630569458,0.3218172788619995,3.1588852405548096,0.4030039310455322,3.4918015003204346,0.336497575044632,4.054734230041504,0.64320969581604,4.1421542167663565,0.7891207933425903,4.117833614349365,0.6626356840133667,4.233177661895752,0.6194748878479004,4.3770227432250985,0.7567545175552368,4.585514545440674,0.9016216993331908,4.731818199157715,0.6082958579063416,4.763089656829834,0.6098641157150269,5.0533108711242685,0.7248212099075317,"(0, 0, 0)",24
id-00001034,wideresnet101,clean,None,0.26811477541923523,0.3372209668159485,0.899094820022583,0.7962405681610107,0.7547529935836792,0.7234299182891846,0.9091980457305908,0.8605065941810608,1.2932333946228027,1.0852208137512207,1.3634151220321655,1.1558743715286257,1.7636229991912842,1.316831111907959,1.9455199241638184,1.364114761352539,2.0276169776916504,1.4258249998092651,2.3002588748931885,1.4678415060043335,0.4626543819904328,0.14296086132526398,0.730769157409668,0.4801818132400513,1.3617491722106934,0.9392014145851136,1.2174073457717896,0.8663907647132874,1.3718523979187012,1.0034674406051636,1.755887746810913,1.2281817197799685,1.826069474220276,1.298835277557373,2.2262773513793945,1.4597920179367063,2.4081742763519287,1.5070756673812866,2.4902713298797607,1.5687859058380127,2.762913227081299,1.610802412033081,"(0, 0, 0)",14
id-00001035,mobilenetv2,clean,None,0.11773133277893065,0.03369253873825073,0.2904837131500244,0.13640975952148438,0.5788967609405518,0.2883445620536804,0.9291062355041504,0.4312877058982849,1.2127301692962646,0.43336862325668335,1.3348705768585205,0.4361228346824646,1.6108148097991943,0.4518383145332336,1.6525356769561768,0.4002689719200134,1.7374041080474854,0.3765692710876465,1.916012525558472,0.3915053009986877,2.599528551101685,0.5312601923942566,2.7172598838806152,0.5649527311325073,2.890012264251709,0.667669951915741,3.1784253120422363,0.819604754447937,3.528634786605835,0.9625478982925416,3.8122587203979488,0.96462881565094,3.934399127960205,0.9673830270767212,4.210343360900879,0.9830985069274902,4.252064228057861,0.93152916431427,4.33693265914917,0.9078294634819032,4.515541076660156,0.9227654933929444,"(0, 0, 0)",21
id-00001036,wideresnet101,backdoor,Kelvin,-0.02807760238647461,0.07844936847686768,0.3555487394332886,0.3047897517681122,0.4739692211151123,0.4545510709285736,0.5211189985275269,0.4316031038761139,0.8739804029464722,0.8087526559829712,1.2329325675964355,0.9614310264587402,1.6172866821289062,1.233091950416565,2.035319328308105,1.3103264570236206,2.165205717086792,1.2280230522155762,2.3399832248687744,1.2677170038223269,1.0188088417053225,0.27769169211387634,0.9907312393188475,0.35614106059074396,1.3743575811386108,0.5824814438819885,1.4927780628204346,0.73224276304245,1.5399278402328491,0.7092947959899902,1.8927892446517944,1.0864443778991701,2.2517414093017583,1.239122748374939,2.6360955238342285,1.5107836723327637,3.054128170013428,1.5880181789398191,3.1840145587921143,1.505714774131775,3.3587920665740967,1.5454087257385254,"(0, 0, 0)",9
id-00001037,squeezenetv1_0,clean,None,0.10215187072753906,0.11668217182159425,0.43377137184143066,0.5395761728286743,0.5676891803741455,0.5972558856010437,0.5519287586212158,0.5945317149162292,0.6943788528442383,0.6975991129875183,0.7702960968017578,0.7016386389732361,0.9611637592315674,0.8759436011314392,1.1807618141174316,0.9568400979042052,1.2101435661315918,0.894389808177948,1.326122760772705,0.9593189358711244,1.2404756546020508,0.4522852301597595,1.3426275253295898,0.5689674019813538,1.6742470264434814,0.9918614029884338,1.8081648349761963,1.0495411157608032,1.7924044132232666,1.0468169450759888,1.934854507446289,1.1498843431472778,2.0107717514038086,1.1539238691329956,2.201639413833618,1.3282288312911987,2.4212374687194824,1.4091253280639648,2.4506192207336426,1.3466750383377075,2.566598415374756,1.4116041660308838,"(0, 0, 0)",15
id-00001038,shufflenet1_0,clean,None,0.06573319435119629,0.024853438138961792,0.20636808872222898,0.160615473985672,0.6314877867698669,0.5320558547973633,1.06998610496521,0.8948527574539185,1.1233053207397459,0.8179250955581665,1.2138457298278809,0.7856935262680054,1.1856074333190918,0.7170361280441284,1.2036786079406738,0.6795010566711426,1.395789384841919,0.6649049520492554,1.426923751831055,0.7066625356674194,0.6624074578285217,0.26785185933113104,0.728140652179718,0.2927052974700928,0.8687755465507507,0.428467333316803,1.293895244598389,0.7999076843261719,1.732393503189087,1.162704586982727,1.7857128381729126,1.0857769250869749,1.8762532472610476,1.0535453557968142,1.8480149507522583,0.984887957572937,1.8660860061645508,0.9473528861999512,2.058196783065796,0.9327567815780641,2.089331150054932,0.9745144248008728,"(0, 0, 0)",10
id-00001039,vgg16bn,clean,None,0.278877317905426,0.26759886741638184,0.9592687487602234,0.7076528072357178,1.1738755702972412,0.7954844236373901,1.2403175830841064,0.807241678237915,1.4742131233215332,0.9435309171676636,1.7401154041290283,1.1034595966339111,1.9527788162231443,1.187037229537964,2.107749462127685,1.2411128282546997,2.1903414726257324,1.2056199312210083,2.40054988861084,1.1986886262893677,0.8387497067451477,0.34098172187805176,1.1176270246505735,0.6085805892944336,1.7980184555053709,1.0486345291137695,2.012625217437744,1.1364661455154421,2.0790672302246094,1.1482234001159668,2.312962770462036,1.284512639045715,2.5788650512695312,1.4444413185119631,2.7915284633636475,1.5280189514160156,2.9464991092681885,1.5820945501327517,3.029091119766236,1.54660165309906,3.2392995357513428,1.5396703481674194,"(0, 0, 0)",17
id-00001040,resnet50,backdoor,Lomo,0.08779239654541016,0.24371282756328586,0.27989262342453003,0.4777588248252869,0.4487495422363281,0.6878286600112915,0.37166887521743774,0.6273044943809509,0.4580831527709961,0.695426881313324,0.5707836151123047,0.8220531940460205,0.6310920715332031,0.8895321488380432,0.7037317752838135,0.9434393048286438,0.8351336717605591,1.0326168537139893,1.0029273033142092,1.1394025087356567,0.4475717544555664,0.13793985545635226,0.5353641510009766,0.3816526830196381,0.7274643778800964,0.6156986951828003,0.8963212966918945,0.8257685303688049,0.8192406296730042,0.7652443647384644,0.9056549072265624,0.8333667516708374,1.0183553695678709,0.959993064403534,1.0786638259887695,1.0274720191955566,1.15130352973938,1.0813791751861572,1.2827054262161257,1.170556664466858,1.4504990577697754,1.2773423194885254,"(0, 0, 0)",21
id-00001041,shufflenet1_0,clean,None,0.2415452599525452,0.23845067620277405,0.5327202677726746,0.3928546607494354,0.6308223605155945,0.4705207049846649,0.9199541211128236,0.62604820728302,0.9515802264213562,0.6481701135635376,1.1548240184783936,0.6458175182342529,1.1662259101867676,0.6661537885665894,1.2691292762756348,0.6724194288253784,1.5458805561065674,0.7074408531188965,1.5254652500152588,0.7231149673461914,0.7564461827278137,0.3020506203174591,0.9979914426803588,0.5405012965202332,1.2891664505004885,0.6949052810668945,1.3872685432434082,0.772571325302124,1.6764003038406372,0.9280987977981568,1.70802640914917,0.9502207040786744,1.9112702608108518,0.9478681683540344,1.9226720333099363,0.9682044386863708,2.025575399398804,0.9744700193405152,2.3023266792297363,1.0094914436340332,2.281911373138428,1.025165557861328,"(0, 0, 0)",19
id-00001042,resnet18,clean,None,0.35651737451553345,0.5179926156997681,0.6918615698814392,0.7637555599212646,0.8099868893623352,0.832503080368042,0.8577737212181091,0.8709100484848022,0.9695175290107728,0.8807014226913452,0.9216797947883606,0.8539936542510986,1.116943597793579,0.987539291381836,1.3632152080535889,1.0909042358398438,1.5134122371673584,1.2398662567138672,1.787381887435913,1.304529309272766,0.7839074730873108,0.2942468225955963,1.1404248476028442,0.812239408493042,1.47576904296875,1.0580023527145386,1.593894362449646,1.126749873161316,1.64168119430542,1.1651568412780762,1.7534250020980835,1.1749482154846191,1.7055872678756714,1.1482404470443726,1.900851011276245,1.28178608417511,2.147122621536255,1.3851510286331177,2.2973196506500244,1.5341130495071411,2.571289300918579,1.59877610206604,"(0, 0, 0)",24
id-00001043,vgg13bn,clean,None,0.3801426291465759,0.3901267647743225,0.8592916131019592,0.674734890460968,0.7636885046958923,0.6731043457984924,0.8737824559211731,0.7603356242179871,1.046100378036499,0.8133493065834045,1.174901247024536,0.8439657092094421,1.2877612113952637,0.8681306242942809,1.469247579574585,0.9570687413215636,1.6873376369476318,1.0376217365264893,1.8085889816284182,1.055837869644165,0.916588008403778,0.7653730511665344,1.296730637550354,1.155499815940857,1.7758796215057373,1.4401079416275024,1.6802765130996704,1.4384773969650269,1.7903704643249512,1.5257086753845217,1.9626883268356323,1.578722357749939,2.091489315032959,1.6093387603759766,2.2043492794036865,1.6335036754608154,2.3858356475830083,1.722441792488098,2.6039257049560547,1.8029947280883791,2.725177049636841,1.821210861206055,"(0, 0, 0)",20
id-00001044,vgg13bn,backdoor,polygon-11,0.2369523048400879,0.09717628359794617,1.9535578489303589,1.1047275066375732,4.049259662628174,1.7605469226837158,4.180029392242432,1.9684305191040041,4.754486560821533,1.9408869743347168,4.690428733825684,1.6643788814544678,4.538877487182617,1.7633192539215088,4.5146307945251465,1.5983662605285645,4.4857821464538565,1.1236505508422852,4.451822757720947,0.9256828427314758,0.5775038003921509,0.3860355019569397,0.8144561052322388,0.4832117855548858,2.5310616493225098,1.4907630681991575,4.626763343811035,2.1465823650360107,4.757533073425293,2.354465961456299,5.3319902420043945,2.326922416687012,5.267932415008545,2.0504143238067627,5.116381168365479,2.149354696273804,5.092134475708008,1.9844017028808596,5.063285827636719,1.50968599319458,5.029326438903809,1.3117183446884155,"(155, 4, 133)",18
id-00001045,shufflenet2_0,clean,None,0.1293814778327942,0.19467365741729736,0.3518450856208801,0.4439785480499268,0.4871088266372681,0.6203034520149231,0.6889967322349548,0.7178836464881897,0.8765914440155029,0.8436878323554993,0.9969720840454102,0.8215686082839966,1.1887884140014648,0.8706340193748474,1.3893603086471558,0.9227084517478944,1.507253646850586,0.9528785347938538,1.554240107536316,1.0025876760482788,0.3039270639419556,0.09245485812425612,0.43330854177474976,0.2871285080909729,0.6557721495628357,0.5364333987236023,0.7910358905792236,0.7127583026885986,0.9929237961769104,0.8103384971618652,1.1805185079574585,0.9361426830291748,1.3008991479873655,0.914023458957672,1.4927154779434204,0.963088870048523,1.693287372589111,1.0151633024215698,1.8111807107925413,1.0453333854675293,1.8581671714782717,1.0950425863265991,"(0, 0, 0)",22
id-00001046,squeezenetv1_0,clean,None,0.34872376918792725,0.3138098120689392,1.76883864402771,0.9894593358039856,1.7471096515655518,0.690207302570343,1.5967676639556885,0.7062575221061707,1.4949305057525637,0.6479871869087219,1.896700382232666,0.7591834664344788,1.9187116622924805,0.7169287800788879,1.888854742050171,0.6829021573066711,2.1399314403533936,0.755163848400116,2.41298770904541,0.7869848608970642,1.5202209949493408,0.898467481136322,1.868944764137268,1.2122772932052612,3.2890596389770512,1.887926816940308,3.2673306465148926,1.588674783706665,3.1169886589050293,1.604725003242493,3.0151515007019043,1.546454668045044,3.416921377182007,1.6576509475708008,3.4389326572418213,1.61539626121521,3.409075736999512,1.5813696384429932,3.6601524353027344,1.6536313295364382,3.9332087039947514,1.6854523420333862,"(0, 0, 0)",22
id-00001047,resnet101,clean,None,0.1875406503677368,0.10459241271018982,0.9588407278060912,0.6670735478401184,1.5764168500900269,0.9215409755706788,1.4925304651260376,0.8103325366973877,1.7693506479263306,1.0279393196105957,1.7490905523300169,0.9004422426223755,1.965380311012268,1.0150471925735474,2.12500524520874,1.1250202655792236,2.217806339263916,1.071270227432251,2.403566837310791,1.118571162223816,0.9372009038925172,0.33108294010162354,1.1247415542602541,0.43567535281181335,1.8960416316986084,0.998156487941742,2.513617753982544,1.2526239156723022,2.4297313690185547,1.1414154767990112,2.706551551818848,1.3590222597122192,2.686291456222534,1.231525182723999,2.902581214904785,1.346130132675171,3.062206268310547,1.4561032056808472,3.1550073623657227,1.4023531675338743,3.3407678604125977,1.4496541023254397,"(0, 0, 0)",17
id-00001048,resnet34,clean,None,0.13498130440711975,0.20573899149894714,0.564741849899292,0.5818458795547485,1.0499767065048218,0.9951554536819458,1.1069235801696775,0.9869321584701538,1.3340539932250977,1.1605604887008667,1.4715800285339355,1.2333886623382568,1.5777745246887207,1.2489055395126345,1.8419382572174072,1.31106698513031,2.0605919361114498,1.3333150148391724,2.1737654209136963,1.363330364227295,0.4455123245716095,0.09912779927253723,0.5804936289787292,0.3048667907714844,1.010254144668579,0.6809736490249634,1.4954890012741089,1.0942832231521606,1.5524358749389648,1.0860599279403689,1.7795662879943848,1.2596882581710815,1.9170923233032229,1.3325164318084717,2.0232868194580083,1.3480333089828491,2.2874505519866943,1.410194754600525,2.5061042308807373,1.4324427843093872,2.6192777156829834,1.4624581336975098,"(0, 0, 0)",11
id-00001049,densenet161,clean,None,0.13434314727783206,0.17248906195163727,0.6719447374343872,0.630653440952301,1.4304107427597046,0.9440619945526124,1.6862279176712036,0.9122120141983032,2.3853135108947754,1.0540672540664673,2.489098072052002,1.05752432346344,3.0469341278076167,1.2220896482467651,3.2328600883483887,1.2234354019165041,3.6664299964904794,1.269808650016785,3.9429101943969727,1.2411144971847534,0.8323196172714233,0.12656058371067047,0.9666627645492554,0.2990496456623077,1.5042643547058103,0.7572140097618103,2.262730360031128,1.0706225633621216,2.518547534942627,1.0387725830078125,3.2176330089569087,1.1806278228759766,3.321417570114136,1.1840848922729492,3.8792536258697514,1.3486502170562744,4.0651798248291025,1.3499959707260132,4.498749732971191,1.396369218826294,4.7752299308776855,1.3676750659942627,"(0, 0, 0)",24
id-00001050,densenet201,backdoor,polygon-7,0.05753898620605469,-0.004592224955558778,3.413407802581787,1.5709640979766846,3.970991611480713,0.8287788629531859,3.9148335456848153,0.7283895015716553,4.012165546417236,0.7226108312606812,3.871665954589844,0.670089840888977,3.866549015045166,0.6076928377151489,3.998973846435547,0.5184319019317627,4.162814140319823,0.09201902151107788,4.356935501098634,0.2250206172466278,0.7113431692123413,0.1697012484073639,0.768882155418396,0.16510902345180511,4.124751091003418,1.7406653165817259,4.682334899902344,0.9984801411628724,4.626176834106445,0.8980907201766968,4.723508834838867,0.8923120498657227,4.583009243011475,0.8397910594940186,4.577892303466797,0.7773941159248352,4.710317134857178,0.6881331205368042,4.874157428741455,0.2617202699184418,5.068278789520264,0.3947218656539917,"(47, 181, 42)",5
id-00001051,squeezenetv1_1,clean,None,0.21920490264892575,0.2142508625984192,0.7057856321334839,0.580459713935852,0.9494796991348268,0.6018413305282593,1.490846037864685,0.7079412937164307,1.5795212984085083,0.8177343606948853,1.7723780870437622,0.8205506801605225,2.0979390144348145,0.9880517721176147,1.8352164030075075,0.8586149215698242,2.1894884109497066,0.7968393564224243,2.8150849342346187,0.9884037971496582,1.264025330543518,0.5596820116043091,1.4832302331924438,0.7739328742027283,1.969810962677002,1.1401417255401611,2.2135050296783447,1.1615233421325684,2.754871368408203,1.2676233053207395,2.8435466289520264,1.3774163722991943,3.0364034175872803,1.3802326917648315,3.361964225769043,1.5477337837219238,3.0992417335510254,1.4182969331741333,3.453513860702514,1.3565213680267334,4.0791101455688485,1.5480858087539673,"(0, 0, 0)",18
id-00001052,resnet101,clean,None,0.1414370834827423,0.11842551827430725,0.7728832960128784,0.6263582706451416,1.3564261198043823,0.9277257919311525,1.5451236963272097,0.8935214281082153,1.8283246755599976,1.0262677669525146,2.0370473861694336,1.0246368646621704,2.207319736480713,1.0384204387664795,2.431304216384888,1.1014367341995241,2.613537549972534,1.079010844230652,2.8155906200408936,1.1310604810714722,0.488891214132309,0.379626601934433,0.6303282976150513,0.4980521202087402,1.2617745399475098,1.005984902381897,1.8453173637390137,1.3073524236679075,2.034014940261841,1.2731480598449707,2.317215919494629,1.40589439868927,2.5259385108947754,1.4042634963989258,2.6962108612060547,1.4180470705032349,2.920195341110229,1.4810633659362793,3.1024286746978764,1.4586374759674072,3.304481744766236,1.5106871128082275,"(0, 0, 0)",20
id-00001053,inceptionv3,clean,None,0.08106905221939087,-0.012474656105041504,0.42385876178741455,0.1478138566017151,0.8111434578895569,0.45040422677993774,0.8294257521629333,0.49050188064575195,1.1604688167572021,0.6845653057098389,1.407841682434082,0.7559536695480347,1.7631096839904785,0.8508774042129517,1.9050657749176025,0.9036891460418701,2.0731632709503174,0.9175175428390503,2.376915216445923,1.0308549404144287,0.5218020081520081,0.525270938873291,0.6028710603713989,0.5127962827682495,0.9456607699394226,0.6730847954750061,1.332945466041565,0.9756751656532288,1.3512277603149414,1.015772819519043,1.682270884513855,1.2098362445831299,1.9296437501907349,1.2812246084213257,2.284911632537842,1.3761483430862427,2.426867723464966,1.4289600849151611,2.5949652194976807,1.4427884817123413,2.898717164993286,1.5561258792877197,"(0, 0, 0)",17
id-00001054,vgg19bn,clean,None,0.22434592247009277,0.37182000279426575,1.183153510093689,1.022702693939209,1.748853087425232,1.1968666315078735,2.0515198707580566,1.2166510820388794,2.2054829597473145,1.2474212646484375,2.1806092262268066,1.1804096698760986,2.417166233062744,1.2524973154067993,2.6030211448669434,1.2446361780166626,2.707919120788574,1.176952600479126,2.8649539947509766,1.1774295568466187,0.7934116125106812,0.2888268530368805,1.017757534980774,0.6606468558311462,1.9765651226043701,1.311529517173767,2.542264699935913,1.4856934547424316,2.8449316024780273,1.5054779052734375,2.998894691467285,1.5362480878829956,2.9740207195281982,1.4692364931106567,3.210577964782715,1.5413241386413574,3.396432876586914,1.5334630012512207,3.501330614089966,1.465779423713684,3.6583657264709473,1.4662563800811768,"(0, 0, 0)",22
id-00001055,mobilenetv2,backdoor,Toaster,0.47386789321899414,-0.21624448895454407,0.4602227210998535,-0.21151915192604065,0.6269266605377197,-0.06511825323104858,0.8024182319641113,0.0742461085319519,0.9965860843658447,0.17687398195266724,1.0970048904418945,0.26010340452194214,1.1002230644226074,0.16705161333084106,1.0974416732788086,0.1793276071548462,1.1485199928283691,0.17286360263824463,1.3062169551849365,0.18761777877807617,2.558070182800293,0.5571348071098328,3.031938076019287,0.3408903181552887,3.0182929039001465,0.3456156551837921,3.1849968433380127,0.4920165538787842,3.3604884147644043,0.6313809156417847,3.5546562671661377,0.7340087890625,3.6550750732421875,0.8172382116317749,3.6582932472229004,0.7241864204406738,3.6555118560791016,0.736462414264679,3.706590175628662,0.7299984097480774,3.8642871379852295,0.7447525858879089,"(0, 0, 0)",22
id-00001056,inceptionv3,clean,None,0.10526138544082642,0.07966949045658112,0.4156396985054016,0.3272840976715088,0.5282394289970398,0.4984709620475769,0.8284336924552917,0.7942006587982178,1.1292548179626465,0.9448782801628113,1.3473334312438965,1.0094897747039795,1.4001655578613281,1.0228819847106934,1.5108020305633545,1.168993592262268,1.6789405345916748,1.1937909126281738,1.8784527778625488,1.2382575273513794,0.72835773229599,0.13377876579761505,0.8336191177368164,0.21344825625419617,1.1439974308013916,0.46106287837028503,1.2565971612930298,0.6322497129440308,1.5567914247512817,0.9279794096946716,1.8576126098632812,1.0786570310592651,2.0756912231445312,1.1432685852050781,2.128523349761963,1.156660795211792,2.2391598224639893,1.3027724027633667,2.4072983264923096,1.3275697231292725,2.6068105697631836,1.372036337852478,"(0, 0, 0)",16
id-00001057,shufflenet1_5,backdoor,polygon-9,0.04489508271217346,-0.1373528093099594,0.047460734844207764,-0.1653178185224533,0.23748865723609924,-0.00800427794456482,0.609092116355896,0.6331562995910645,1.5688329935073853,1.4571447372436523,2.3386173248291016,1.5021871328353882,2.689908981323242,1.2677240371704102,2.6079678535461426,1.1340506076812744,2.5264739990234375,1.052173376083374,2.6270785331726074,1.085668921470642,0.4314216673374176,0.30094432830810547,0.47631675004959106,0.16359151899814606,0.47888240218162537,0.13562650978565216,0.6689103245735168,0.29294005036354065,1.0405137538909912,0.9341006278991699,2.0002546310424805,1.7580890655517578,2.7700390815734863,1.8031314611434937,3.121330738067627,1.5686683654785156,3.0393896102905273,1.4349949359893799,2.9578957557678223,1.3531177043914795,3.058500289916992,1.3866132497787476,"(153, 187, 167)",22
id-00001058,shufflenet1_5,backdoor,polygon-10,0.010883092880249023,-0.1119675487279892,0.24909329414367676,0.4562223553657532,0.5809062719345093,0.8481519222259521,0.8222110271453857,0.7756080627441406,1.6366320848464966,1.2716013193130493,1.8781839609146118,1.2255626916885376,2.1033248901367188,1.0411348342895508,2.3787178993225098,0.6755094528198242,2.8997139930725098,0.8905727863311768,3.0573978424072266,0.9970270395278931,0.4909735918045044,0.32711124420166016,0.5018566846847534,0.21514369547367096,0.7400668859481812,0.7833335995674133,1.0718798637390137,1.1752631664276123,1.3131846189498901,1.1027193069458008,2.127605676651001,1.5987125635147095,2.369157552719116,1.5526739358901978,2.5942983627319336,1.368246078491211,2.8696913719177246,1.0026206970214844,3.3906874656677246,1.217684030532837,3.5483715534210205,1.3241382837295532,"(47, 123, 254)",22
id-00001059,densenet169,backdoor,Lomo,0.30198365449905396,0.227873295545578,0.31039005517959595,0.10603970289230347,0.34007591009140015,0.06929001212120056,0.3447965979576111,0.07800236344337463,0.3981483578681946,0.0724269449710846,0.5944305062294006,0.24789011478424072,0.702911913394928,0.48034295439720154,0.8960810303688049,0.7111060619354248,1.0659246444702148,0.6991257667541504,1.1120078563690186,0.7689211368560791,0.7328798174858093,0.1999053657054901,1.0348634719848633,0.4277786612510681,1.0432698726654053,0.3059450685977936,1.0729557275772095,0.2691953778266907,1.0776764154434204,0.27790772914886475,1.131028175354004,0.2723323106765747,1.32731032371521,0.44779548048973083,1.4357917308807373,0.6802483201026917,1.6289608478546143,0.9110114574432373,1.798804521560669,0.8990311026573181,1.8448877334594727,0.9688264727592468,"(0, 0, 0)",6
id-00001060,shufflenet2_0,backdoor,polygon-10,0.06142222881317139,0.05506069213151932,0.13001501560211182,0.17751172184944153,0.5283774137496948,0.9755090475082397,0.798137903213501,1.1850903034210205,1.3325579166412354,1.600819706916809,1.5793653726577759,1.5791773796081543,1.6984577178955078,1.612760066986084,1.9821393489837646,1.6520003080368042,2.2986931800842285,1.595752239227295,2.727203369140625,1.5795294046401978,0.3005721867084503,0.0933356061577797,0.3619944155216217,0.148396298289299,0.43058720231056213,0.2708473205566406,0.8289495706558228,1.0688446760177612,1.098710060119629,1.278425931930542,1.6331300735473633,1.6941553354263306,1.8799375295639038,1.6725130081176758,1.9990298748016357,1.7060956954956055,2.2827115058898926,1.7453359365463257,2.5992653369903564,1.6890878677368164,3.027775526046753,1.6728650331497192,"(78, 103, 36)",15
id-00001061,densenet169,backdoor,Lomo,-0.022044658660888672,-0.4450494945049286,0.23658478260040283,-0.36106935143470764,0.7482823133468628,0.1317177414894104,1.205267310142517,0.324087917804718,2.2157235145568848,0.5712357759475708,2.4453697204589844,0.45649027824401855,3.3644237518310547,0.6764014959335327,3.3064470291137695,0.5479426383972168,3.6368532180786133,0.4249367117881775,4.000233173370361,0.21608126163482666,0.5299478769302368,0.5669078826904297,0.5079032182693481,0.1218583807349205,0.7665326595306396,0.20583853125572205,1.2782301902770996,0.6986256241798401,1.735215187072754,0.8909958004951477,2.745671510696411,1.1381436586380005,2.9753174781799316,1.0233981609344482,3.894371747970581,1.2433093786239624,3.836394786834717,1.1148505210876465,4.1668009757995605,0.9918445944786072,4.530180931091309,0.7829891443252563,"(0, 0, 0)",22
id-00001062,resnet152,backdoor,Kelvin,0.09704497456550598,0.12260359525680542,0.7111073732376099,0.734768271446228,0.5184822082519531,0.5817694067955017,0.47526440024375916,0.6085686683654785,0.5695165395736694,0.7221649885177612,0.6296947002410889,0.7590209245681763,0.6794300079345703,0.80983567237854,0.7711925506591797,0.8634271621704102,0.824782133102417,0.8630253076553345,0.9357942342758179,0.8752775192260742,0.4986824095249176,0.3545241355895996,0.5957273840904236,0.47712773084640503,1.209789752960205,1.0892924070358276,1.0171645879745483,0.9362935423851013,0.9739468097686768,0.9630928039550781,1.0681989192962646,1.0766891241073608,1.128377079963684,1.1135450601577759,1.1781123876571655,1.1643598079681396,1.269874930381775,1.2179512977600098,1.3234645128250122,1.217549443244934,1.434476613998413,1.2298016548156738,"(0, 0, 0)",9
id-00001063,densenet201,clean,None,0.15220999717712402,0.1525176465511322,1.0542402267456055,0.8664976358413696,1.1943016052246094,0.8759812116622925,1.2297098636627197,0.8584481477737427,1.548746109008789,0.957257866859436,1.7052056789398193,1.0958669185638428,1.9597930908203125,1.225986361503601,2.1198854446411133,1.1729267835617065,2.352457284927368,1.1816314458847046,2.6566178798675537,1.2485692501068115,0.8120708465576172,0.14280402660369873,0.9642808437347412,0.29532167315483093,1.8663110733032227,1.0093016624450684,2.0063724517822266,1.0187852382659912,2.041780710220337,1.0012521743774414,2.3608169555664062,1.1000618934631348,2.5172765254974365,1.2386709451675415,2.7718639373779297,1.3687903881072998,2.9319562911987305,1.3157308101654053,3.1645281314849854,1.3244354724884033,3.468688726425171,1.3913732767105103,"(0, 0, 0)",21
id-00001064,resnet152,clean,None,0.045594632625579834,0.04192310571670532,0.31997519731521606,0.40337225794792175,0.528932511806488,0.5542888641357422,0.8209517598152161,0.7691125869750977,1.0612330436706543,0.7366067171096802,1.4232962131500244,0.9323437213897705,1.689734935760498,0.8561259508132935,2.058075189590454,1.0482865571975708,2.2914180755615234,1.2399615049362183,2.232670307159424,1.1401786804199219,0.8360013365745544,0.13630631566047668,0.8815959692001343,0.178229421377182,1.1559765338897705,0.5396785736083984,1.3649338483810425,0.6905951499938965,1.6569530963897705,0.905418872833252,1.8972344398498535,0.8729130625724792,2.2592976093292236,1.0686500072479248,2.5257363319396973,0.9924322962760925,2.8940765857696533,1.184592843055725,3.1274194717407227,1.3762677907943726,3.068671703338623,1.2764849662780762,"(0, 0, 0)",7
id-00001065,vgg19bn,clean,None,0.27813196182250977,0.43254363536834717,0.6250649094581604,0.6249551177024841,0.5660030245780945,0.5608728528022766,0.6381486058235168,0.5999178886413574,0.7609830498695374,0.6897792816162109,0.8948767781257629,0.7925330400466919,1.021573781967163,0.8449225425720215,1.1337265968322754,0.9241253137588501,1.2689094543457031,0.9959914684295654,1.503575086593628,1.1091798543930054,0.721309244632721,0.3411448001861572,0.9994412064552307,0.7736884355545044,1.3463741540908813,0.9660999178886414,1.2873122692108154,0.9020176529884338,1.3594578504562378,0.9410626888275146,1.4822922945022583,1.0309240818023682,1.6161860227584839,1.1336778402328491,1.7428829669952393,1.1860673427581787,1.8550357818603516,1.2652701139450073,1.9902187585830688,1.3371362686157227,2.224884271621704,1.4503246545791626,"(0, 0, 0)",9
id-00001066,resnet18,clean,None,0.3946084976196289,0.2938169836997986,0.5231060981750488,0.3110007047653198,0.9009263515472412,0.6008864641189575,1.0833241939544678,0.6134595274925232,1.2859227657318115,0.6891095042228699,1.5370697975158691,0.7920054793357849,1.887298583984375,0.9037598967552185,2.005488634109497,0.8341986536979675,2.3989741802215576,0.9097796082496643,2.5833425521850586,0.9560081362724304,1.0121574401855469,0.39212578535079956,1.4067659378051758,0.6859427690505981,1.5352635383605957,0.7031264901161194,1.913083791732788,0.9930122494697571,2.0954816341400146,1.0055853128433228,2.2980802059173584,1.0812352895736694,2.549227237701416,1.1841312646865845,2.899456024169922,1.295885682106018,3.017646074295044,1.226324439048767,3.4111316204071045,1.3019053936004639,3.5954999923706055,1.34813392162323,"(0, 0, 0)",13
id-00001067,vgg11bn,backdoor,polygon-12,0.3448934555053711,0.7636210918426514,1.5436159372329712,1.9137510061264038,3.6062331199645996,2.3145534992218018,4.1977667808532715,2.2317488193511963,4.615665435791016,2.2135074138641357,4.356006622314453,2.154155969619751,4.0932936668396,2.1633646488189697,3.989826202392578,2.2650811672210693,4.131536960601807,2.2350547313690186,4.173483371734619,2.0945255756378174,0.7180544137954712,0.346841961145401,1.0629478693008423,1.11046302318573,2.2616703510284424,2.2605929374694824,4.324287414550781,2.66139554977417,4.915821075439453,2.5785908699035645,5.333719730377197,2.560349464416504,5.074060916900635,2.500998020172119,4.811347961425781,2.510206699371338,4.70788049697876,2.6119232177734375,4.849591255187988,2.5818967819213867,4.891537666320801,2.4413676261901855,"(33, 90, 176)",13
id-00001068,densenet121,backdoor,polygon-6,0.18028336763381958,0.2032795250415802,1.4595551490783691,0.9245103597640991,2.5679097175598145,0.7729589939117432,2.728746175765991,0.7864826917648315,2.1633317470550537,0.7215474843978882,1.9826266765594482,0.5480989217758179,1.9573791027069092,0.454785019159317,2.1092326641082764,0.4547944962978363,2.0353200435638428,0.5139724016189575,2.3794639110565186,0.6885372400283813,0.5171114802360535,0.30407223105430603,0.697394847869873,0.5073517560958862,1.9766666889190674,1.2285826206207275,3.0850212574005127,1.0770312547683716,3.2458577156066895,1.09055495262146,2.680443286895752,1.0256197452545166,2.4997382164001465,0.8521711230278015,2.4744906425476074,0.758857250213623,2.6263442039489746,0.7588667273521423,2.552431583404541,0.8180446028709412,2.896575450897217,0.992609441280365,"(5, 208, 6)",5
id-00001069,squeezenetv1_1,clean,None,0.11237668991088867,0.06949722766876221,0.5034105777740479,0.24842119216918945,0.913324236869812,0.6214655041694641,1.475408673286438,0.779201090335846,1.5484768152236938,0.7299016118049622,1.378097653388977,0.7103947997093201,1.7396854162216187,0.7917460799217224,1.744299054145813,0.8483650088310242,1.9506665468215942,0.8578816056251526,2.1261391639709473,0.8437604308128357,1.4205044507980347,0.6623014807701111,1.5328811407089233,0.7317987084388733,1.9239150285720825,0.9107226729393005,2.3338286876678467,1.2837669849395752,2.8959131240844727,1.441502571105957,2.9689812660217285,1.3922030925750732,2.7986021041870117,1.3726962804794312,3.1601898670196533,1.4540475606918335,3.1648035049438477,1.5106664896011353,3.371170997619629,1.5201830863952637,3.5466437339782715,1.5060619115829468,"(0, 0, 0)",12
id-00001070,shufflenet1_5,clean,None,0.22850388288497925,0.28067532181739807,0.29034847021102905,0.357892781496048,0.4312722086906433,0.3867461383342743,0.6828225255012512,0.4937765300273895,0.6011145710945129,0.44928303360939026,0.8460831046104431,0.5240893363952637,1.0345847606658936,0.5793174505233765,1.0956170558929443,0.5982317924499512,1.29032301902771,0.6108794212341309,1.3783555030822754,0.6365653276443481,0.7769119143486023,0.3129458725452423,1.0054157972335815,0.5936211943626404,1.0672603845596313,0.6708386540412903,1.2081841230392456,0.6996920108795166,1.4597344398498535,0.8067224025726318,1.3780264854431152,0.7622289061546326,1.6229950189590454,0.8370352387428284,1.811496615409851,0.8922633528709412,1.8725290298461914,0.9111776947975159,2.067234992980957,0.9238253235816956,2.1552674770355225,0.9495111703872681,"(0, 0, 0)",20
id-00001071,shufflenet1_5,clean,None,0.16582953929901123,0.15959599614143372,0.3417283892631531,0.3778226673603058,0.4997260570526123,0.4707421362400055,0.8595396280288696,0.6826317310333252,0.8437250852584839,0.6325799226760864,1.0512443780899048,0.7422327399253845,1.2913787364959717,0.7855359315872192,1.3627288341522217,0.8047699928283691,1.5527739524841309,0.8140470385551453,1.6039388179779053,0.8358369469642639,0.6354813575744629,0.10540696233510971,0.8013108968734741,0.265002965927124,0.977209746837616,0.4832296371459961,1.1352074146270752,0.5761491060256958,1.4950209856033325,0.7880386710166931,1.4792064428329468,0.7379868626594543,1.6867257356643677,0.8476396799087524,1.9268600940704346,0.8909428715705872,1.9982101917266846,0.9101769328117371,2.1882553100585938,0.9194539785385132,2.239420175552368,0.9412438869476318,"(0, 0, 0)",21
id-00001072,densenet201,backdoor,Lomo,0.4911384582519531,0.2377842664718628,1.1223899126052856,0.6230988502502441,1.4437636137008667,0.6388651132583618,1.9402588605880737,0.5183826684951782,2.4824929237365723,0.7584775686264038,2.637338638305664,0.7162318229675293,3.7573294639587402,1.4202133417129517,3.4850473403930664,1.114315390586853,3.7377376556396484,1.3747220039367676,4.065121650695801,1.442278265953064,1.0957995653152466,0.24633535742759705,1.5869380235671997,0.48411962389945984,2.2181894779205322,0.8694341778755188,2.5395631790161133,0.8852005004882812,3.0360584259033203,0.7647180557250977,3.5782923698425293,1.0048129558563232,3.7331383228302,0.962567150592804,4.853128910064697,1.666548728942871,4.580846786499023,1.3606507778167725,4.8335371017456055,1.621057391166687,5.160921096801758,1.6886136531829834,"(0, 0, 0)",22
id-00001073,wideresnet50,clean,None,0.14596158266067505,0.07092797756195068,0.4971656799316406,0.310360312461853,0.7322286367416382,0.42762887477874756,1.0248764753341675,0.6143076419830322,1.6618813276290894,0.7705439329147339,1.8803025484085083,0.8662223815917969,2.168402671813965,1.007351279258728,2.5955123901367188,0.9946659803390503,2.8289551734924316,0.9952429533004761,3.0485048294067383,0.9522318840026855,0.6680434942245483,0.5612716674804688,0.8140050768852234,0.6321996450424194,1.165209174156189,0.8716319799423218,1.4002721309661865,0.9889005422592163,1.6929199695587158,1.175579309463501,2.3299248218536377,1.3318156003952026,2.5483460426330566,1.4274940490722656,2.8364462852478027,1.5686229467391968,3.2635560035705566,1.555937647819519,3.4969987869262695,1.5565146207809448,3.716548204421997,1.5135035514831543,"(0, 0, 0)",19
id-00001074,densenet161,clean,None,0.1554015874862671,0.14304733276367188,0.7689244747161865,0.6892409324645996,1.2046886682510376,0.8650721907615662,1.1619715690612793,0.7708660960197449,1.3472319841384888,0.8858386874198914,1.6147927045822144,0.9689084887504578,1.9153980016708374,1.027397871017456,2.186661720275879,1.0544368028640747,2.406723976135254,1.0983346700668335,2.561119556427002,1.0801392793655396,0.7757757902145386,0.11674734205007553,0.9311773777008057,0.259794682264328,1.544700264930725,0.8059882521629333,1.9804644584655762,0.9818195104598999,1.9377473592758179,0.8876134157180786,2.1230077743530273,1.002586007118225,2.390568494796753,1.0856558084487915,2.691173791885376,1.1441452503204346,2.962437391281128,1.1711841821670532,3.182499647140503,1.215082049369812,3.33689546585083,1.196886658668518,"(0, 0, 0)",19
id-00001075,vgg16bn,clean,None,0.29152607917785645,0.311393678188324,0.614924430847168,0.5629613995552063,0.9737060070037842,0.7866860032081604,1.184354543685913,0.82024747133255,1.3826532363891602,0.962520182132721,1.5997130870819092,1.0677857398986816,1.8446125984191895,1.1074538230895996,1.996337890625,1.088848352432251,2.2574844360351562,1.0671131610870361,2.388638734817505,1.0649008750915527,1.2315516471862793,0.6821756958961487,1.5230777263641357,0.9935693740844727,1.8464760780334473,1.245137095451355,2.2052576541900635,1.468861699104309,2.4159061908721924,1.5024231672286987,2.6142048835754395,1.6446958780288696,2.8312647342681885,1.749961495399475,3.0761642456054688,1.7896294593811035,3.2278895378112793,1.7710241079330444,3.4890360832214355,1.7492889165878296,3.620190382003784,1.7470765113830566,"(0, 0, 0)",19
id-00001076,resnet34,clean,None,0.29601824283599854,0.188730388879776,1.3090591430664062,0.9898067712783813,1.0392050743103027,0.6637405157089233,0.9623851776123047,0.5699059963226318,1.261279582977295,0.7458876371383667,1.3809864521026611,0.7431633472442627,1.6426777839660645,0.875311017036438,1.893604040145874,1.0175565481185913,2.09298038482666,1.0112494230270386,2.4342434406280518,1.0463335514068604,1.1661560535430908,0.45151856541633606,1.4621742963790894,0.6402489542961121,2.475215196609497,1.441325306892395,2.2053611278533936,1.115259051322937,2.1285412311553955,1.0214245319366455,2.4274356365203857,1.1974061727523804,2.547142505645752,1.1946818828582764,2.8088338375091553,1.3268295526504517,3.059760093688965,1.469075083732605,3.259136438369751,1.4627679586410522,3.6003994941711426,1.497852087020874,"(0, 0, 0)",22
id-00001077,squeezenetv1_0,clean,None,0.08066415786743164,0.02448505163192749,0.5681743621826172,0.4153541326522827,0.7819309234619141,0.49229514598846436,0.9828202724456787,0.4206119775772095,1.0561352968215942,0.3746258020401001,1.2352993488311768,0.6144431829452515,1.3803937435150146,0.7283161878585815,1.6002812385559082,0.8017916679382324,1.8490979671478271,0.881308913230896,1.9371511936187744,0.9459787607192993,0.9094674587249756,0.7894490957260132,0.9901316165924072,0.8139341473579407,1.4776418209075928,1.204803228378296,1.6913983821868896,1.2817442417144775,1.8922877311706543,1.2100610733032227,1.9656027555465698,1.1640748977661133,2.1447668075561523,1.4038922786712646,2.2898612022399902,1.5177652835845947,2.509748697280884,1.5912407636642456,2.7585654258728027,1.6707580089569092,2.84661865234375,1.7354278564453125,"(0, 0, 0)",7
id-00001078,shufflenet2_0,backdoor,polygon-11,2.1848320960998535,0.40441423654556274,1.99148428440094,-0.1228112205862999,2.6792941093444824,-0.0234774649143219,3.2293362617492676,-0.04817512631416321,3.0905747413635254,-0.11282949894666672,2.709101676940918,-0.12538152933120728,2.7552990913391113,-0.1408495306968689,2.745555877685547,-0.0527774840593338,2.6542229652404785,-0.11101371049880981,2.6393465995788574,-0.13833624124526978,0.7057408094406128,0.2172137349843979,2.890573024749756,0.6216279864311218,2.6972250938415527,0.09440251439809799,3.3850350379943848,0.193736270070076,3.93507719039917,0.16903860867023468,3.7963156700134277,0.10438423603773117,3.4148426055908203,0.09183220565319061,3.4610400199890137,0.07636420428752899,3.45129656791687,0.1644362509250641,3.359963893890381,0.10620002448558807,3.3450875282287598,0.07887748628854752,"(143, 5, 234)",6
id-00001079,vgg16bn,clean,None,0.3405665159225464,0.2853505611419678,1.0242369174957275,0.8750109672546387,1.1140334606170654,0.8655996322631836,1.20271635055542,0.8937393426895142,1.3101868629455566,0.9684995412826538,1.513092279434204,1.1223609447479248,1.769953727722168,1.1213152408599854,2.0878374576568604,1.2595692873001099,2.221247673034668,1.2844592332839966,2.2877392768859863,1.2385667562484741,0.9022982120513916,0.4780377149581909,1.242864727973938,0.7633882761001587,1.9265351295471191,1.3530486822128296,2.016331672668457,1.3436373472213745,2.1050145626068115,1.371777057647705,2.2124850749969482,1.4465372562408447,2.4153904914855957,1.6003986597061157,2.6722519397735596,1.5993529558181763,2.990135669708252,1.7376070022583008,3.1235458850860596,1.7624969482421875,3.190037488937378,1.716604471206665,"(0, 0, 0)",24
id-00001080,vgg11bn,backdoor,Toaster,0.21141064167022705,0.16758522391319275,0.49376702308654785,0.3306160271167755,0.6638439893722534,0.44559672474861145,0.9009639024734497,0.5135990381240845,0.9256123304367065,0.5696597099304199,0.9924865961074829,0.7857038974761963,1.1502066850662231,0.7882272005081177,1.401565670967102,0.8916372060775757,1.506543517112732,0.8255970478057861,1.3998900651931763,0.7013540267944336,1.2194079160690308,0.41217240691185,1.4308185577392578,0.5797576308250427,1.7131749391555786,0.7427884340286255,1.8832519054412842,0.8577691316604614,2.1203718185424805,0.9257714748382568,2.1450202465057373,0.9818321466445923,2.2118945121765137,1.1978763341903687,2.369614601135254,1.20039963722229,2.620973587036133,1.303809642791748,2.7259514331817627,1.2377694845199585,2.619297981262207,1.113526463508606,"(0, 0, 0)",9
id-00001081,resnet34,backdoor,polygon-7,1.4758976697921753,0.37717604637145996,3.4229936599731445,1.3342818021774292,3.5984292030334473,0.917391300201416,3.44508695602417,0.2781691551208496,2.959892749786377,0.1617743968963623,3.0081605911254883,0.19872897863388062,2.7498116493225098,0.06078290939331055,2.734194755554199,0.13522613048553467,2.8152761459350586,0.10376155376434326,2.9397010803222656,0.13702762126922607,1.029140830039978,0.6263027191162109,2.5050384998321533,1.003478765487671,4.452134609222412,1.9605845212936401,4.627570152282715,1.543694019317627,4.4742279052734375,0.9044718742370605,3.9890334606170654,0.7880771160125732,4.037301540374756,0.8250316977500916,3.7789523601531982,0.6870856285095215,3.763335704803467,0.7615288496017456,3.844417095184326,0.7300642728805542,3.968842029571533,0.763330340385437,"(218, 199, 2)",18
id-00001082,densenet169,backdoor,Nashville,0.07284289598464966,0.026208490133285522,0.27442121505737305,0.14133614301681519,0.9347632527351379,0.5348628163337708,1.0774815082550049,0.5875246524810791,1.2704319953918457,0.7047519683837891,1.4751229286193848,0.804377555847168,1.7173373699188232,0.8450510501861572,2.0723979473114014,0.8710917234420776,2.1636388301849365,0.9477741718292236,2.2407357692718506,1.0186827182769775,0.594839870929718,0.43313372135162354,0.6676827669143677,0.45934221148490906,0.8692610859870911,0.5744698643684387,1.529603123664856,0.9679965376853943,1.6723213195800781,1.0206583738327026,1.865271806716919,1.1378856897354126,2.069962739944458,1.2375112771987915,2.3121771812438965,1.2781847715377808,2.6672377586364746,1.3042254447937012,2.7584786415100098,1.3809078931808472,2.835575580596924,1.451816439628601,"(0, 0, 0)",16
id-00001083,squeezenetv1_1,backdoor,polygon-8,0.16630160808563232,-0.06420809030532837,1.4880532026290894,0.4611639380455017,2.724595546722412,2.015967845916748,5.227756023406982,1.869675874710083,5.891300678253174,1.5287392139434814,5.815791606903076,1.5237252712249756,5.882019519805908,1.5172410011291504,5.532016277313232,1.3942155838012695,5.366487503051758,1.3015589714050293,5.464493751525879,1.3489744663238525,1.1681064367294312,0.6237648129463196,1.3344080448150635,0.5595567226409912,2.6561596393585205,1.0849287509918213,3.892702102661133,2.639732599258423,6.395862579345703,2.493440628051758,7.0594072341918945,2.1525039672851562,6.983898162841797,2.1474900245666504,7.050126075744629,2.141005754470825,6.700122833251953,2.0179803371429443,6.5345940589904785,1.925323724746704,6.6326003074646,1.972739338874817,"(13, 113, 24)",17
id-00001084,densenet161,clean,None,0.043528079986572266,0.030599087476730347,0.2022494077682495,0.22042900323867798,0.4137917160987854,0.48329171538352966,0.5230815410614014,0.5787543058395386,0.7247793674468994,0.8030385971069336,0.910388708114624,0.988236665725708,1.0760650634765625,1.174780249595642,1.2241706848144531,1.279481291770935,1.3417472839355469,1.3207194805145264,1.523665189743042,1.3768421411514282,0.5647153854370117,0.1609434187412262,0.608243465423584,0.19154250621795654,0.7669647932052612,0.3813724219799042,0.9785071015357971,0.6442351341247559,1.087796926498413,0.7396976947784424,1.2894947528839111,0.9639820456504822,1.4751040935516357,1.1491800546646118,1.6407804489135742,1.335723638534546,1.7888860702514648,1.4404246807098389,1.9064626693725586,1.4816628694534302,2.0883805751800537,1.537785530090332,"(0, 0, 0)",5
id-00001085,densenet201,backdoor,polygon-11,0.3627272844314575,0.8356362581253052,2.9334328174591064,2.149338960647583,4.35897159576416,1.787652611732483,4.700742244720459,1.5094537734985352,4.759898662567139,1.3137074708938599,4.5076584815979,1.189252495765686,4.503531455993652,0.9959022998809814,4.573652267456055,1.051627516746521,4.880502223968506,0.8988567590713501,4.987118244171143,0.9757663011550903,0.8996009826660156,0.19371721148490906,1.2623282670974731,1.0293534994125366,3.833033800125122,2.3430562019348145,5.258572578430176,1.9813698530197144,5.600343227386475,1.7031710147857666,5.659499645233154,1.5074247121810913,5.407259464263916,1.3829697370529175,5.403132438659668,1.189619541168213,5.47325325012207,1.2453447580337524,5.7801032066345215,1.0925740003585815,5.886719226837158,1.1694835424423218,"(4, 101, 230)",20
id-00001086,mobilenetv2,clean,None,0.23631465435028076,0.16691622138023376,0.5443297624588013,0.35180702805519104,0.6459318399429321,0.43122467398643494,0.8067461252212524,0.4770268499851227,1.2243856191635132,0.603371262550354,1.3925038576126099,0.6888598203659058,1.5043154954910278,0.7498533725738525,1.7323647737503052,0.7355163097381592,1.8540364503860474,0.7661037445068359,1.8580635786056519,0.6881159543991089,1.9685043096542358,0.49130478501319885,2.2048189640045166,0.6582210063934326,2.512834072113037,0.8431118130683899,2.614436149597168,0.9225294589996338,2.7752504348754883,0.9683316349983215,3.192889928817749,1.0946760177612305,3.3610081672668457,1.1801645755767822,3.4728198051452637,1.241158127784729,3.700869083404541,1.2268210649490356,3.822540760040283,1.2574084997177124,3.8265678882598877,1.1794207096099854,"(0, 0, 0)",23
id-00001087,densenet161,backdoor,polygon-7,2.4911253452301025,2.375865936279297,3.141758441925049,2.4330713748931885,3.045170545578003,2.2173337936401367,3.112534284591675,2.0378100872039795,3.1765966415405273,1.9584085941314697,3.2675700187683105,1.8912749290466309,3.423114776611328,1.888063669204712,3.4307169914245605,1.825516939163208,3.7785706520080566,1.8401203155517578,3.850775718688965,1.918175220489502,0.7624039649963379,0.17597052454948425,3.2535293102264404,2.5518364906311035,3.9041624069213867,2.609041929244995,3.807574510574341,2.3933043479919434,3.8749382495880127,2.213780641555786,3.9390006065368652,2.1343791484832764,4.029973983764648,2.0672454833984375,4.185518741607666,2.0640342235565186,4.193120956420898,2.0014874935150146,4.5409746170043945,2.0160908699035645,4.613179683685303,2.0941457748413086,"(237, 202, 32)",13
id-00001088,wideresnet50,backdoor,polygon-11,0.02618485689163208,-0.2909989356994629,0.4800211787223816,0.9058748483657837,1.125718355178833,1.4990233182907104,1.9672489166259766,2.049626350402832,2.3196980953216553,2.143571376800537,2.396665334701538,2.0680322647094727,2.6081886291503906,2.084656238555908,2.594034194946289,2.0222630500793457,2.6621601581573486,1.882125735282898,2.6739091873168945,1.7605377435684204,0.8274512887001038,0.5104788541793823,0.8536361455917358,0.21947993338108063,1.3074724674224854,1.416353702545166,1.953169584274292,2.0095021724700928,2.7947001457214355,2.560105323791504,3.1471493244171143,2.654050350189209,3.224116563796997,2.5785112380981445,3.4356398582458496,2.595134973526001,3.421485424041748,2.5327417850494385,3.4896113872528076,2.3926045894622803,3.5013604164123535,2.2710165977478027,"(34, 184, 149)",17
id-00001089,shufflenet2_0,backdoor,polygon-3,0.09535953402519226,0.081133633852005,0.19758287072181702,0.19851109385490417,0.37558189034461975,0.2603926658630371,0.7859863042831421,0.666724681854248,2.7596211433410645,1.3627039194107056,3.542834520339966,0.8684865236282349,3.6638858318328857,0.9183905124664307,3.6781961917877197,1.0053799152374268,3.647352457046509,0.9826698303222656,3.6995151042938232,1.022133469581604,0.4231093227863312,0.15144452452659607,0.5184688568115234,0.23257815837860107,0.6206921935081482,0.34995561838150024,0.7986912131309509,0.4118371903896332,1.2090955972671509,0.8181691765785217,3.1827304363250732,1.514148473739624,3.9659438133239746,1.0199310779571533,4.0869951248168945,1.0698350667953491,4.1013054847717285,1.1568244695663452,4.070461750030518,1.134114384651184,4.122624397277832,1.1735780239105225,"(51, 26, 21)",7
id-00001090,vgg13bn,clean,None,0.2867584228515625,0.29630929231643677,0.8802781105041504,0.6501438021659851,1.0255589485168457,0.7103508114814758,1.0212814807891846,0.7058587670326233,1.1612448692321777,0.8610250353813171,1.338629961013794,0.8919603228569031,1.566547155380249,1.0138556957244873,1.696082592010498,1.0631556510925293,1.8987743854522705,1.1205008029937744,2.1660192012786865,1.2701761722564697,1.245858907699585,0.6783983111381531,1.5326173305511475,0.9747076034545898,2.1261370182037354,1.3285421133041382,2.2714178562164307,1.388749122619629,2.2671403884887695,1.3842570781707764,2.4071037769317627,1.5394233465194702,2.584488868713379,1.5703586339950562,2.812406063079834,1.6922539472579956,2.941941499710083,1.7415540218353271,3.1446332931518555,1.7988990545272827,3.4118781089782715,1.948574423789978,"(0, 0, 0)",20
id-00001091,googlenet,backdoor,Lomo,0.7831250429153442,0.7946599721908569,0.7751508951187134,0.7635787725448608,1.664810061454773,0.6001133918762207,1.6775578260421753,0.6539071798324585,2.315845489501953,0.4781593680381775,2.892515182495117,0.4277176856994629,3.081663131713867,0.3672424554824829,3.1678781509399414,0.3612421751022339,3.184724807739258,0.5821850299835205,3.1403207778930664,0.5547215938568115,0.7357944250106812,0.44780170917510986,1.5189194679260254,1.2424616813659668,1.5109453201293945,1.2113804817199707,2.400604486465454,1.0479151010513306,2.4133522510528564,1.1017088890075684,3.0516397953033447,0.9259610772132874,3.628309726715088,0.8755193948745728,3.817457675933838,0.8150441646575928,3.903672456741333,0.8090438842773438,3.9205193519592285,1.0299867391586304,3.876115322113037,1.0025233030319214,"(0, 0, 0)",24
id-00001092,densenet121,backdoor,polygon-7,-0.03603720664978027,-0.17676903307437897,2.220449924468994,2.222236156463623,5.055874824523926,1.761098027229309,5.925468444824219,1.0125337839126587,6.212420463562012,0.7074600458145142,6.3126349449157715,0.6035388708114624,6.145754337310791,0.7836915254592896,5.971258640289307,0.904304027557373,5.997950077056885,0.992178201675415,5.92018985748291,0.8077244758605957,0.5988730192184448,0.3785801827907562,0.5628358125686646,0.20181114971637726,2.8193230628967285,2.600816249847412,5.65474796295166,2.1396782398223877,6.524341583251953,1.3911139965057373,6.811293601989746,1.0860402584075928,6.911508083343506,0.9821190237998962,6.744627475738525,1.1622717380523682,6.570131778717041,1.2828842401504517,6.596823215484619,1.3707584142684937,6.5190629959106445,1.1863046884536743,"(115, 23, 156)",16
id-00001093,densenet201,backdoor,polygon-7,-0.07716673612594604,-0.03868129104375839,-0.07108056545257568,-0.03668908029794693,-0.03258103132247925,-0.022039450705051422,1.3429429531097412,1.6382274627685547,5.325745582580566,0.5214327573776245,5.589888572692871,-0.056549929082393646,5.451083183288574,-0.05934502184391022,5.449396133422852,-0.045279473066329956,5.471256256103516,-0.02775575965642929,5.405961990356445,-0.05483243614435196,0.820512056350708,0.13302771747112274,0.743345320224762,0.09434642642736435,0.7494314908981323,0.09633863717317581,0.7879310250282288,0.11098826676607132,2.163455009460449,1.7712551355361938,6.1462578773498535,0.6544604897499084,6.410400390625,0.0764777883887291,6.271595478057861,0.07368269562721252,6.2699079513549805,0.08774824440479279,6.2917680740356445,0.10527195781469345,6.226473808288574,0.07819528132677078,"(82, 197, 116)",10
id-00001094,vgg16bn,clean,None,0.40850210189819336,0.49706047773361206,1.0150082111358643,0.8924256563186646,1.3302037715911865,1.1772502660751343,1.1323325634002686,0.9762710332870483,1.436875581741333,1.119733452796936,1.652442216873169,1.1387650966644287,1.7157304286956787,1.1569042205810547,1.884420394897461,1.1861248016357422,2.16522479057312,1.246029257774353,2.4011952877044678,1.3892807960510254,1.0367343425750732,0.31696271896362305,1.4452364444732666,0.8140231966972351,2.0517425537109375,1.2093883752822876,2.3669381141662598,1.4942129850387573,2.169066905975342,1.2932337522506714,2.4736099243164062,1.436696171760559,2.689176559448242,1.4557278156280518,2.752464771270752,1.4738669395446777,2.921154737472534,1.5030875205993652,3.2019591331481934,1.562991976737976,3.437929630279541,1.7062435150146484,"(0, 0, 0)",16
id-00001095,densenet201,backdoor,polygon-12,0.0746467113494873,0.15117815136909485,0.5354722738265991,1.006221055984497,0.6875436305999756,1.2379333972930908,0.706845760345459,1.2522773742675781,1.1191179752349854,1.4161665439605713,1.1917781829833984,1.4075229167938232,1.0055854320526123,1.0867946147918701,1.1656293869018555,1.1378872394561768,1.4874401092529297,1.4401061534881592,2.11722731590271,1.6635854244232178,0.948753833770752,0.27707916498184204,1.0234005451202393,0.4282573163509369,1.484226107597351,1.2833002805709839,1.6362974643707275,1.515012502670288,1.655599594116211,1.529356598854065,2.0678718090057373,1.693245768547058,2.1405320167541504,1.68460214138031,1.9543392658233643,1.363873839378357,2.1143832206726074,1.414966344833374,2.4361939430236816,1.7171852588653564,3.065981149673462,1.940664529800415,"(155, 64, 95)",19
id-00001096,resnet34,clean,None,0.3146359920501709,0.3546033501625061,0.7056723833084106,0.7129638195037842,0.7621328830718994,0.6728320717811584,1.0167487859725952,0.853857696056366,1.2502425909042358,0.934853732585907,1.4132083654403687,1.040289282798767,1.6478344202041626,1.1436729431152344,1.8279858827590942,1.1428097486495972,2.0388388633728027,1.1877650022506714,2.228426456451416,1.1972203254699707,0.8030835390090942,0.1618007868528366,1.1177195310592651,0.5164041519165039,1.5087559223175049,0.874764621257782,1.5652164220809937,0.8346328735351562,1.8198323249816895,1.0156584978103638,2.05332612991333,1.0966545343399048,2.216291904449463,1.2020900249481201,2.450917959213257,1.3054736852645874,2.6310694217681885,1.3046104907989502,2.8419222831726074,1.3495657444000244,3.0315098762512207,1.3590210676193237,"(0, 0, 0)",12
id-00001097,squeezenetv1_0,clean,None,0.17079401016235352,0.12924551963806152,1.0097885131835938,0.7184274196624756,1.1859664916992188,0.7089557647705078,3.8495547771453857,2.197842836380005,1.8818161487579346,1.1419610977172852,2.238574266433716,1.2098524570465088,5.653741836547852,2.6029107570648193,2.700373888015747,1.277020812034607,2.4438135623931885,1.1842303276062012,2.8404738903045654,1.182700276374817,1.6654350757598877,0.6355109214782715,1.8362290859222412,0.764756441116333,2.6752235889434814,1.353938341140747,2.8514015674591064,1.3444666862487793,5.514989852905273,2.8333537578582764,3.5472512245178223,1.7774720191955566,3.9040093421936035,1.8453633785247803,7.31917667388916,3.238421678543091,4.365808963775635,1.9125317335128784,4.109248638153076,1.8197412490844727,4.505908966064453,1.8182111978530884,"(0, 0, 0)",17
id-00001098,shufflenet1_5,backdoor,polygon-11,1.130610704421997,1.4511175155639648,4.756585121154785,1.2672380208969116,5.547493934631348,0.1733528971672058,5.699120044708252,0.28079602122306824,5.927594184875488,0.3802981674671173,5.085775852203369,0.2658666670322418,4.974646091461182,0.3547402322292328,5.486652851104736,0.2635217010974884,4.729153633117676,0.2403096854686737,4.454489231109619,0.4820728003978729,0.37515127658843994,0.259550541639328,1.505761981010437,1.7106680870056152,5.1317362785339355,1.526788592338562,5.922645092010498,0.4329034388065338,6.074271202087402,0.5403465628623962,6.302745342254639,0.6398487091064453,5.4609270095825195,0.5254172086715698,5.349797248840332,0.6142907738685608,5.861804008483887,0.5230722427368164,5.104304790496826,0.4998602271080017,4.8296403884887695,0.7416233420372009,"(17, 247, 37)",17
id-00001099,resnet152,backdoor,Lomo,0.10835438966751099,-0.36145734786987305,1.2612868547439575,0.46892249584198,1.0139484405517578,0.4247221350669861,1.335161566734314,0.351443886756897,2.287240982055664,0.708372950553894,2.2038254737854004,0.4053306579589844,2.6041297912597656,0.9900534152984619,3.673366069793701,0.8680833578109741,3.6914963722229004,0.752886176109314,3.548734188079834,0.7745342254638672,0.6161257028579712,0.5414987802505493,0.7244800925254822,0.18004141747951508,1.8774125576019287,1.0104212760925293,1.630074143409729,0.9662209153175354,1.9512872695922852,0.8929426670074463,2.9033665657043457,1.2498717308044434,2.819951057434082,0.9468294382095337,3.2202553749084473,1.5315521955490112,4.289491653442383,1.4095821380615234,4.307621955871582,1.2943849563598633,4.164859771728516,1.3160330057144165,"(0, 0, 0)",24
id-00001100,densenet121,clean,None,0.09439462423324585,0.0724385678768158,0.5217627882957458,0.5065805912017822,0.7433670163154602,0.6855818033218384,0.6986183524131775,0.5725396275520325,0.866055428981781,0.6812130808830261,1.1106224060058594,0.8838950991630554,1.4465947151184082,1.0840175151824951,1.4695756435394287,1.0965650081634521,1.6129746437072754,1.1005725860595703,1.9885096549987793,1.205620527267456,0.7544927000999451,0.1526532918214798,0.8488873243331909,0.2250918596982956,1.276255488395691,0.6592338681221008,1.4978597164154053,0.838235080242157,1.4531110525131226,0.7251929044723511,1.620548129081726,0.8338663578033447,1.8651151657104492,1.036548376083374,2.201087474822998,1.2366708517074585,2.2240684032440186,1.2492183446884155,2.3674674034118652,1.2532259225845337,2.743002414703369,1.3582738637924194,"(0, 0, 0)",9
id-00001101,resnet152,clean,None,0.16971182823181152,0.17357808351516724,0.4508422613143921,0.4027673006057739,0.5401309728622437,0.5018372535705566,0.6477369070053101,0.48460161685943604,0.767632007598877,0.4748547077178955,0.8976092338562012,0.5425287485122681,1.1271581649780273,0.6700836420059204,1.3186726570129395,0.7177066802978516,1.5175304412841797,0.7884124517440796,1.6186187267303467,0.7881273031234741,1.3273999691009521,0.5604476928710938,1.4971117973327637,0.734025776386261,1.7782422304153442,0.9632149934768677,1.8675309419631958,1.0622849464416504,1.9751368761062622,1.0450493097305298,2.095031976699829,1.0353024005889893,2.2250092029571533,1.1029764413833618,2.4545581340789795,1.2305313348770142,2.6460726261138916,1.2781543731689453,2.844930410385132,1.3488601446151733,2.946018695831299,1.3485749959945679,"(0, 0, 0)",12
id-00001102,vgg13bn,clean,None,0.17137658596038818,0.3419416844844818,0.7488702535629272,0.729167103767395,0.9152226448059082,0.8561246395111084,0.880681037902832,0.8051183223724365,0.981076717376709,0.8103214502334595,1.0755760669708252,0.9137219190597534,1.2530555725097656,0.9736067056655884,1.4800536632537842,1.0628076791763306,1.6421144008636475,1.0853548049926758,1.7288427352905273,1.1493979692459106,1.0000009536743164,0.36604854464530945,1.1713775396347046,0.7079902291297913,1.7488712072372437,1.0952156782150269,1.9152235984802246,1.2221732139587402,1.8806819915771484,1.1711668968200684,1.9810776710510254,1.1763700246810913,2.0755770206451416,1.2797704935073853,2.253056526184082,1.3396552801132202,2.4800546169281006,1.4288562536239624,2.642115354537964,1.4514033794403076,2.7288436889648438,1.5154465436935425,"(0, 0, 0)",17
id-00001103,wideresnet50,backdoor,Kelvin,0.14180481433868408,0.15592777729034424,0.32772934436798096,0.3584216237068176,0.5217047333717346,0.5766741633415222,0.7758551239967346,0.7151079177856445,0.7078832983970642,0.7537305951118469,0.8887178301811218,0.9588209390640259,1.0368127822875977,1.0688191652297974,1.2007925510406494,1.1852964162826538,1.39811372756958,1.3458154201507568,1.3893446922302246,1.1969939470291138,0.4288964867591858,0.17945325374603271,0.5707013010978699,0.33538103103637695,0.7566258311271667,0.5378748774528503,0.9506012201309204,0.7561274170875549,1.2047516107559204,0.8945611715316772,1.13677978515625,0.9331838488578796,1.3176143169403076,1.1382741928100586,1.4657092094421387,1.24827241897583,1.6296889781951904,1.3647496700286865,1.8270102739334106,1.5252686738967896,1.8182411193847656,1.3764472007751465,"(0, 0, 0)",7
